window_index,window_score,successor_score,successor_median_score,successor_dispersion,manifold_uncertainty_score,manifold_z,uncertainty_confidence,local_score,successor_z,local_z,context_distance,context_ratio,context_ood
0,1.0099355,1.049991,0.91212106,0.77887076,0.0,0.0,1.0,46.854977,0.9853173,0.52331036,0.122146636,1.0713859,1.0
1,1.2364252,1.0785404,1.0624359,0.75451964,0.0,0.0,1.0,46.854977,1.1251192,0.52331036,0.14623265,1.2826518,1.0
2,1.2354172,1.1010648,0.9200456,0.8480029,0.0,0.0,1.0,46.854977,1.2354172,0.52331036,0.09036473,0.79261696,0.0
3,1.3966095,1.1275765,0.91453457,0.7583036,0.0,0.0,1.0,44.59996,1.3652407,0.4196695,0.12149247,1.065648,1.0
4,1.5221881,1.1347622,0.978699,0.74485415,0.0,0.0,1.0,42.97387,1.4004278,0.3449341,0.1423293,1.2484143,1.0
5,1.3593847,1.1081489,1.024886,0.7660041,0.0,0.0,1.0,46.837635,1.2701072,0.5225134,0.13690457,1.2008322,1.0
6,1.3626244,1.1226357,1.1229509,0.7455595,0.0,0.0,1.0,46.837635,1.3410466,0.5225134,0.11924928,1.0459722,1.0
7,1.2249075,1.0873233,1.0071902,0.8254975,0.0,0.0,1.0,42.97387,1.1681274,0.3449341,0.12984146,1.1388795,1.0
8,2.63149,1.3835729,1.3082854,0.74565125,0.0,0.0,1.0,43.77526,2.6188138,0.3817662,0.11558481,1.0138301,1.0
9,0.72830975,0.9975066,1.1285433,0.83892244,0.0,0.0,1.0,43.77526,0.72830975,0.3817662,0.105373725,0.9242655,0.0
10,0.85444784,1.0232657,1.1408367,0.9255184,0.0,0.0,1.0,45.084927,0.85444784,0.44195864,0.07968996,0.6989852,0.0
11,1.7232379,1.2006843,1.1815636,0.6441432,0.0,0.0,1.0,40.18099,1.7232379,0.2165729,0.098978534,0.86817133,0.0
12,1.8743277,1.2315389,1.1571709,0.7825782,0.0,0.0,1.0,35.371605,1.8743277,0.0,0.10327373,0.90584576,0.0
13,1.1672617,1.0871465,1.0461804,0.93971586,0.0,0.0,1.0,35.016693,1.1672617,0.0,0.11346754,0.9952588,0.0
14,1.7235607,1.1974431,1.1254171,0.7752935,0.0,0.0,1.0,34.668125,1.7073663,0.0,0.11709768,1.0271,1.0
15,2.3512397,1.3289307,1.1797963,0.8951868,0.0,0.0,1.0,34.668125,2.3512397,0.0,0.10815228,0.94863707,0.0
16,1.6785725,1.1886004,1.0706363,0.76117754,0.0,0.0,1.0,33.187637,1.664065,0.0,0.11684789,1.0249089,1.0
17,1.3097763,1.0889114,1.0975099,0.77897286,0.0,0.0,1.0,31.929003,1.1759042,0.0,0.15109201,1.3252747,1.0
18,1.6748316,1.1907991,1.1220641,0.96621454,0.0,0.0,1.0,29.6673,1.6748316,0.0,0.09519125,0.8349518,0.0
19,2.0067365,1.2360858,1.1152276,0.7892272,0.0,0.0,1.0,29.514603,1.8965931,0.0,0.13292506,1.1659268,1.0
20,2.3564181,1.3299882,1.1850318,0.8657538,0.0,0.0,1.0,29.6673,2.3564181,0.0,0.11286817,0.99000156,0.0
21,1.9365647,1.2442485,1.3417149,0.4796165,0.0,0.0,1.0,16.654951,1.9365647,0.0,0.09198454,0.8068248,0.0
22,2.1567867,1.2892208,1.6151705,0.6757207,0.0,0.0,1.0,0.8450787,2.1567867,0.0,0.089165404,0.78209734,0.0
23,0.0,0.6993509,0.95071024,0.6976608,0.0,0.0,1.0,0.87138826,0.0,0.0,0.14343669,1.2581275,1.0
24,2.3900776,1.336862,1.2889402,0.9811191,0.0,0.0,1.0,0.8716855,2.3900776,0.0,0.11358574,0.99629563,0.0
25,1.0265157,1.0405296,1.2119584,0.7643136,0.0,0.0,1.0,0.9447009,0.9389863,0.0,0.14437228,1.2663339,1.0
26,2.519421,1.3632756,1.3991815,0.6197198,0.0,0.0,1.0,0.83834803,2.519421,0.0,0.08854783,0.7766804,0.0
27,2.3477068,1.3093054,1.263981,0.648582,0.0,0.0,1.0,18.455359,2.2551377,0.0,0.12737896,1.1172801,1.0
28,1.985749,1.2542926,1.1027358,0.9113524,0.0,0.0,1.0,19.218864,1.985749,0.0,0.11047751,0.96903235,0.0
29,1.5806228,1.1715604,1.2290212,0.8402841,0.0,0.0,1.0,18.669266,1.5806228,0.0,0.1098757,0.9637537,0.0
30,0.4630871,0.9433446,1.109543,0.72534376,0.0,0.0,1.0,19.218864,0.4630871,0.0,0.10157606,0.89095503,0.0
31,2.6433434,1.3885822,1.3055856,0.7015724,0.0,0.0,1.0,19.218864,2.6433434,0.0,0.10051524,0.8816502,0.0
32,3.0543625,1.4725178,1.3689989,0.6405361,0.0,0.0,1.0,34.17437,3.0543625,0.0,0.09575298,0.8398789,0.0
33,2.6520472,1.3903596,1.3722857,0.6448327,0.0,0.0,1.0,35.628307,2.6520472,0.0073309997,0.086368464,0.7575645,0.0
34,2.715898,1.4033989,1.3195554,0.6231484,0.0,0.0,1.0,35.628307,2.715898,0.0073309997,0.1060986,0.9306236,0.0
35,1.8132629,1.2190686,1.295735,0.78956175,0.0,0.0,1.0,35.64254,1.8132629,0.007985134,0.09927567,0.8707776,0.0
36,2.7424774,1.4088267,1.249849,0.80949634,0.0,0.0,1.0,39.48026,2.7424774,0.18436727,0.11383318,0.998466,0.0
37,2.5758486,1.3747989,1.3227295,0.74353623,0.0,0.0,1.0,39.496193,2.5758486,0.1850996,0.09114145,0.7994298,0.0
38,2.1506846,1.2845956,1.2668867,0.73100626,0.0,0.0,1.0,41.409042,2.1341379,0.27301443,0.11653362,1.0221524,1.0
39,1.7852354,1.213345,1.3357667,0.79758567,0.0,0.0,1.0,41.409042,1.7852354,0.27301443,0.0959775,0.8418483,0.0
40,2.8304768,1.4066821,1.4656242,0.62910277,0.0,0.0,1.0,47.83316,2.7319756,0.5682679,0.12575251,1.1030141,1.0
41,2.1137486,1.2723876,1.3690534,0.7299773,0.0,0.0,1.0,44.50981,2.0743573,0.41552624,0.12019373,1.0542563,1.0
42,1.3957934,1.1338158,1.362927,0.74811834,0.0,0.0,1.0,51.75581,1.3957934,0.7485534,0.1100662,0.96542466,0.0
43,2.8164463,1.4239322,1.3883505,0.6459508,0.0,0.0,1.0,51.75581,2.8164463,0.7485534,0.09974591,0.8749022,0.0
44,1.5173655,1.1586424,1.269945,0.7671178,0.0,0.0,1.0,61.038334,1.5173655,1.1751796,0.10314621,0.9047273,0.0
45,1.8611181,1.2288413,1.1873269,0.68978673,0.0,0.0,1.0,63.130405,1.8611181,1.2713315,0.11113573,0.97480583,0.0
46,1.6297721,1.1815974,1.2811384,0.7068019,0.0,0.0,1.0,61.038334,1.6297721,1.1751796,0.09893237,0.8677664,0.0
47,2.551576,1.369842,1.325459,0.63818103,0.0,0.0,1.0,49.6746,2.551576,0.65290064,0.09249149,0.8112715,0.0
48,2.2874703,1.3159082,1.2229381,0.68926847,0.0,0.0,1.0,44.42915,2.2874703,0.411819,0.10469147,0.9182812,0.0
49,1.660576,1.1878879,1.1854374,0.7171353,0.0,0.0,1.0,46.186626,1.660576,0.4925929,0.097750455,0.85739946,0.0
50,2.2429729,1.306683,1.1925766,0.65610904,0.0,0.0,1.0,43.277714,2.242296,0.35889885,0.114106394,1.0008625,1.0
51,1.6856843,1.1716943,1.0303319,0.91030884,0.0,0.0,1.0,43.277714,1.5812783,0.35889885,0.1355153,1.1886466,1.0
52,1.7495205,1.2060516,1.0270313,0.9287166,0.0,0.0,1.0,46.186626,1.7495205,0.4925929,0.11090905,0.97281754,0.0
53,1.7889831,1.2141104,1.0431597,0.7419298,0.0,0.0,1.0,25.974274,1.7889831,0.0,0.100473724,0.8812861,0.0
54,1.3181181,1.1179534,1.0158345,0.6231418,0.0,0.0,1.0,26.845182,1.3181181,0.0,0.083060205,0.72854674,0.0
55,1.3285784,1.1200895,0.99294025,0.7137866,0.0,0.0,1.0,27.505692,1.3285784,0.0,0.105701804,0.92714316,0.0
56,1.3409708,1.1226202,0.9623137,0.688295,0.0,0.0,1.0,27.505692,1.3409708,0.0,0.09496059,0.8329287,0.0
57,2.099843,1.2398978,1.4405446,0.78754294,0.0,0.0,1.0,30.258314,1.9152602,0.0,0.14540094,1.2753565,1.0
58,0.7579986,1.0035695,0.99687886,0.73388517,0.0,0.0,1.0,31.508245,0.7579986,0.0,0.100527436,0.8817572,0.0
59,1.0003494,1.0530608,0.9171761,0.7319986,0.0,0.0,1.0,38.271206,1.0003494,0.128799,0.108429484,0.9510685,0.0
60,1.541719,1.1463397,0.9438788,0.8663402,0.0,0.0,1.0,38.358887,1.4571209,0.13282883,0.13291985,1.165881,1.0
61,0.96119386,1.0450647,0.9758513,0.7410706,0.0,0.0,1.0,38.271206,0.96119386,0.128799,0.102103464,0.895581,0.0
62,0.78924316,1.00995,0.87170404,0.7546209,0.0,0.0,1.0,38.271206,0.78924316,0.128799,0.105502814,0.92539775,0.0
63,1.3983206,1.1343318,1.0378908,0.66478,0.0,0.0,1.0,32.804325,1.3983206,0.0,0.09402638,0.82473445,0.0
64,1.4351218,1.1418471,1.0827982,0.63381326,0.0,0.0,1.0,30.37773,1.4351218,0.0,0.096253686,0.8442708,0.0
65,1.2746592,1.1090785,1.0302554,0.66232514,0.0,0.0,1.0,30.37773,1.2746592,0.0,0.09927107,0.8707372,0.0
66,1.9783249,1.2527765,1.109498,0.8007932,0.0,0.0,1.0,48.912777,1.9783249,0.6178872,0.094586976,0.8296516,0.0
67,2.0996993,1.2350036,1.0052571,0.9105604,0.0,0.0,1.0,48.912777,1.8912938,0.6178872,0.14990173,1.3148344,1.0
68,1.530334,1.1612908,1.1204069,0.70696443,0.0,0.0,1.0,48.912777,1.530334,0.6178872,0.09892835,0.8677311,0.0
69,1.3202809,1.1183951,0.973584,0.81871283,0.0,0.0,1.0,48.911686,1.3202809,0.6178371,0.1073398,0.94151056,0.0
70,0.629808,0.97739124,0.97831696,0.82085717,0.0,0.0,1.0,48.911686,0.629808,0.6178371,0.09770508,0.8570015,0.0
71,1.3478274,1.1240205,1.0207753,0.78050613,0.0,0.0,1.0,52.025806,1.3478274,0.7609625,0.09791514,0.858844,0.0
72,1.1870012,1.0911776,1.061124,0.77948374,0.0,0.0,1.0,48.88787,1.1870012,0.6167425,0.09300241,0.81575286,0.0
73,1.5200028,1.159181,1.1711926,0.6575614,0.0,0.0,1.0,46.67148,1.5200028,0.5148768,0.104579985,0.9173034,0.0
74,1.5681318,1.1690096,1.1389565,0.6304288,0.0,0.0,1.0,47.73525,1.5681318,0.5637678,0.097223446,0.8527769,0.0
75,1.4721916,1.1494173,1.1184801,0.66249824,0.0,0.0,1.0,47.718525,1.4721916,0.5629992,0.093672656,0.8216318,0.0
76,0.97579634,1.0480467,1.0678822,0.7403241,0.0,0.0,1.0,47.718525,0.97579634,0.5629992,0.102659464,0.90045786,0.0
77,1.8808714,1.2017825,1.0749806,0.76867676,0.0,0.0,1.0,49.20821,1.7286153,0.6314653,0.14269894,1.2516565,1.0
78,1.6168374,1.1789559,1.0194378,0.7868746,0.0,0.0,1.0,48.304256,1.6168374,0.5899195,0.10149925,0.8902813,0.0
79,1.2834265,1.1108689,1.0927314,0.6474489,0.0,0.0,1.0,52.194527,1.2834265,0.7687169,0.096870534,0.8496814,0.0
80,1.8334728,1.2231958,1.1109354,0.7266511,0.0,0.0,1.0,51.20662,1.8334728,0.7233125,0.0916495,0.8038861,0.0
81,1.8622506,1.2169131,1.0727861,0.7543845,0.0,0.0,1.0,53.91068,1.8027076,0.8475915,0.1247671,1.0943708,1.0
82,1.5067512,1.1564748,0.95180815,0.8080258,0.0,0.0,1.0,53.91068,1.5067512,0.8475915,0.07563215,0.66339296,0.0
83,1.060678,1.0653807,1.0898066,0.6760629,0.0,0.0,1.0,50.949818,1.060678,0.7115099,0.09216821,0.80843586,0.0
84,1.53722,1.162697,1.0673233,0.5863915,0.0,0.0,1.0,53.91068,1.53722,0.8475915,0.10104361,0.88628477,0.0
85,0.7439013,0.9853752,1.0417995,0.76019883,0.0,0.0,1.0,53.91068,0.66890424,0.8475915,0.15052952,1.3203409,1.0
86,1.7219282,1.18316,1.1177773,0.7344161,0.0,0.0,1.0,53.91068,1.6374239,0.8475915,0.13081874,1.1474516,1.0
87,1.2481343,1.1036618,1.1592243,0.73867416,0.0,0.0,1.0,52.194527,1.2481343,0.7687169,0.10880001,0.9543185,0.0
88,1.0364548,1.060434,1.164101,0.71494997,0.0,0.0,1.0,52.194527,1.0364548,0.7687169,0.112003244,0.9824151,0.0
89,2.8059177,1.4062829,1.5468738,0.90571976,0.0,0.0,1.0,48.470695,2.7300208,0.59756905,0.12306387,1.0794312,1.0
90,2.4986112,1.3510919,1.4468777,0.68178487,0.0,0.0,1.0,52.194527,2.4597592,0.7687169,0.119153075,1.0451285,1.0
91,2.1884744,1.2732844,1.3885264,0.71155596,0.0,0.0,1.0,52.722054,2.078749,0.79296213,0.1312019,1.1508124,1.0
92,3.7632697,1.6172862,1.7688123,0.89028627,0.0,0.0,1.0,52.825123,3.7632697,0.7976992,0.10638384,0.9331255,0.0
93,2.901386,1.441278,1.4948391,0.6939599,0.0,0.0,1.0,55.19656,2.901386,0.9066908,0.087171,0.7646038,0.0
94,3.268945,1.5163385,1.5545446,0.6599136,0.0,0.0,1.0,55.322903,3.268945,0.9124975,0.08335666,0.73114705,0.0
95,3.77668,1.6200248,1.722506,0.6660653,0.0,0.0,1.0,54.083202,3.77668,0.8555207,0.08229797,0.72186095,0.0
96,3.2989898,1.522474,1.5252098,0.7339975,0.0,0.0,1.0,48.273033,3.2989898,0.58848447,0.07968583,0.69894904,0.0
97,4.245932,1.7158524,1.8555951,0.7729577,0.0,0.0,1.0,50.890694,4.245932,0.7087925,0.09941625,0.87201065,0.0
98,3.1864834,1.4994987,1.728764,0.7629439,0.0,0.0,1.0,49.270782,3.1864834,0.6343412,0.09614156,0.84328735,0.0
99,5.1151085,1.8933499,1.9422735,0.7638696,0.0,0.0,1.0,42.66147,5.1151085,0.33057612,0.106493376,0.9340863,0.0
100,2.5477877,1.363778,2.1183915,0.8329922,0.0,0.0,1.0,38.53498,2.521881,0.14092214,0.11735427,1.0293505,1.0
101,3.9199138,1.6492751,1.939042,0.8702858,0.0,0.0,1.0,32.191635,3.9199138,0.0,0.078295775,0.68675643,0.0
102,2.707757,1.4017364,1.7910318,0.87770116,0.0,0.0,1.0,32.266224,2.707757,0.0,0.098205574,0.8613914,0.0
103,4.2891984,1.7246879,1.8474027,0.779311,0.0,0.0,1.0,25.86642,4.2891984,0.0,0.10008654,0.87789,0.0
104,4.2696037,1.7206864,1.8149482,0.8057872,0.0,0.0,1.0,20.38494,4.2696037,0.0,0.0792953,0.69552356,0.0
105,4.6849585,1.8055074,1.946817,0.8015918,0.0,0.0,1.0,18.363564,4.6849585,0.0,0.09910019,0.8692384,0.0
106,4.2949014,1.7258526,1.7774813,0.7743308,0.0,0.0,1.0,17.96438,4.2949014,0.0,0.08275733,0.7258901,0.0
107,4.0022087,1.6660808,1.8127104,0.812807,0.0,0.0,1.0,18.363564,4.0022087,0.0,0.069659226,0.61100256,0.0
108,4.524654,1.7727711,1.8076652,0.8351445,0.0,0.0,1.0,18.363564,4.524654,0.0,0.07497472,0.65762645,0.0
109,4.2663383,1.7200196,2.0386827,0.8328968,0.0,0.0,1.0,18.363564,4.2663383,0.0,0.07902182,0.6931248,0.0
110,4.913573,1.8521936,1.9066187,0.7515058,0.0,0.0,1.0,18.363564,4.913573,0.0,0.07634478,0.66964364,0.0
111,3.9317422,1.6516906,1.7817066,0.7205898,0.0,0.0,1.0,18.171328,3.9317422,0.0,0.08895568,0.78025776,0.0
112,4.151436,1.696555,1.8441225,0.72393733,0.0,0.0,1.0,18.363564,4.151436,0.0,0.06626786,0.5812559,0.0
113,3.9143794,1.6481448,1.7812437,0.68647194,0.0,0.0,1.0,9.975312,3.9143794,0.0,0.07360425,0.6456056,0.0
114,3.3237944,1.5162737,1.7135726,0.8213909,0.0,0.0,1.0,10.200336,3.268628,0.0,0.11950572,1.0482216,1.0
115,3.3188117,1.5265219,1.6287577,0.7717384,0.0,0.0,1.0,12.360658,3.3188117,0.0,0.08934845,0.78370285,0.0
116,3.5826616,1.555397,1.6008518,0.6881853,0.0,0.0,1.0,10.200336,3.4602084,0.0,0.12553559,1.1011114,1.0
117,2.9265797,1.4409733,1.5277009,0.7117857,0.0,0.0,1.0,12.360658,2.8998938,0.0,0.117005624,1.0262924,1.0
118,3.462855,1.5559375,1.4822,0.65177023,0.0,0.0,1.0,12.360658,3.462855,0.0,0.103963286,0.9118941,0.0
119,2.9241545,1.4459276,1.3600273,0.76699793,0.0,0.0,1.0,12.360658,2.9241545,0.0,0.11159248,0.9788121,0.0
120,3.1075046,1.4833702,1.4223015,0.8546425,0.0,0.0,1.0,15.075324,3.1075046,0.0,0.06704845,0.5881027,0.0
121,2.0865166,1.2720762,1.3232057,0.72644526,0.0,0.0,1.0,12.360658,2.0728326,0.0,0.11615845,1.0188617,1.0
122,3.2901618,1.5206712,1.4102967,0.6870246,0.0,0.0,1.0,15.855883,3.2901618,0.0,0.08179515,0.7174505,0.0
123,2.5933676,1.3783765,1.3240924,0.7185737,0.0,0.0,1.0,15.855883,2.5933676,0.0,0.0924645,0.8110347,0.0
124,2.0469625,1.2667933,1.3254535,0.7488649,0.0,0.0,1.0,18.129114,2.0469625,0.0,0.08415917,0.7381861,0.0
125,2.613978,1.3825854,1.2850119,0.7948174,0.0,0.0,1.0,18.129114,2.613978,0.0,0.098353766,0.8626913,0.0
126,2.2511227,1.3084855,1.2299993,1.0292991,0.0,0.0,1.0,32.599255,2.2511227,0.0,0.08551718,0.75009763,0.0
127,1.943938,1.2457542,1.1298856,0.7464651,0.0,0.0,1.0,34.38813,1.943938,0.0,0.068039924,0.5967992,0.0
128,2.9172177,1.444511,1.4334645,0.87728566,0.0,0.0,1.0,35.388264,2.9172177,0.0,0.10733832,0.94149756,0.0
129,0.05472214,0.7742678,0.9628943,0.7295551,0.0,0.0,1.0,36.957104,0.0,0.06840268,0.1337997,1.1735985,1.0
130,1.1519232,1.0770613,1.0013491,0.72853106,0.0,0.0,1.0,36.84065,1.117876,0.06305039,0.12392904,1.0870199,1.0
131,0.9967506,1.0523258,0.9677367,0.9347758,0.0,0.0,1.0,38.54269,0.9967506,0.14127646,0.09865775,0.8653576,0.0
132,1.828511,1.2221825,1.042634,1.0412855,0.0,0.0,1.0,35.388264,1.828511,0.0,0.109501645,0.96047276,0.0
133,1.8652346,1.2238382,1.0890883,0.9511627,0.0,0.0,1.0,35.388264,1.8366187,0.0,0.11908332,1.0445166,1.0
134,2.248566,1.3079634,1.3253943,0.72331554,0.0,0.0,1.0,36.957104,2.248566,0.06840268,0.09999231,0.87706345,0.0
135,2.029815,1.2632915,1.1569941,0.8081699,0.0,0.0,1.0,35.388264,2.029815,0.0,0.10638143,0.9331044,0.0
136,1.7717379,1.2105887,1.1287287,0.7184035,0.0,0.0,1.0,36.84065,1.7717379,0.06305039,0.08664282,0.7599709,0.0
137,0.08312043,0.8631099,0.93377054,0.8094801,0.0,0.0,1.0,37.729465,0.070190795,0.10390054,0.11050848,0.969304,0.0
138,2.1572244,1.2893102,1.1035033,0.95166093,0.0,0.0,1.0,40.510075,2.1572244,0.23169775,0.0868488,0.7617777,0.0
139,2.205142,1.2990956,1.2455165,0.71390533,0.0,0.0,1.0,41.501057,2.205142,0.27724344,0.09893622,0.8678002,0.0
140,1.6485689,1.1854359,1.2196629,0.9118476,0.0,0.0,1.0,41.222954,1.6485689,0.2644618,0.10628601,0.9322674,0.0
141,1.3423344,1.1228987,1.1561146,0.7647917,0.0,0.0,1.0,39.839424,1.3423344,0.20087455,0.08582195,0.75277084,0.0
142,1.4987888,1.1548488,1.0350622,0.7700443,0.0,0.0,1.0,39.839424,1.4987888,0.20087455,0.08756408,0.7680516,0.0
143,1.0400752,1.0611733,1.0688726,0.75127625,0.0,0.0,1.0,38.325634,1.0400752,0.13130054,0.11243819,0.9862301,0.0
144,1.118054,1.0770977,1.2586374,0.9173889,0.0,0.0,1.0,37.47785,1.118054,0.09233634,0.084067225,0.7373796,0.0
145,1.5139664,1.1486651,1.1321484,0.9345572,0.0,0.0,1.0,37.28009,1.4685081,0.08324719,0.1240914,1.088444,1.0
146,1.5544388,1.1662133,1.1372074,0.74577063,0.0,0.0,1.0,38.325634,1.5544388,0.13130054,0.09816439,0.86103016,0.0
147,1.7961679,1.203675,1.0889004,0.746499,0.0,0.0,1.0,20.863506,1.737883,0.0,0.124932595,1.0958223,1.0
148,1.7295467,1.1718863,0.99177146,0.79698116,0.0,0.0,1.0,21.342411,1.5822188,0.0,0.14433903,1.2660422,1.0
149,1.3763441,1.129844,0.90331393,0.9070578,0.0,0.0,1.0,21.342411,1.3763441,0.0,0.111766994,0.98034286,0.0
150,1.5899342,1.1734619,1.0220356,0.79590434,0.0,0.0,1.0,21.342411,1.5899342,0.0,0.10870438,0.9534797,0.0
151,0.020707311,0.8530047,0.84811467,0.77120584,0.0,0.0,1.0,22.493288,0.020707311,0.0,0.11028414,0.9673363,0.0
152,1.5534347,1.1660082,0.954279,0.88561434,0.0,0.0,1.0,22.493288,1.5534347,0.0,0.10304165,0.90381014,0.0
153,1.5008793,1.1483047,0.9396037,0.7701861,0.0,0.0,1.0,21.843134,1.4667435,0.0,0.12158901,1.0664948,1.0
154,0.67807335,0.97956187,0.97395027,0.8167912,0.0,0.0,1.0,22.544987,0.6404372,0.0,0.13315047,1.1679039,1.0
155,1.2171898,1.0973425,0.91366386,0.7906297,0.0,0.0,1.0,23.561455,1.2171898,0.0,0.10941183,0.95968497,0.0
156,0.49097762,0.9470918,0.98973316,0.8427951,0.0,0.0,1.0,23.417727,0.48143664,0.0,0.12046344,1.056622,1.0
157,0.46030965,0.9389551,1.0370588,0.8047598,0.0,0.0,1.0,24.304178,0.4415926,0.0,0.12781455,1.1211009,1.0
158,1.5585594,1.1670548,0.97535396,0.8706758,0.0,0.0,1.0,43.59259,1.5585594,0.37337062,0.098337024,0.8625444,0.0
159,1.515595,1.1582808,1.0011249,0.7748546,0.0,0.0,1.0,45.338814,1.515595,0.45362732,0.10089688,0.8849977,0.0
160,1.3818367,1.1309656,0.9398802,0.8475096,0.0,0.0,1.0,47.12893,1.3818367,0.5359013,0.09582971,0.840552,0.0
161,0.9578735,1.0443866,0.919986,0.8099014,0.0,0.0,1.0,46.141937,0.9578735,0.49053898,0.07046981,0.6181125,0.0
162,1.114789,1.065313,0.86546886,0.87200165,0.0,0.0,1.0,47.982372,1.0603465,0.57512563,0.13073273,1.1466972,1.0
163,1.3056983,1.1154171,0.92319983,0.89710855,0.0,0.0,1.0,52.636375,1.3056983,0.78902435,0.10578005,0.9278295,0.0
164,1.4366249,1.1421541,0.99311143,0.89998144,0.0,0.0,1.0,53.81219,1.4366249,0.84306496,0.09004096,0.7897771,0.0
165,1.2061417,1.0950863,0.97114307,0.694222,0.0,0.0,1.0,53.81219,1.2061417,0.84306496,0.10323702,0.9055238,0.0
166,1.2083781,1.095543,0.9587653,0.94568217,0.0,0.0,1.0,52.636375,1.2083781,0.78902435,0.08088443,0.7094623,0.0
167,1.0502038,1.0632417,0.9577021,0.86386603,0.0,0.0,1.0,52.636375,1.0502038,0.78902435,0.08764826,0.76878995,0.0
168,0.6312195,0.8747389,0.78721416,0.9408427,0.0,0.0,1.0,52.636375,0.12713605,0.78902435,0.103933856,0.91163594,0.0
169,0.7975067,1.0116376,0.9794522,0.76071584,0.0,0.0,1.0,53.81219,0.7975067,0.84306496,0.09594437,0.8415577,0.0
170,0.674452,0.9802373,1.059562,0.75030077,0.0,0.0,1.0,53.81219,0.6437447,0.84306496,0.080988884,0.7103785,0.0
171,1.1267561,1.0754043,0.9630589,0.8089089,0.0,0.0,1.0,49.296944,1.109762,0.6355435,0.11899616,1.0437521,1.0
172,2.2087135,1.299825,1.0846212,0.8946603,0.0,0.0,1.0,47.982372,2.2087135,0.57512563,0.066405036,0.5824591,0.0
173,2.1187754,1.2814584,1.1798438,0.92549765,0.0,0.0,1.0,49.98272,2.1187754,0.6670619,0.08571433,0.7518269,0.0
174,2.047712,1.2669463,1.185821,0.7497435,0.0,0.0,1.0,48.786194,2.047712,0.6120694,0.11269786,0.98850775,0.0
175,3.349444,1.5327774,1.395938,0.8060336,0.0,0.0,1.0,51.99406,3.349444,0.7595034,0.08378023,0.73486227,0.0
176,1.9900173,1.2551643,1.1781323,0.9204595,0.0,0.0,1.0,51.99406,1.9900173,0.7595034,0.1110679,0.97421086,0.0
177,2.8722289,1.4353237,1.3170952,0.9303508,0.0,0.0,1.0,55.7454,2.8722289,0.9319155,0.08122996,0.7124931,0.0
178,2.8328228,1.4084716,1.4083395,0.85330755,0.0,0.0,1.0,55.7454,2.7407384,0.9319155,0.12495233,1.0959955,1.0
179,2.7841475,1.4173363,1.41606,0.8757286,0.0,0.0,1.0,51.99406,2.7841475,0.7595034,0.09324656,0.81789434,0.0
180,3.5206642,1.567743,1.4662452,0.82510906,0.0,0.0,1.0,51.99406,3.5206642,0.7595034,0.08418892,0.73844707,0.0
181,2.742068,1.4087431,1.6875566,0.7768188,0.0,0.0,1.0,48.786194,2.742068,0.6120694,0.103827424,0.9107024,0.0
182,3.41965,1.5471145,1.6185449,0.86828953,0.0,0.0,1.0,45.90135,3.41965,0.4794815,0.085810386,0.7526694,0.0
183,2.7685347,1.414148,1.623347,0.73695487,0.0,0.0,1.0,44.367653,2.7685347,0.40899262,0.10376949,0.9101942,0.0
184,2.2320745,1.3045956,1.5977327,0.78478765,0.0,0.0,1.0,43.173023,2.2320745,0.35408726,0.075836174,0.66518253,0.0
185,3.3368447,1.5302045,1.9081814,0.87052053,0.0,0.0,1.0,43.173023,3.3368447,0.35408726,0.07133121,0.6256681,0.0
186,3.9633296,1.6581411,1.7896372,0.74132764,0.0,0.0,1.0,41.552036,3.9633296,0.27958646,0.06853687,0.6011581,0.0
187,4.5040355,1.7685605,2.2075925,0.85235494,0.0,0.0,1.0,40.425743,4.5040355,0.22782186,0.06990011,0.6131155,0.0
188,4.4827046,1.7642045,1.8667729,0.79178005,0.0,0.0,1.0,36.48348,4.4827046,0.046634793,0.06463535,0.5669366,0.0
189,4.7811933,1.8251599,1.9719219,0.8175523,0.0,0.0,1.0,34.035206,4.7811933,0.0,0.07518097,0.6594355,0.0
190,5.150478,1.9005728,2.0154474,0.7741955,0.0,0.0,1.0,36.48348,5.150478,0.046634793,0.09369045,0.82178783,0.0
191,4.9599633,1.8616672,1.8713088,0.8143347,0.0,0.0,1.0,34.035206,4.9599633,0.0,0.0697593,0.61188036,0.0
192,4.101731,1.6864046,1.937248,0.7420395,0.0,0.0,1.0,33.35322,4.101731,0.0,0.09902999,0.8686226,0.0
193,5.136458,1.8977097,2.175739,0.74220806,0.0,0.0,1.0,29.162008,5.136458,0.0,0.07081,0.6210964,0.0
194,5.0747194,1.8851019,2.1122222,0.9110481,0.0,0.0,1.0,27.291204,5.0747194,0.0,0.078671165,0.6900491,0.0
195,4.7788663,1.8246847,2.0831654,0.8647844,0.0,0.0,1.0,27.291204,4.7788663,0.0,0.07684675,0.6740466,0.0
196,4.0878057,1.6835608,1.9705305,0.8443957,0.0,0.0,1.0,27.978241,4.0878057,0.0,0.073634006,0.64586663,0.0
197,4.0549455,1.6768503,2.0227554,0.75098306,0.0,0.0,1.0,27.978241,4.0549455,0.0,0.08589616,0.7534217,0.0
198,3.3465378,1.532184,2.0717573,0.776902,0.0,0.0,1.0,22.659016,3.3465378,0.0,0.05941479,0.52114546,0.0
199,5.074183,1.8849924,2.2154882,0.91922563,0.0,0.0,1.0,22.922998,5.074183,0.0,0.08428824,0.7393182,0.0
200,3.8119414,1.6272256,1.9890784,1.0860344,0.0,0.0,1.0,23.13298,3.8119414,0.0,0.07559539,0.6630705,0.0
201,3.3423471,1.5313282,1.7588339,0.762156,0.0,0.0,1.0,19.060555,3.3423471,0.0,0.081284486,0.7129713,0.0
202,4.7127924,1.8111916,1.9184355,0.8428347,0.0,0.0,1.0,16.986107,4.7127924,0.0,0.09342212,0.8194343,0.0
203,4.8869143,1.8467495,1.8813617,0.74836016,0.0,0.0,1.0,16.500288,4.8869143,0.0,0.06696827,0.58739936,0.0
204,3.7466035,1.6138828,1.6260763,0.7819396,0.0,0.0,1.0,16.391964,3.7466035,0.0,0.06909552,0.6060582,0.0
205,4.095453,1.6851225,1.7803458,0.8409852,0.0,0.0,1.0,8.07013,4.095453,0.0,0.08018009,0.7032844,0.0
206,2.0645368,1.2703822,1.4952964,0.7361645,0.0,0.0,1.0,8.700372,2.0645368,0.0,0.08523514,0.74762374,0.0
207,2.7553787,1.4114614,1.5676666,0.6806981,0.0,0.0,1.0,7.8012657,2.7553787,0.0,0.09485977,0.83204436,0.0
208,1.4734035,1.1496648,1.4609286,0.79342437,0.0,0.0,1.0,8.700372,1.4734035,0.0,0.088707134,0.77807766,0.0
209,2.2611172,1.3105265,1.4693669,0.764118,0.0,0.0,1.0,8.700372,2.2611172,0.0,0.09981184,0.8754805,0.0
210,2.001666,1.2575431,1.3198463,0.8466221,0.0,0.0,1.0,8.07013,2.001666,0.0,0.08023278,0.7037465,0.0
211,2.5322437,1.3658942,1.3849634,0.88639754,0.0,0.0,1.0,8.985566,2.5322437,0.0,0.06836426,0.59964406,0.0
212,1.4894512,1.152942,1.3555076,0.60905695,0.0,0.0,1.0,8.985566,1.4894512,0.0,0.089759216,0.78730583,0.0
213,1.4245833,1.139695,1.242415,0.8549201,0.0,0.0,1.0,9.365456,1.4245833,0.0,0.08515018,0.74687856,0.0
214,1.7134116,1.1986777,1.2331684,0.83079743,0.0,0.0,1.0,11.047651,1.7134116,0.0,0.08416544,0.7382411,0.0
215,2.198948,1.2978307,1.2683852,0.8888846,0.0,0.0,1.0,11.047651,2.198948,0.0,0.07161236,0.62813413,0.0
216,3.0202377,1.4655491,1.2534616,0.9401279,0.0,0.0,1.0,17.111837,3.0202377,0.0,0.08217941,0.720821,0.0
217,2.4962661,1.3585471,1.2659392,0.90748024,0.0,0.0,1.0,17.497852,2.4962661,0.0,0.067073464,0.5883221,0.0
218,2.8560882,1.4320276,1.3368148,0.9324123,0.0,0.0,1.0,18.033218,2.8560882,0.0,0.08970567,0.78683615,0.0
219,2.2196786,1.3020642,1.3331664,0.781897,0.0,0.0,1.0,17.500101,2.2196786,0.0,0.08267552,0.7251725,0.0
220,1.5395257,1.1631678,1.3299017,0.71227306,0.0,0.0,1.0,17.500101,1.5395257,0.0,0.09260968,0.81230813,0.0
221,1.3546678,1.1254174,1.4208214,0.82515,0.0,0.0,1.0,17.04844,1.3546678,0.0,0.08219647,0.72097063,0.0
222,2.9890287,1.4591758,1.3829578,0.76376116,0.0,0.0,1.0,14.794692,2.9890287,0.0,0.079421625,0.6966316,0.0
223,2.1058102,1.2788107,1.3578926,0.7323621,0.0,0.0,1.0,14.794692,2.1058102,0.0,0.08955578,0.7855214,0.0
224,2.8403912,1.428822,1.3380538,0.89567167,0.0,0.0,1.0,14.794692,2.8403912,0.0,0.08730537,0.76578236,0.0
225,1.9306407,1.2430388,1.6084331,0.8049749,0.0,0.0,1.0,17.099136,1.9306407,0.0,0.06988689,0.61299956,0.0
226,1.6064041,1.1768253,1.3293762,0.71478105,0.0,0.0,1.0,14.794692,1.6064041,0.0,0.08225701,0.72150165,0.0
227,2.9227533,1.4456415,1.5213695,0.7192234,0.0,0.0,1.0,14.794692,2.9227533,0.0,0.08588434,0.7533181,0.0
228,1.6927942,1.1944673,1.2950811,0.8033373,0.0,0.0,1.0,14.794692,1.6927942,0.0,0.098852634,0.867067,0.0
229,2.022263,1.2617493,1.2828944,0.84619313,0.0,0.0,1.0,17.144596,2.022263,0.0,0.08247417,0.72340643,0.0
230,1.943987,1.2457643,1.4943093,0.80879927,0.0,0.0,1.0,18.297596,1.943987,0.0,0.08823983,0.7739788,0.0
231,3.232944,1.5089866,1.4763786,0.78491724,0.0,0.0,1.0,18.297596,3.232944,0.0,0.09365201,0.8214507,0.0
232,1.0387665,1.060906,1.0412737,0.69072914,0.0,0.0,1.0,18.297596,1.0387665,0.0,0.09549989,0.837659,0.0
233,1.0114511,1.0553279,1.1142132,0.78401995,0.0,0.0,1.0,15.457273,1.0114511,0.0,0.10134052,0.888889,0.0
234,2.2400887,1.3062322,1.2721118,0.7934592,0.0,0.0,1.0,17.415237,2.2400887,0.0,0.09808057,0.86029494,0.0
235,1.5093267,1.1570008,1.0230802,0.7654375,0.0,0.0,1.0,8.073705,1.5093267,0.0,0.07273494,0.6379806,0.0
236,1.660287,1.1878289,1.1342431,0.856888,0.0,0.0,1.0,7.961308,1.660287,0.0,0.07276138,0.63821256,0.0
237,1.1793255,1.0896101,1.0242764,0.74323595,0.0,0.0,1.0,8.073705,1.1793255,0.0,0.07557863,0.6629235,0.0
238,0.78356093,1.0087897,0.8867383,0.7298453,0.0,0.0,1.0,8.073705,0.78356093,0.0,0.06625385,0.58113295,0.0
239,1.3832271,1.1312495,1.0000948,0.8041911,0.0,0.0,1.0,7.9004965,1.3832271,0.0,0.10462039,0.9176578,0.0
240,0.7752805,1.0070987,0.8544905,0.81264544,0.0,0.0,1.0,8.277743,0.7752805,0.0,0.104064256,0.91277975,0.0
241,1.2856016,1.1113131,0.94261545,0.760405,0.0,0.0,1.0,8.277743,1.2856016,0.0,0.08658004,0.7594203,0.0
242,0.62895894,0.97721785,0.80858433,0.762686,0.0,0.0,1.0,8.282285,0.62895894,0.0,0.09278956,0.8138859,0.0
243,0.47272012,0.9453118,0.8057644,0.7765567,0.0,0.0,1.0,9.547539,0.47272012,0.0,0.113481276,0.9953793,0.0
244,1.2352247,1.1010255,0.89962626,0.8017832,0.0,0.0,1.0,10.936242,1.2352247,0.0,0.08951423,0.785157,0.0
245,0.043543845,0.8576682,0.7897763,0.7299883,0.0,0.0,1.0,10.936242,0.043543845,0.0,0.09263207,0.81250453,0.0
246,0.5966468,0.9617273,0.82510155,0.71782196,0.0,0.0,1.0,11.404174,0.55310434,0.0,0.13965134,1.224925,1.0
247,0.42290798,0.9351395,0.79809433,0.8688217,0.0,0.0,1.0,13.234519,0.42290798,0.0,0.1001777,0.8786895,0.0
248,1.2893568,1.11208,0.95760685,0.80594397,0.0,0.0,1.0,17.166092,1.2893568,0.0,0.08013166,0.7028595,0.0
249,0.7894212,1.0099864,1.0470096,0.7517156,0.0,0.0,1.0,17.912182,0.7894212,0.0,0.07946991,0.69705516,0.0
250,1.5950216,1.1745008,1.1069621,0.73159987,0.0,0.0,1.0,32.1853,1.5950216,0.0,0.08686279,0.76190037,0.0
251,1.837579,1.2240343,1.0060216,0.9533245,0.0,0.0,1.0,35.300114,1.837579,0.0,0.11166608,0.97945774,0.0
252,1.2115946,1.0961999,1.0155811,0.88517445,0.0,0.0,1.0,38.77098,1.2115946,0.15176874,0.09143557,0.8020096,0.0
253,1.4606496,1.1470603,1.0920023,0.7354309,0.0,0.0,1.0,39.90058,1.4606496,0.20368534,0.09592493,0.8413872,0.0
254,2.0920646,1.2760037,1.1622978,0.7355469,0.0,0.0,1.0,38.793007,2.0920646,0.15278105,0.08594472,0.7538477,0.0
255,2.076621,1.2728499,1.1264251,0.7402681,0.0,0.0,1.0,39.90058,2.076621,0.20368534,0.073268965,0.64266473,0.0
256,1.9987887,1.2569555,1.1301944,0.8772795,0.0,0.0,1.0,39.90058,1.9987887,0.20368534,0.100082226,0.87785214,0.0
257,2.07034,1.268845,1.0977826,0.81012726,0.0,0.0,1.0,39.90058,2.0570095,0.20368534,0.11611899,1.0185156,1.0
258,1.6928718,1.1944832,1.0079637,0.80946577,0.0,0.0,1.0,39.90058,1.6928718,0.20368534,0.08762036,0.76854527,0.0
259,2.338789,1.3263881,1.044904,0.91191584,0.0,0.0,1.0,38.793007,2.338789,0.15278105,0.10633785,0.93272215,0.0
260,1.2803081,1.1102321,1.0645901,0.8035696,0.0,0.0,1.0,38.793007,1.2803081,0.15278105,0.09384709,0.8231618,0.0
261,1.6565756,1.187071,0.987296,0.8862089,0.0,0.0,1.0,36.69303,1.6565756,0.056265872,0.08946783,0.78475,0.0
262,1.8041734,1.1875197,1.0445362,0.8529801,0.0,0.0,1.0,36.69303,1.6587727,0.056265872,0.14256077,1.2504445,1.0
263,1.2439809,1.1028136,1.1436322,0.74755824,0.0,0.0,1.0,33.458523,1.2439809,0.0,0.08879854,0.7788794,0.0
264,2.3857906,1.3359865,1.1681575,0.842569,0.0,0.0,1.0,31.728857,2.3857906,0.0,0.08808376,0.7726099,0.0
265,1.4065484,1.1360121,1.0211802,0.78084844,0.0,0.0,1.0,33.458523,1.4065484,0.0,0.08504594,0.7459642,0.0
266,1.8067442,1.2177374,1.0560864,0.86514574,0.0,0.0,1.0,33.458523,1.8067442,0.0,0.08706111,0.76363987,0.0
267,1.8589623,1.2284011,1.09629,0.7714117,0.0,0.0,1.0,34.708664,1.8589623,0.0,0.1066543,0.9354978,0.0
268,1.1566446,1.0849783,1.049503,0.8460524,0.0,0.0,1.0,17.87716,1.1566446,0.0,0.07837749,0.6874732,0.0
269,2.1940975,1.2968402,1.1403298,0.7928556,0.0,0.0,1.0,17.87716,2.1940975,0.0,0.09263018,0.8124879,0.0
270,1.9640895,1.2498695,0.99762774,1.0078593,0.0,0.0,1.0,17.852083,1.9640895,0.0,0.07795586,0.6837749,0.0
271,1.074726,1.0682495,0.86072886,0.76473624,0.0,0.0,1.0,17.852083,1.074726,0.0,0.09573176,0.83969283,0.0
272,0.8526429,1.0228971,1.0344982,0.85575354,0.0,0.0,1.0,16.149225,0.8526429,0.0,0.079607375,0.6982609,0.0
273,1.391016,1.1328402,0.9778388,0.9029297,0.0,0.0,1.0,15.409789,1.391016,0.0,0.08800533,0.77192193,0.0
274,1.3812056,1.1308367,1.0842204,0.7176633,0.0,0.0,1.0,15.947471,1.3812056,0.0,0.08027341,0.7041029,0.0
275,0.8238536,1.017018,1.1467818,0.955485,0.0,0.0,1.0,15.947471,0.8238536,0.0,0.09512948,0.8344101,0.0
276,1.3223708,1.1188219,0.97405416,0.7534409,0.0,0.0,1.0,6.376487,1.3223708,0.0,0.09644904,0.84598434,0.0
277,1.8440592,1.2253577,1.0865076,0.7762131,0.0,0.0,1.0,6.262528,1.8440592,0.0,0.08066735,0.7075582,0.0
278,0.8657702,1.0255779,0.94845563,0.7374335,0.0,0.0,1.0,6.262528,0.8657702,0.0,0.09302765,0.8159743,0.0
279,0.5725945,0.9657075,1.0291692,0.7464565,0.0,0.0,1.0,23.599117,0.5725945,0.0,0.09788444,0.8585746,0.0
280,1.8583955,1.2282853,1.0871805,0.95393264,0.0,0.0,1.0,25.162535,1.8583955,0.0,0.1075967,0.9437639,0.0
281,1.2759913,1.1093506,1.3468282,0.8819935,0.0,0.0,1.0,23.658587,1.2759913,0.0,0.06513339,0.5713051,0.0
282,1.5428175,1.16384,1.4057221,0.9521257,0.0,0.0,1.0,23.658587,1.5428175,0.0,0.098791115,0.8665274,0.0
283,2.1761537,1.2931758,1.384598,0.7429542,0.0,0.0,1.0,23.878521,2.1761537,0.0,0.08085066,0.7091661,0.0
284,2.3829823,1.335413,1.2222832,0.92439085,0.0,0.0,1.0,25.411053,2.3829823,0.0,0.09963946,0.8739685,0.0
285,1.87968,1.2326319,1.1629235,0.6253833,0.0,0.0,1.0,26.265335,1.87968,0.0,0.09556619,0.83824056,0.0
286,2.2122731,1.3005519,1.1611754,0.822524,0.0,0.0,1.0,30.26237,2.2122731,0.0,0.10068767,0.8831626,0.0
287,1.9904554,1.255226,1.2717649,0.88127595,0.0,0.0,1.0,30.26237,1.9903197,0.0,0.11403029,1.0001949,1.0
288,1.6735498,1.1905373,1.1636866,0.75633454,0.0,0.0,1.0,29.84678,1.6735498,0.0,0.103993215,0.91215664,0.0
289,2.0025644,1.2577266,1.5135738,0.85198617,0.0,0.0,1.0,29.84678,2.0025644,0.0,0.08857054,0.7768796,0.0
290,1.7634166,1.2088894,1.2469757,0.91924775,0.0,0.0,1.0,29.84678,1.7634166,0.0,0.107491925,0.94284487,0.0
291,1.8560132,1.2277988,1.2922364,0.8325658,0.0,0.0,1.0,28.774368,1.8560132,0.0,0.112674125,0.98829955,0.0
292,1.8034682,1.2170684,1.1068087,0.92275506,0.0,0.0,1.0,26.618805,1.8034682,0.0,0.09339857,0.8192277,0.0
293,1.4529033,1.1454784,1.0600623,0.9016798,0.0,0.0,1.0,26.618805,1.4529033,0.0,0.08761784,0.7685231,0.0
294,1.5564603,1.1666261,1.0139378,0.7944738,0.0,0.0,1.0,23.94809,1.5564603,0.0,0.09006731,0.79000825,0.0
295,0.9036555,1.0333146,1.1685245,0.95845526,0.0,0.0,1.0,23.94809,0.9036555,0.0,0.0825552,0.72411716,0.0
296,2.0941591,1.2764314,1.1993244,0.73873985,0.0,0.0,1.0,24.737549,2.0941591,0.0,0.09467967,0.8304646,0.0
297,1.3615736,1.1268276,0.9421566,0.80849373,0.0,0.0,1.0,13.794683,1.3615736,0.0,0.11294316,0.99065936,0.0
298,1.2744917,1.1090443,0.95794904,0.7918352,0.0,0.0,1.0,13.794683,1.2744917,0.0,0.10985667,0.9635868,0.0
299,1.2493649,1.1039131,1.0978009,0.87411696,0.0,0.0,1.0,13.384461,1.2493649,0.0,0.11383931,0.9985198,0.0
300,0.8962524,1.0318028,1.045744,0.81458366,0.0,0.0,1.0,12.929505,0.8962524,0.0,0.06881072,0.6035601,0.0
301,1.081533,1.066092,1.1195301,0.8118337,0.0,0.0,1.0,11.969204,1.0641613,0.0,0.11932551,1.0466409,1.0
302,1.9429637,1.2455553,1.419231,0.7555129,0.0,0.0,1.0,12.929505,1.9429637,0.0,0.11070611,0.9710375,0.0
303,0.80440485,1.0130463,1.025078,0.74470884,0.0,0.0,1.0,13.384461,0.80440485,0.0,0.10988823,0.9638637,0.0
304,0.9488067,1.0425351,1.0137532,0.7635835,0.0,0.0,1.0,13.384461,0.9488067,0.0,0.07968614,0.6989518,0.0
305,1.0508004,1.0633636,1.1457775,0.8302833,0.0,0.0,1.0,13.49705,1.0508004,0.0,0.1103821,0.9681955,0.0
306,1.0943422,1.0722554,0.9465303,0.7485096,0.0,0.0,1.0,13.49705,1.0943422,0.0,0.1064868,0.9340286,0.0
307,1.0266403,1.0584297,0.8987127,0.70480496,0.0,0.0,1.0,13.104519,1.0266403,0.0,0.09302036,0.8159103,0.0
308,1.3600528,1.126517,1.0075212,0.94722664,0.0,0.0,1.0,12.569661,1.3600528,0.0,0.08314724,0.72931015,0.0
309,2.64715,1.3893596,1.3373667,0.64168364,0.0,0.0,1.0,22.79169,2.64715,0.0,0.0767818,0.67347693,0.0
310,0.5354022,0.9581123,0.9100303,0.84079856,0.0,0.0,1.0,22.525043,0.5354022,0.0,0.09872027,0.86590594,0.0
311,1.2359427,1.1011721,1.0408602,0.70380896,0.0,0.0,1.0,22.525043,1.2359427,0.0,0.0821249,0.7203428,0.0
312,1.0448865,1.0621558,0.94479686,0.80653167,0.0,0.0,1.0,22.525043,1.0448865,0.0,0.08842591,0.775611,0.0
313,1.4705745,1.1490871,0.9851885,0.77028006,0.0,0.0,1.0,23.48352,1.4705745,0.0,0.107611716,0.94389564,0.0
314,1.6881571,1.1721345,1.1094036,0.721436,0.0,0.0,1.0,23.48352,1.5834341,0.0,0.13555124,1.1889619,1.0
315,2.033172,1.2528795,1.0363976,0.807094,0.0,0.0,1.0,23.48352,1.9788291,0.0,0.12295351,1.0784632,1.0
316,2.095509,1.2438157,0.9986961,0.8548687,0.0,0.0,1.0,22.525043,1.934445,0.0,0.14112931,1.2378888,1.0
317,1.869368,1.213941,1.1001122,0.7671677,0.0,0.0,1.0,22.525043,1.7881535,0.0,0.1288024,1.1297656,1.0
318,0.7954553,1.0106009,1.0471251,0.7756085,0.0,0.0,1.0,23.48352,0.7924304,0.0,0.11525148,1.0109063,1.0
319,2.4477296,1.338883,1.1787287,0.8429582,0.0,0.0,1.0,22.53882,2.3999746,0.0,0.12048964,1.0568519,1.0
320,1.9084128,1.2380555,1.0533437,0.8541101,0.0,0.0,1.0,22.53882,1.9062383,0.0,0.114379644,1.0032592,1.0
321,1.2021868,1.0942787,0.9951589,0.8616586,0.0,0.0,1.0,23.113838,1.2021868,0.0,0.10709608,0.93937284,0.0
322,1.9954025,1.256264,1.1658691,0.86071444,0.0,0.0,1.0,25.25025,1.9954025,0.0,0.11005716,0.9653454,0.0
323,0.9994895,1.0528852,1.0366043,0.86228645,0.0,0.0,1.0,25.25025,0.9994895,0.0,0.109736115,0.96252936,0.0
324,1.0911515,1.0716038,1.093421,0.73325366,0.0,0.0,1.0,28.708601,1.0911515,0.0,0.096162915,0.8434746,0.0
325,1.171644,1.0880414,0.97322875,0.8420758,0.0,0.0,1.0,28.708601,1.171644,0.0,0.09346421,0.8198035,0.0
326,1.1737869,1.088479,1.0532169,0.6444902,0.0,0.0,1.0,30.520761,1.1737869,0.0,0.10034022,0.88011503,0.0
327,1.2357676,1.1011363,1.1167786,0.6673126,0.0,0.0,1.0,30.520761,1.2357676,0.0,0.095599286,0.8385309,0.0
328,0.3336442,0.9088468,0.9408805,0.84217787,0.0,0.0,1.0,33.969482,0.294157,0.0,0.15773457,1.3835387,1.0
329,0.98501664,1.0499296,1.2268082,0.7658348,0.0,0.0,1.0,36.463974,0.98501664,0.04573836,0.10508108,0.92169863,0.0
330,0.6116701,0.97368723,0.8865429,0.73954713,0.0,0.0,1.0,20.470886,0.6116701,0.0,0.08801435,0.772001,0.0
331,0.6976819,0.9810081,0.90336823,0.80795693,0.0,0.0,1.0,21.573904,0.64751923,0.0,0.13924262,1.2213401,1.0
332,1.3127788,1.1128706,0.85123736,0.8768069,0.0,0.0,1.0,21.573904,1.2932283,0.0,0.11893243,1.0431931,1.0
333,1.20255,1.0897088,0.9046721,0.8528745,0.0,0.0,1.0,22.558962,1.1798089,0.0,0.120286755,1.0550723,1.0
334,0.8711658,1.0266798,0.9476301,0.7483917,0.0,0.0,1.0,24.978731,0.8711658,0.0,0.107964315,0.94698834,0.0
335,1.8154091,1.1759845,1.020112,0.84890217,0.0,0.0,1.0,29.95174,1.6022869,0.0,0.1573348,1.3800322,1.0
336,1.3828678,1.1268126,0.926772,0.89714247,0.0,0.0,1.0,32.743534,1.3615,0.0,0.11912027,1.0448407,1.0
337,0.8136082,1.0149257,0.8621942,0.79178995,0.0,0.0,1.0,32.743534,0.8136082,0.0,0.11122775,0.975613,0.0
338,1.3329996,1.1209924,1.0279851,0.5149966,0.0,0.0,1.0,36.026775,1.3329996,0.025644649,0.07554597,0.662637,0.0
339,0.8576509,1.0239198,0.89361745,0.82034415,0.0,0.0,1.0,36.39559,0.8576509,0.042595506,0.110056005,0.96533525,0.0
340,0.93483526,1.0396819,1.1004099,0.7501272,0.0,0.0,1.0,40.01856,0.93483526,0.2091076,0.099577054,0.87342113,0.0
341,1.0438964,1.0619537,1.1165446,0.6403562,0.0,0.0,1.0,40.01856,1.0438964,0.2091076,0.09495935,0.8329178,0.0
342,1.4657142,1.1480945,1.0606872,0.6014127,0.0,0.0,1.0,40.01856,1.4657142,0.2091076,0.08642111,0.75802624,0.0
343,1.575048,1.170422,1.0727212,0.78319865,0.0,0.0,1.0,64.02638,1.575048,1.3125107,0.099730365,0.8747659,0.0
344,1.7695419,1.1944805,1.1141261,0.81354624,0.0,0.0,1.0,64.75467,1.6928589,1.3459829,0.12876327,1.1294224,1.0
345,1.8655812,1.2214904,1.1953393,0.6392059,0.0,0.0,1.0,64.02638,1.8251218,1.3125107,0.12122902,1.0633372,1.0
346,1.26697,0.9729083,1.0122488,0.69764626,0.0,0.0,1.0,69.927185,0.60785586,1.5837125,0.10893247,0.9554804,0.0
347,1.1232438,1.0376785,1.1756691,0.6846208,0.0,0.0,1.0,66.018196,0.9250248,1.4040548,0.16132785,1.4150565,1.0
348,1.3822768,1.1310555,1.2212819,0.6563423,0.0,0.0,1.0,62.485443,1.3822768,1.241689,0.11388452,0.9989163,0.0
349,1.1286952,1.0792707,1.0811996,0.7313813,0.0,0.0,1.0,62.485443,1.1286952,1.241689,0.07856845,0.6891482,0.0
350,2.0651119,1.2704996,1.2866434,0.78113383,0.0,0.0,1.0,65.77462,2.0651119,1.39286,0.10421211,0.9140766,0.0
351,1.9974667,1.2291015,1.1674339,0.8250575,0.0,0.0,1.0,65.77462,1.8623924,1.39286,0.13763292,1.2072209,1.0
352,1.785096,1.1706468,1.2596867,0.667911,0.0,0.0,1.0,84.018906,1.576149,2.23137,0.13999201,1.2279133,1.0
353,1.8819077,1.2330868,1.1409702,0.82665503,0.0,0.0,1.0,83.9602,1.8819077,2.2286718,0.082865395,0.726838,0.0
354,1.7829374,1.148724,1.2648351,0.9085501,0.0,0.0,1.0,83.9602,1.4687965,2.2286718,0.09444384,0.82839614,0.0
355,2.7721188,1.4148799,1.211146,0.9158385,0.0,0.0,1.0,83.91733,2.7721188,2.2267015,0.096203096,0.84382707,0.0
356,1.589704,1.1575007,1.1203097,0.7867818,0.0,0.0,1.0,78.704735,1.5117749,1.98713,0.08485678,0.744305,0.0
357,1.7819754,1.0342373,1.0471954,0.8198607,0.0,0.0,1.0,83.93403,0.90817374,2.2274692,0.10183267,0.8932058,0.0
358,1.7819754,1.1862361,1.2453281,0.6878746,0.0,0.0,1.0,83.93403,1.6524875,2.2274692,0.12654631,1.1099768,1.0
359,1.7819754,1.1909242,1.2222482,0.7935126,0.0,0.0,1.0,83.93403,1.675444,2.2274692,0.11346177,0.99520826,0.0
360,1.5889312,0.9912439,1.3628668,0.6719941,0.0,0.0,1.0,78.683716,0.6976422,1.986164,0.08367721,0.73395866,0.0
361,1.5889312,1.1307701,1.0023327,0.8918459,0.0,0.0,1.0,78.683716,1.3808793,1.986164,0.101802416,0.89294046,0.0
362,1.3092334,1.116139,0.9850744,0.8913581,0.0,0.0,1.0,62.393227,1.3092334,1.2374506,0.08961398,0.7860319,0.0
363,0.77638143,1.0073235,0.92942804,0.8987929,0.0,0.0,1.0,35.189625,0.77638143,0.0,0.10642187,0.9334591,0.0
364,1.3419824,1.1228268,1.0841601,0.7340845,0.0,0.0,1.0,44.267338,1.3419824,0.4043821,0.10400611,0.9122697,0.0
365,0.51402235,0.95374626,1.1479603,0.87649965,0.0,0.0,1.0,44.224037,0.51402235,0.40239203,0.088507056,0.7763227,0.0
366,0.64183825,0.961734,0.823398,0.76770693,0.0,0.0,1.0,47.199146,0.553137,0.5391285,0.1662434,1.4581723,1.0
367,0.7774041,1.0075324,0.9481987,0.8510036,0.0,0.0,1.0,47.199146,0.7774041,0.5391285,0.09720813,0.85264254,0.0
368,1.5381784,1.1628927,0.95980626,0.7677053,0.0,0.0,1.0,51.63915,1.5381784,0.74319166,0.068952546,0.6048041,0.0
369,0.9882798,1.0451951,0.8348691,0.7475321,0.0,0.0,1.0,51.63915,0.96183246,0.74319166,0.1229648,1.0785623,1.0
370,0.4100124,0.90752286,1.1327773,0.78713477,0.0,0.0,1.0,46.620102,0.2876739,0.5125155,0.07579531,0.66482407,0.0
371,2.0722828,1.0715342,0.91286504,0.755711,0.0,0.0,1.0,91.82966,1.0908105,2.5903535,0.09645036,0.8459959,0.0
372,2.0707092,0.82159376,0.8519273,0.81759757,0.0,0.0,1.0,91.786865,0.0,2.5883865,0.08449,0.7410879,0.0
373,1.3271295,0.98610604,0.8713495,0.6838314,0.0,0.0,1.0,71.56337,0.67248297,1.6589118,0.07980819,0.7000223,0.0
374,2.0707092,0.8521283,0.9449452,0.6982232,0.0,0.0,1.0,91.786865,0.016415883,2.5883865,0.08402418,0.7370021,0.0
375,1.3271295,0.90004396,0.90051216,0.7737936,0.0,0.0,1.0,71.56337,0.25105098,1.6589118,0.08001483,0.7018348,0.0
376,0.8960176,1.0246471,1.0003234,0.97666764,0.0,0.0,1.0,59.530178,0.8612123,1.1058645,0.12717253,1.1154696,1.0
377,1.3271295,1.0184397,1.259499,0.7842762,0.0,0.0,1.0,71.56337,0.8308154,1.6589118,0.18366408,1.6109744,1.0
378,2.0707092,0.97158647,0.99361295,0.79377115,0.0,0.0,1.0,91.786865,0.601383,2.5883865,0.12702501,1.1141756,1.0
379,2.3221674,1.3229938,1.2525381,0.86332,0.0,0.0,1.0,91.786865,2.3221674,2.5883865,0.10885437,0.9547953,0.0
380,2.0688522,0.91185457,1.045164,0.8057989,0.0,0.0,1.0,91.73635,0.30888554,2.586065,0.13172784,1.1554257,1.0
381,1.3271295,1.1114734,1.4403194,0.74138486,0.0,0.0,1.0,71.56337,1.2863867,1.6589118,0.09067538,0.79534173,0.0
382,1.8436486,1.1952051,1.0069658,0.81757224,0.0,0.0,1.0,59.530178,1.696407,1.1058645,0.14228082,1.247989,1.0
383,1.7180816,1.1996313,1.2179472,0.7351837,0.0,0.0,1.0,59.530178,1.7180816,1.1058645,0.09673343,0.8484788,0.0
384,1.3399832,1.1134791,1.1539117,0.83435076,0.0,0.0,1.0,59.530178,1.2962083,1.1058645,0.1250087,1.0964899,1.0
385,2.3517303,1.2987485,1.3598481,0.8030902,0.0,0.0,1.0,56.78055,2.203442,0.9794911,0.13592966,1.192281,1.0
386,1.398392,1.1245385,1.1791021,0.83435076,0.0,0.0,1.0,50.78615,1.3503644,0.7039878,0.12559336,1.1016182,1.0
387,2.3962348,1.3011732,1.1666732,0.81150836,0.0,0.0,1.0,50.76008,2.2153156,0.7027894,0.1406102,1.2333355,1.0
388,2.433991,1.2881349,1.1928616,0.82493293,0.0,0.0,1.0,50.76008,2.1514692,0.7027894,0.1567825,1.3751876,1.0
389,1.7853161,1.1821382,1.09941,0.74259377,0.0,0.0,1.0,50.76008,1.6324205,0.7027894,0.14451723,1.2676053,1.0
390,2.6870928,1.35108,1.1228243,0.8215656,0.0,0.0,1.0,43.88642,2.4597008,0.38687512,0.14412151,1.2641343,1.0
391,1.4266113,1.1401092,1.1026933,0.71988696,0.0,0.0,1.0,43.88642,1.4266113,0.38687512,0.1056342,0.9265502,0.0
392,1.5623876,1.1462542,1.0981259,0.77426404,0.0,0.0,1.0,18.915367,1.4567024,0.0,0.13764064,1.2072886,1.0
393,1.3425369,1.1225301,1.0223339,0.83999205,0.0,0.0,1.0,16.617477,1.3405294,0.0,0.11449585,1.0042785,1.0
394,1.2919341,1.1126063,1.0020741,0.83999205,0.0,0.0,1.0,16.617477,1.2919341,0.0,0.10222324,0.8966316,0.0
395,1.8860534,1.2205564,1.0108749,0.8415705,0.0,0.0,1.0,17.026747,1.8205482,0.0,0.12572846,1.1028031,1.0
396,2.2838225,1.2745087,1.0600196,0.8387686,0.0,0.0,1.0,19.850464,2.084744,0.0,0.14511374,1.2728374,1.0
397,1.8763611,1.1852895,0.8962743,0.93097967,0.0,0.0,1.0,19.850464,1.647852,0.0,0.15917839,1.3962028,1.0
398,0.76898885,1.0058138,0.76304376,0.66171646,0.0,0.0,1.0,17.337116,0.76898885,0.0,0.10896769,0.95578927,0.0
399,1.457822,1.1464828,1.1597311,0.75177497,0.0,0.0,1.0,16.7636,1.457822,0.0,0.110252455,0.96705836,0.0
400,0.36658356,0.9236373,0.75969154,0.74596655,0.0,0.0,1.0,16.243599,0.36658356,0.0,0.099334374,0.8712925,0.0
401,0.8493243,1.0222194,0.9523774,0.71971893,0.0,0.0,1.0,16.7636,0.8493243,0.0,0.098089166,0.8603704,0.0
402,0.97235745,1.0473444,0.9422561,0.7369489,0.0,0.0,1.0,29.814177,0.97235745,0.0,0.06509428,0.570962,0.0
403,0.0,0.7461376,0.8829569,0.79735863,0.0,0.0,1.0,30.398474,0.0,0.0,0.06457304,0.5663901,0.0
404,1.6726179,1.1782842,1.1806512,0.6299619,0.0,0.0,1.0,28.94349,1.613548,0.0,0.12593287,1.1045961,1.0
405,1.3818232,1.1309628,1.0924034,0.62903297,0.0,0.0,1.0,27.974108,1.3818232,0.0,0.09125757,0.80044836,0.0
406,1.2278564,1.0881952,1.0601829,0.7863394,0.0,0.0,1.0,27.930618,1.172397,0.0,0.12941682,1.135155,1.0
407,1.1555926,1.0847635,0.94265074,0.6903097,0.0,0.0,1.0,28.034912,1.1555926,0.0,0.094179444,0.826077,0.0
408,0.1344545,0.8762334,0.851254,0.82887286,0.0,0.0,1.0,28.034912,0.1344545,0.0,0.09514891,0.83458054,0.0
409,0.18531212,0.8866192,0.8819402,0.73986435,0.0,0.0,1.0,28.034912,0.18531212,0.0,0.110084385,0.96558416,0.0
410,1.34443,1.1233267,1.2159775,0.72027254,0.0,0.0,1.0,28.034912,1.34443,0.0,0.08349075,0.73232317,0.0
411,0.8936203,1.0312653,0.9942476,0.71058714,0.0,0.0,1.0,27.277996,0.8936203,0.0,0.08435364,0.7398918,0.0
412,0.81497306,1.0152044,1.0837868,0.7384917,0.0,0.0,1.0,28.034912,0.81497306,0.0,0.08873615,0.7783322,0.0
413,0.9597847,1.0447769,0.9424088,0.82317907,0.0,0.0,1.0,28.948586,0.9597847,0.0,0.11149956,0.9779971,0.0
414,0.829837,1.0182399,0.9476435,0.7840915,0.0,0.0,1.0,29.771135,0.829837,0.0,0.10875169,0.9538947,0.0
415,0.53254676,0.9575292,0.82189757,0.7330769,0.0,0.0,1.0,29.771135,0.53254676,0.0,0.08535225,0.74865097,0.0
416,1.0729152,1.0655377,1.0033245,0.8389142,0.0,0.0,1.0,30.382595,1.0614468,0.0,0.1175275,1.03087,1.0
417,1.1576377,1.0800471,0.96131015,0.9228194,0.0,0.0,1.0,28.003384,1.1324972,0.0,0.12123916,1.0634261,1.0
418,1.7351586,1.2031187,1.0715673,0.8084194,0.0,0.0,1.0,26.061907,1.7351586,0.0,0.0885037,0.77629334,0.0
419,1.5069755,1.1533439,1.0660391,0.7318066,0.0,0.0,1.0,28.014734,1.4914197,0.0,0.11740557,1.0298005,1.0
420,0.9820144,1.0493165,0.9175701,0.72076285,0.0,0.0,1.0,28.003384,0.9820144,0.0,0.0765421,0.67137444,0.0
421,0.30863923,0.91180426,0.87821513,0.7673087,0.0,0.0,1.0,28.003384,0.30863923,0.0,0.112954326,0.9907573,0.0
422,1.492081,1.153479,0.96262145,0.82954866,0.0,0.0,1.0,27.905418,1.492081,0.0,0.10169059,0.8919596,0.0
423,1.3024977,1.1034349,0.8092577,0.8134471,0.0,0.0,1.0,28.003384,1.2470233,0.0,0.12849864,1.1271013,1.0
424,0.76899356,1.001958,0.84362364,0.815873,0.0,0.0,1.0,29.849915,0.75010747,0.0,0.12220944,1.0719367,1.0
425,0.80034894,1.012218,0.8390211,0.81618243,0.0,0.0,1.0,29.849915,0.80034894,0.0,0.10243107,0.89845455,0.0
426,1.2783444,1.1098311,0.81191087,0.9362836,0.0,0.0,1.0,30.744383,1.2783444,0.0,0.09916144,0.8697756,0.0
427,0.9442669,1.041608,0.93458,0.81981426,0.0,0.0,1.0,30.896523,0.9442669,0.0,0.09518862,0.83492875,0.0
428,0.16330598,0.88212526,0.841309,0.7674457,0.0,0.0,1.0,31.040806,0.16330598,0.0,0.08374779,0.7345777,0.0
429,0.5391257,0.94498134,0.9229595,0.76785487,0.0,0.0,1.0,33.09284,0.47110197,0.0,0.16104218,1.4125508,1.0
430,0.9053023,1.0336509,0.8758525,0.83540493,0.0,0.0,1.0,31.926857,0.9053023,0.0,0.09792577,0.85893714,0.0
431,0.7107821,0.99392724,0.9924333,0.8280361,0.0,0.0,1.0,31.926857,0.7107821,0.0,0.11113986,0.974842,0.0
432,0.41112706,0.93273365,0.81015384,0.7842409,0.0,0.0,1.0,31.926857,0.41112706,0.0,0.10362174,0.90889835,0.0
433,0.9554159,1.0438848,0.96922714,0.6756906,0.0,0.0,1.0,31.06977,0.9554159,0.0,0.090588056,0.7945758,0.0
434,2.0485983,1.2671273,1.0750464,0.78992236,0.0,0.0,1.0,31.06977,2.0485983,0.0,0.10013355,0.87830234,0.0
435,1.1106985,1.0564138,0.8130062,0.838491,0.0,0.0,1.0,31.06977,1.0167685,0.0,0.14409998,1.2639455,1.0
436,0.121476606,0.87358314,0.7194489,0.7954177,0.0,0.0,1.0,31.06977,0.121476606,0.0,0.10649465,0.93409747,0.0
437,1.7669635,1.2096137,1.063887,0.9995799,0.0,0.0,1.0,31.06977,1.7669635,0.0,0.096493505,0.84637433,0.0
438,2.141456,1.2818972,1.0176082,0.8922592,0.0,0.0,1.0,31.06977,2.120924,0.0,0.11716143,1.027659,1.0
439,0.9270119,1.0380843,0.89723736,0.82002175,0.0,0.0,1.0,33.110516,0.9270119,0.0,0.08953554,0.7853439,0.0
440,1.3011043,1.1073846,0.9711315,0.82275546,0.0,0.0,1.0,38.92794,1.2663641,0.15898262,0.12294403,1.0783801,1.0
441,1.4370761,1.1422462,0.992363,0.84335643,0.0,0.0,1.0,38.92794,1.4370761,0.15898262,0.09483481,0.83182544,0.0
442,0.8912876,1.0307889,1.0095868,0.9148135,0.0,0.0,1.0,31.06977,0.8912876,0.0,0.10363518,0.90901613,0.0
443,0.544981,0.9591103,0.96251464,0.7170953,0.0,0.0,1.0,31.06977,0.5402893,0.0,0.116836675,1.0248106,1.0
444,0.7892064,1.0099425,0.975809,0.9047141,0.0,0.0,1.0,38.92794,0.7892064,0.15898262,0.093617395,0.8211471,0.0
445,1.3884493,1.132316,1.0208832,0.8540779,0.0,0.0,1.0,53.740055,1.3884493,0.83974963,0.088895,0.7797255,0.0
446,0.77747595,0.94968754,0.9846832,0.8249938,0.0,0.0,1.0,56.61418,0.49414748,0.9718449,0.08710704,0.76404274,0.0
447,1.4050832,1.1357129,1.1835628,0.69123495,0.0,0.0,1.0,56.61418,1.4050832,0.9718449,0.09202704,0.8071976,0.0
448,0.88526374,0.850471,0.75701225,0.8224736,0.0,0.0,1.0,59.54574,0.00830032,1.1065797,0.113138564,0.9923733,0.0
449,1.331163,1.1092553,1.1441133,0.74411184,0.0,0.0,1.0,56.61418,1.2755249,0.9718449,0.12821668,1.1246282,1.0
450,0.88526374,0.45051894,1.0918658,0.8198609,0.0,0.0,1.0,59.54574,0.0,1.1065797,0.1182728,1.0374073,1.0
451,1.1957335,1.0929608,0.8653382,0.9173213,0.0,0.0,1.0,59.54574,1.1957335,1.1065797,0.10081932,0.8843174,0.0
452,0.77747595,0.82893974,0.7041506,0.8974709,0.0,0.0,1.0,56.61418,0.0,0.9718449,0.09457522,0.8295485,0.0
453,0.8899568,0.9773721,0.9279079,0.79760176,0.0,0.0,1.0,59.673378,0.6297143,1.112446,0.10199081,0.89459294,0.0
454,0.8899568,1.0131751,0.98164463,0.7198626,0.0,0.0,1.0,59.673378,0.8050359,1.112446,0.09353616,0.8204346,0.0
455,1.271743,1.1067486,0.8043492,0.92215365,0.0,0.0,1.0,59.673378,1.2632499,1.112446,0.11619808,1.0192093,1.0
456,0.8899568,0.9364589,0.8399384,0.79064375,0.0,0.0,1.0,59.673378,0.4293689,1.112446,0.1298351,1.1388237,1.0
457,0.9700012,0.9723733,0.72303516,0.82941735,0.0,0.0,1.0,61.850384,0.605236,1.2125015,0.08681142,0.7614498,0.0
458,1.0542879,0.916613,0.77768445,0.7099669,0.0,0.0,1.0,64.14277,0.33218676,1.3178599,0.107628025,0.9440387,0.0
459,0.9700012,0.93721706,0.9199168,0.7668319,0.0,0.0,1.0,61.850384,0.43308157,1.2125015,0.09533522,0.8362147,0.0
460,1.157689,1.0683234,0.9957254,0.8102133,0.0,0.0,1.0,54.101955,1.0750879,0.8563826,0.13903509,1.2195197,1.0
461,1.3320597,1.1203543,1.1558665,0.7220296,0.0,0.0,1.0,51.91595,1.3298749,0.7559135,0.11454324,1.0046941,1.0
462,0.93260866,1.0184945,0.9106183,0.87234247,0.0,0.0,1.0,51.90856,0.8310839,0.7555739,0.15379995,1.3490269,1.0
463,1.942485,1.2296344,1.1741563,0.75937504,0.0,0.0,1.0,53.570114,1.8650018,0.8319391,0.12754112,1.1187027,1.0
464,2.5403275,1.3039943,1.1609001,0.80339164,0.0,0.0,1.0,52.963783,2.22913,0.804072,0.1594826,1.3988712,1.0
465,0.60445917,0.9092823,0.78990054,0.7574638,0.0,0.0,1.0,51.90856,0.2962897,0.7555739,0.12571639,1.1026973,1.0
466,1.2888677,1.1119801,0.85664856,0.89721876,0.0,0.0,1.0,51.90856,1.2888677,0.7555739,0.08051981,0.70626414,0.0
467,1.0409642,1.0613549,1.1516792,0.70724493,0.0,0.0,1.0,52.963783,1.0409642,0.804072,0.10072304,0.8834729,0.0
468,1.7952771,1.2153957,1.2591441,0.8136537,0.0,0.0,1.0,57.990456,1.7952771,1.0350987,0.09809748,0.8604433,0.0
469,2.211771,1.3004494,1.2600722,0.5892079,0.0,0.0,1.0,57.990456,2.211771,1.0350987,0.09214671,0.80824727,0.0
470,2.1061673,1.278638,1.1182231,0.8928511,0.0,0.0,1.0,60.531986,2.1049645,1.1519078,0.1141942,1.0016326,1.0
471,1.391364,1.1329112,1.1704615,0.6789164,0.0,0.0,1.0,60.539387,1.391364,1.1522479,0.10149832,0.89027315,0.0
472,2.1483662,1.2875012,1.2351981,0.801691,0.0,0.0,1.0,60.539387,2.1483662,1.1522479,0.10506421,0.9215507,0.0
473,1.1527802,1.0841892,0.98267955,0.7327836,0.0,0.0,1.0,56.1781,1.1527802,0.95180255,0.09829332,0.8621611,0.0
474,1.0769658,1.0687069,1.0834253,0.78233397,0.0,0.0,1.0,52.28159,1.0769658,0.7727183,0.10256636,0.8996413,0.0
475,1.4312532,1.1410571,1.106538,0.749781,0.0,0.0,1.0,52.257336,1.4312532,0.7716036,0.10888887,0.9550979,0.0
476,2.3181436,1.322172,1.2538589,0.72208,0.0,0.0,1.0,49.890587,2.3181436,0.6628275,0.09281701,0.8141267,0.0
477,1.814306,1.218813,1.269061,0.7121692,0.0,0.0,1.0,47.491528,1.8120108,0.55256635,0.114420705,1.0036193,1.0
478,1.1785935,1.0894606,1.4085233,0.74073964,0.0,0.0,1.0,45.00225,1.1785935,0.4381588,0.08783046,0.7703881,0.0
479,2.5510561,1.369736,1.6328446,0.6511188,0.0,0.0,1.0,42.944798,2.5510561,0.34359798,0.10040515,0.8806846,0.0
480,1.908359,1.2384886,1.2531344,0.7656293,0.0,0.0,1.0,39.830482,1.908359,0.2004636,0.10387644,0.9111324,0.0
481,2.0904872,1.2750815,1.2457186,0.76586914,0.0,0.0,1.0,41.328495,2.0875487,0.26931247,0.11446659,1.0040219,1.0
482,2.2400382,1.3053626,1.2945998,0.7578868,0.0,0.0,1.0,41.328495,2.2358303,0.26931247,0.1146211,1.005377,1.0
483,1.9510626,1.2472092,1.2680916,0.7688345,0.0,0.0,1.0,38.396122,1.9510626,0.13454017,0.10497901,0.9208033,0.0
484,2.2823908,1.3036047,1.3259007,0.78502893,0.0,0.0,1.0,38.396122,2.2272224,0.13454017,0.12207659,1.0707716,1.0
485,1.9086667,1.2385514,1.3142333,0.68705463,0.0,0.0,1.0,19.770245,1.9086667,0.0,0.11306139,0.9916964,0.0
486,2.6185176,1.3835125,1.2721616,0.7666713,0.0,0.0,1.0,21.41132,2.6185176,0.0,0.10635648,0.9328855,0.0
487,2.034366,1.2642208,1.2891345,0.7224657,0.0,0.0,1.0,20.8828,2.034366,0.0,0.11206805,0.98298347,0.0
488,2.1658092,1.2910633,1.2625004,0.7631817,0.0,0.0,1.0,20.8828,2.1658092,0.0,0.11131448,0.97637373,0.0
489,1.1571933,1.0850904,1.1775993,0.7798473,0.0,0.0,1.0,21.15588,1.1571933,0.0,0.10947263,0.9602183,0.0
490,2.0586958,1.2691894,1.225456,0.74542624,0.0,0.0,1.0,19.507479,2.0586958,0.0,0.108230755,0.9493254,0.0
491,1.5801563,1.1704715,1.0519681,0.7518163,0.0,0.0,1.0,18.236582,1.5752909,0.0,0.11501415,1.0088247,1.0
492,1.4737709,1.1459308,1.1656885,0.8249664,0.0,0.0,1.0,1.2307229,1.4551187,0.0,0.11818347,1.0366237,1.0
493,1.7526512,1.2066909,1.2043649,0.8908699,0.0,0.0,1.0,1.1848322,1.7526512,0.0,0.111251496,0.97582126,0.0
494,1.892975,1.2353469,1.1680655,0.84514153,0.0,0.0,1.0,1.2371969,1.892975,0.0,0.09561598,0.83867735,0.0
495,1.4500796,1.1377366,1.1610593,0.84401846,0.0,0.0,1.0,31.285517,1.4149929,0.0,0.12208517,1.0708468,1.0
496,1.8229514,1.2210472,1.201139,0.9172496,0.0,0.0,1.0,31.285517,1.8229514,0.0,0.076717146,0.6729098,0.0
497,0.8497919,1.0223149,0.9918635,0.81076914,0.0,0.0,1.0,29.93963,0.8497919,0.0,0.09951777,0.8729011,0.0
498,1.3835179,1.1313089,1.0229766,0.82076794,0.0,0.0,1.0,29.93963,1.3835179,0.0,0.105893955,0.9288286,0.0
499,1.5643073,1.1507697,1.0377687,0.84529775,0.0,0.0,1.0,29.14082,1.4788141,0.0,0.13283958,1.165177,1.0
500,1.7367407,1.1882794,1.1030123,0.8891037,0.0,0.0,1.0,31.804852,1.662493,0.0,0.12855566,1.1276014,1.0
501,1.3276198,1.1198938,1.0629228,0.74299276,0.0,0.0,1.0,35.051323,1.3276198,0.0,0.08456312,0.74172926,0.0
502,1.4872663,1.1524957,1.1812383,0.8381817,0.0,0.0,1.0,36.708614,1.4872663,0.05698207,0.098059155,0.8601071,0.0
503,2.2577589,1.3098407,1.1842334,0.8056474,0.0,0.0,1.0,36.708614,2.2577589,0.05698207,0.10721761,0.9404388,0.0
504,0.0005991875,0.83617985,1.0151864,0.8480025,0.0,0.0,1.0,35.485096,0.0,0.00074898434,0.13123097,1.1510674,1.0
505,1.2706587,1.1082616,1.056843,0.8202984,0.0,0.0,1.0,35.485096,1.2706587,0.00074898434,0.1107623,0.9715303,0.0
506,0.98236245,1.040862,0.9857086,0.87055475,0.0,0.0,1.0,37.466747,0.9406138,0.09182597,0.12846574,1.1268127,1.0
507,1.7349955,1.1930892,1.1851501,0.7324151,0.0,0.0,1.0,36.7325,1.686046,0.058079775,0.12346492,1.0829489,1.0
508,1.7931441,1.1995058,1.0748482,0.95191705,0.0,0.0,1.0,35.169003,1.717467,0.0,0.12836109,1.1258948,1.0
509,1.714194,1.1889911,1.0589448,0.7761737,0.0,0.0,1.0,33.917515,1.665978,0.0,0.12343542,1.0826902,1.0
510,1.7143905,1.1988776,1.0364114,0.9018801,0.0,0.0,1.0,32.88162,1.7143905,0.0,0.102869816,0.9023029,0.0
511,1.5843167,1.1723148,1.1447896,0.8101659,0.0,0.0,1.0,31.72577,1.5843167,0.0,0.10048887,0.88141894,0.0
512,1.3855925,1.1317326,1.1815628,0.80550855,0.0,0.0,1.0,30.53277,1.3855925,0.0,0.09419269,0.8261932,0.0
513,1.88144,1.2329913,1.0717629,0.8711116,0.0,0.0,1.0,31.058897,1.88144,0.0,0.08754805,0.76791096,0.0
514,0.70235103,0.9922055,1.0544364,0.7828807,0.0,0.0,1.0,30.01261,0.70235103,0.0,0.10663561,0.93533385,0.0
515,1.6353352,1.1770071,1.067161,0.77712506,0.0,0.0,1.0,29.940342,1.6072943,0.0,0.11969088,1.0498457,1.0
516,1.3802934,1.1266724,1.027124,0.81522006,0.0,0.0,1.0,30.01261,1.3608135,0.0,0.11867096,1.0408996,1.0
517,1.5169177,1.158551,1.1366822,0.7631244,0.0,0.0,1.0,29.442924,1.5169177,0.0,0.065033495,0.5704289,0.0
518,2.429474,1.3062822,1.161289,0.8198026,0.0,0.0,1.0,29.089664,2.2403333,0.0,0.14150853,1.2412151,1.0
519,1.7379127,1.2036811,1.0450381,0.9362317,0.0,0.0,1.0,29.089664,1.7379127,0.0,0.068194106,0.59815156,0.0
520,1.7796484,1.2122041,0.97354645,0.9402622,0.0,0.0,1.0,30.177412,1.7796484,0.0,0.09787752,0.85851395,0.0
521,1.2863824,1.1070011,1.192664,0.7043955,0.0,0.0,1.0,30.177412,1.2644862,0.0,0.119648635,1.0494752,1.0
522,1.6565768,1.1751945,1.0721714,0.88127285,0.0,0.0,1.0,31.187803,1.5984184,0.0,0.12586,1.103957,1.0
523,1.3902596,1.1178854,0.9706224,0.9307704,0.0,0.0,1.0,33.976955,1.3177848,0.0,0.13192278,1.1571355,1.0
524,2.025975,1.2487494,1.1853632,0.6415719,0.0,0.0,1.0,32.319916,1.9586047,0.0,0.1252125,1.0982776,1.0
525,0.99640965,1.0522562,0.93756443,0.7866707,0.0,0.0,1.0,31.119017,0.99640965,0.0,0.11076267,0.9715336,0.0
526,0.9779632,1.0484892,1.0281296,0.70230055,0.0,0.0,1.0,32.2339,0.9779632,0.0,0.084536225,0.74149334,0.0
527,1.0456192,1.0546137,0.98458266,0.893947,0.0,0.0,1.0,32.2339,1.0079539,0.0,0.12618028,1.1067662,1.0
528,1.1056094,1.0726725,1.2052507,0.71745574,0.0,0.0,1.0,35.6701,1.0963848,0.009251851,0.11674872,1.0240391,1.0
529,1.5974224,1.168624,1.3385378,0.8826406,0.0,0.0,1.0,33.52319,1.5662439,0.0,0.12049239,1.056876,1.0
530,2.2614517,1.3105948,1.1336962,0.8356222,0.0,0.0,1.0,33.52319,2.2614517,0.0,0.112766355,0.98910856,0.0
531,1.5590253,1.1671499,1.1639228,0.8352005,0.0,0.0,1.0,31.119017,1.5590253,0.0,0.112050265,0.9828275,0.0
532,1.1621192,1.0680772,1.0758151,0.83127695,0.0,0.0,1.0,29.979055,1.0738825,0.0,0.14077264,1.2347603,1.0
533,1.9220034,1.2142248,0.9533453,0.92170584,0.0,0.0,1.0,31.013414,1.7895435,0.0,0.13811876,1.2114823,1.0
534,1.7814411,1.2125702,1.3405232,0.74349314,0.0,0.0,1.0,32.120693,1.7814411,0.0,0.11178365,0.98048896,0.0
535,1.6668372,1.1770395,1.1191686,0.89012355,0.0,0.0,1.0,32.120693,1.6074531,0.0,0.12604178,1.1055515,1.0
536,1.7594142,1.203203,1.1618478,0.8568571,0.0,0.0,1.0,32.120693,1.7355713,0.0,0.11848297,1.0392507,1.0
537,2.0801523,1.2707635,1.3155624,0.721066,0.0,0.0,1.0,35.22595,2.0664043,0.0,0.116175234,1.0190089,1.0
538,1.4792085,1.1348137,1.1559924,0.8763849,0.0,0.0,1.0,35.910015,1.4006801,0.02027833,0.13227038,1.1601844,1.0
539,1.2887328,1.1119525,0.95693684,0.8340766,0.0,0.0,1.0,35.96951,1.2887328,0.023012685,0.10243061,0.89845055,0.0
540,2.4524875,1.3038504,1.1336395,0.8966257,0.0,0.0,1.0,43.447308,2.2284255,0.3666934,0.14676005,1.2872777,1.0
541,1.9316554,1.2398295,1.2498771,0.9407047,0.0,0.0,1.0,55.116756,1.9149257,0.903023,0.11685387,1.0249614,1.0
542,1.5713663,1.1696701,0.9857718,0.9257952,0.0,0.0,1.0,58.995457,1.5713663,1.0812887,0.10567839,0.92693776,0.0
543,1.4064211,1.1200095,1.0323195,0.78771657,0.0,0.0,1.0,61.921577,1.3281866,1.2157736,0.13319503,1.1682948,1.0
544,1.3021795,1.1146985,1.0443755,0.8364798,0.0,0.0,1.0,63.082863,1.3021795,1.2691464,0.1069521,0.93810993,0.0
545,2.3208196,1.279858,1.1291053,0.73797077,0.0,0.0,1.0,61.629025,2.1109385,1.2023278,0.14639464,1.2840726,1.0
546,2.3255837,1.287933,1.1781223,0.747268,0.0,0.0,1.0,61.629025,2.1504805,1.2023278,0.14053127,1.2326432,1.0
547,1.8902316,1.196704,1.0546557,0.8765856,0.0,0.0,1.0,62.327255,1.703747,1.2344186,0.14966185,1.3127303,1.0
548,1.7414067,1.1612432,1.1495038,0.85156035,0.0,0.0,1.0,63.082863,1.5301012,1.2691464,0.15899211,1.3945689,1.0
549,1.5366619,1.162583,0.95294654,0.85454243,0.0,0.0,1.0,63.082863,1.5366619,1.2691464,0.09871163,0.86583024,0.0
550,1.1788771,1.0620153,1.1503409,0.8039286,0.0,0.0,1.0,62.327255,1.0441983,1.2344186,0.15602112,1.3685094,1.0
551,1.3844243,1.131494,1.1171545,0.92071366,0.0,0.0,1.0,34.948288,1.3844243,0.0,0.100594096,0.8823419,0.0
552,0.6493104,0.9767182,0.89512676,0.79523003,0.0,0.0,1.0,34.427803,0.62651217,0.0,0.12586136,1.1039689,1.0
553,1.8265686,1.177589,1.0589036,0.8507572,0.0,0.0,1.0,32.27396,1.6101441,0.0,0.15779144,1.3840375,1.0
554,0.8937137,1.0312843,0.73672014,0.88386935,0.0,0.0,1.0,34.739487,0.8937137,0.0,0.09636658,0.84526104,0.0
555,1.66196,1.1881706,0.9077529,0.98484486,0.0,0.0,1.0,35.984554,1.66196,0.023704162,0.09775844,0.8574695,0.0
556,1.8152541,1.2194753,1.0191188,0.77283823,0.0,0.0,1.0,38.100983,1.8152541,0.120975524,0.096494235,0.8463808,0.0
557,1.9265084,1.2218562,1.0539278,0.7813996,0.0,0.0,1.0,38.100983,1.8269134,0.120975524,0.13176581,1.1557586,1.0
558,0.67347103,0.9850732,0.8977058,0.8778191,0.0,0.0,1.0,35.984554,0.66742533,0.023704162,0.116958685,1.0258808,1.0
559,0.0,0.8302382,0.71784365,0.7821539,0.0,0.0,1.0,34.050533,0.0,0.0,0.106447786,0.93368644,0.0
560,0.7179602,0.9953931,0.95442486,0.8968491,0.0,0.0,1.0,32.461643,0.7179602,0.0,0.11126507,0.9759403,0.0
561,1.046155,1.0624149,0.85195786,0.8448634,0.0,0.0,1.0,32.517128,1.046155,0.0,0.11169979,0.9797534,0.0
562,1.5339434,1.1620278,1.1342751,0.680116,0.0,0.0,1.0,56.85372,1.5339434,0.9828542,0.09776718,0.85754615,0.0
563,0.7642381,0.8733463,0.80291235,0.860021,0.0,0.0,1.0,56.254147,0.12031699,0.95529765,0.10291594,0.9027075,0.0
564,1.4444232,1.1437466,1.0234418,0.78660494,0.0,0.0,1.0,42.29368,1.4444232,0.31367242,0.09342069,0.81942177,0.0
565,0.97720605,1.0483346,0.92472214,0.75470304,0.0,0.0,1.0,37.89802,0.97720605,0.111647405,0.099042736,0.8687344,0.0
566,1.047727,1.0627359,0.91390973,0.7833489,0.0,0.0,1.0,36.291264,1.047727,0.037800565,0.11124884,0.97579795,0.0
567,1.1926357,1.0912277,1.0126184,0.9202319,0.0,0.0,1.0,36.42869,1.1872463,0.04411679,0.115486704,1.0129696,1.0
568,1.3875135,1.1321249,1.0019572,0.78690016,0.0,0.0,1.0,34.27702,1.3875135,0.0,0.10550477,0.925415,0.0
569,0.90753627,1.0341071,0.988431,0.86240023,0.0,0.0,1.0,36.42869,0.90753627,0.04411679,0.09680854,0.8491376,0.0
570,1.1901529,1.0918212,1.0335839,0.8477284,0.0,0.0,1.0,34.27702,1.1901529,0.0,0.099522635,0.87294376,0.0
571,1.0580897,1.0648521,0.90448934,0.94362044,0.0,0.0,1.0,32.179394,1.0580897,0.0,0.091003135,0.79821664,0.0
572,1.1622707,1.0861273,0.9709329,0.875472,0.0,0.0,1.0,32.125507,1.1622707,0.0,0.10603752,0.93008786,0.0
573,1.009969,1.0550252,0.9107554,0.8673134,0.0,0.0,1.0,32.125507,1.009969,0.0,0.09935633,0.87148505,0.0
574,1.0586857,1.0649738,1.0064263,0.8965736,0.0,0.0,1.0,32.125507,1.0586857,0.0,0.10740474,0.94208014,0.0
575,1.7457367,1.2052789,1.2816889,0.8720791,0.0,0.0,1.0,32.125507,1.7457367,0.0,0.0943522,0.8275923,0.0
576,0.91535187,1.0351739,1.1475432,0.7873787,0.0,0.0,1.0,32.125507,0.91276026,0.0,0.114932954,1.0081124,1.0
577,1.5130872,1.1577687,1.0889064,0.8913057,0.0,0.0,1.0,32.125507,1.5130872,0.0,0.10488725,0.91999847,0.0
578,1.4664422,1.1482432,0.9583674,0.8742502,0.0,0.0,1.0,32.125507,1.4664422,0.0,0.105536036,0.92568916,0.0
579,2.0446298,1.2663169,1.1325371,0.7935818,0.0,0.0,1.0,32.125507,2.0446298,0.0,0.108859524,0.95484054,0.0
580,1.511305,1.1574048,1.0738809,0.8736767,0.0,0.0,1.0,17.993673,1.511305,0.0,0.11393344,0.99934536,0.0
581,0.8308335,1.0184433,0.8524235,0.78982925,0.0,0.0,1.0,18.079565,0.8308335,0.0,0.10137004,0.88914794,0.0
582,1.9619484,1.1862508,1.0484377,0.7050029,0.0,0.0,1.0,19.16055,1.6525593,0.0,0.17499201,1.534909,1.0
583,0.06402369,0.86182433,0.8803659,0.851157,0.0,0.0,1.0,20.302511,0.06389565,0.0,0.11466081,1.0057254,1.0
584,1.5118847,1.1575232,1.1018732,0.7039244,0.0,0.0,1.0,20.293703,1.5118847,0.0,0.09353708,0.8204426,0.0
585,1.3444551,1.1233318,1.0836265,0.68723595,0.0,0.0,1.0,20.293703,1.3444551,0.0,0.07848811,0.6884435,0.0
586,1.3759454,1.1297625,1.0804757,0.6987263,0.0,0.0,1.0,19.16055,1.3759454,0.0,0.07605729,0.667122,0.0
587,0.31119165,0.9123255,0.9153199,0.7135967,0.0,0.0,1.0,19.16055,0.31119165,0.0,0.096192546,0.84373456,0.0
588,1.6881627,1.1935215,0.91789854,0.73438114,0.0,0.0,1.0,20.293703,1.6881627,0.0,0.10241759,0.8983363,0.0
589,1.0308427,1.0592879,1.0183437,0.70298976,0.0,0.0,1.0,21.024885,1.0308427,0.0,0.072089344,0.6323179,0.0
590,1.202369,1.0943159,0.93176985,0.79053366,0.0,0.0,1.0,37.607975,1.202369,0.09831682,0.1001147,0.878137,0.0
591,1.0893745,1.0712409,0.9851665,0.8334497,0.0,0.0,1.0,37.607975,1.0893745,0.09831682,0.073287904,0.64283085,0.0
592,1.1200995,1.0775154,0.96845233,0.79972625,0.0,0.0,1.0,35.38728,1.1200995,0.0,0.09932821,0.87123847,0.0
593,0.988107,1.0505607,0.9689673,0.9056617,0.0,0.0,1.0,37.656548,0.988107,0.10054922,0.07894124,0.69241804,0.0
594,0.598865,0.97107226,0.88437486,0.6977161,0.0,0.0,1.0,37.656548,0.598865,0.10054922,0.07620706,0.66843563,0.0
595,0.7043965,0.9926232,1.0007907,0.7134634,0.0,0.0,1.0,48.615185,0.7043965,0.60420984,0.07866241,0.6899723,0.0
596,0.6833147,0.988318,0.93775856,0.6852896,0.0,0.0,1.0,48.615185,0.6833147,0.60420984,0.08786715,0.77070993,0.0
597,0.6001072,0.97132593,0.98090136,0.7197269,0.0,0.0,1.0,37.669132,0.6001072,0.10112762,0.081416644,0.7141305,0.0
598,0.9554786,1.0235219,0.8819771,0.82628864,0.0,0.0,1.0,37.656548,0.85570234,0.10054922,0.15198956,1.3331474,1.0
599,0.93754214,1.0402347,0.868236,0.73253363,0.0,0.0,1.0,35.38728,0.93754214,0.0,0.08435596,0.73991215,0.0
600,0.7321137,0.99828345,0.9026386,0.7278027,0.0,0.0,1.0,37.607975,0.7321137,0.09831682,0.07163582,0.6283399,0.0
601,1.2783766,1.1098377,0.9770958,0.7261692,0.0,0.0,1.0,37.607975,1.2783766,0.09831682,0.05848734,0.51301056,0.0
602,0.7077828,0.99331474,0.9112254,0.7377482,0.0,0.0,1.0,37.607975,0.7077828,0.09831682,0.0701959,0.6157099,0.0
603,0.99654627,1.0522841,0.9721991,0.76204044,0.0,0.0,1.0,38.41273,0.99654627,0.13530353,0.07001623,0.61413395,0.0
604,1.522283,1.1596466,1.0012078,0.78235495,0.0,0.0,1.0,40.115807,1.522283,0.21357714,0.07212237,0.63260764,0.0
605,0.64813274,0.9811334,0.98874074,0.71796715,0.0,0.0,1.0,38.798893,0.64813274,0.15305158,0.088020176,0.77205217,0.0
606,0.35970992,0.9222336,1.059545,0.7297627,0.0,0.0,1.0,38.069405,0.35970992,0.11952419,0.07207565,0.6321978,0.0
607,1.1808981,1.0899312,1.0767341,0.64384496,0.0,0.0,1.0,36.047005,1.1808981,0.026574392,0.09984554,0.8757761,0.0
608,1.330577,1.1204977,1.0372392,0.62284845,0.0,0.0,1.0,35.060062,1.330577,0.0,0.10172057,0.8922226,0.0
609,1.1317024,1.0450394,0.8976365,0.80591077,0.0,0.0,1.0,34.415695,0.9610701,0.0,0.17184083,1.507269,1.0
610,1.535732,1.1623931,1.0257232,0.8167262,0.0,0.0,1.0,35.060062,1.535732,0.0,0.084521085,0.74136055,0.0
611,0.81894076,1.0160147,0.8813225,0.70260584,0.0,0.0,1.0,17.918835,0.81894076,0.0,0.069426924,0.608965,0.0
612,0.99343836,1.0516495,0.881292,0.7223051,0.0,0.0,1.0,17.918835,0.99343836,0.0,0.098221764,0.86153346,0.0
613,0.30106536,0.9102576,0.8807388,0.77084917,0.0,0.0,1.0,19.145632,0.30106536,0.0,0.09172892,0.80458266,0.0
614,1.0038366,1.0537729,1.0629174,0.812433,0.0,0.0,1.0,19.145632,1.0038366,0.0,0.092705876,0.8131519,0.0
615,0.27199733,0.9043215,0.76443887,0.7314767,0.0,0.0,1.0,21.20937,0.27199733,0.0,0.091997676,0.80694,0.0
616,1.1825588,1.0763958,1.09628,0.7472987,0.0,0.0,1.0,21.553165,1.114617,0.0,0.13386346,1.1741579,1.0
617,0.24205744,0.89820737,0.8409925,0.7050559,0.0,0.0,1.0,21.553165,0.24205744,0.0,0.081969336,0.71897835,0.0
618,1.0953901,1.0724694,0.840446,0.76629823,0.0,0.0,1.0,21.20937,1.0953901,0.0,0.0968429,0.849439,0.0
619,0.88059515,1.0286053,0.9039001,0.7555792,0.0,0.0,1.0,21.553165,0.88059515,0.0,0.07658022,0.67170876,0.0
620,0.5541221,0.96193516,0.91757125,0.8102419,0.0,0.0,1.0,21.20937,0.5541221,0.0,0.08820724,0.7736929,0.0
621,1.0455414,1.0622896,0.9546348,0.7940848,0.0,0.0,1.0,21.20937,1.0455414,0.0,0.08560465,0.75086486,0.0
622,0.2766752,0.9052768,0.85445744,0.75655127,0.0,0.0,1.0,22.65077,0.2766752,0.0,0.08879647,0.7788612,0.0
623,0.38726068,0.907896,0.90200007,0.7630365,0.0,0.0,1.0,46.001312,0.289501,0.48407584,0.08571356,0.7518201,0.0
624,0.42061326,0.93467087,0.9101815,0.74597895,0.0,0.0,1.0,45.860134,0.42061326,0.47758728,0.073578425,0.6453791,0.0
625,0.48290887,0.94739246,0.9866833,0.72780263,0.0,0.0,1.0,46.967716,0.48290887,0.5284919,0.064344764,0.5643878,0.0
626,0.6872743,0.9815035,0.9043545,0.76985,0.0,0.0,1.0,50.236794,0.649945,0.6787392,0.1327166,1.1640983,1.0
627,1.7173741,1.1994869,0.99979144,0.77226007,0.0,0.0,1.0,52.204903,1.7173741,0.76919377,0.073909506,0.6482831,0.0
628,1.1072448,1.0748903,1.1052269,0.70150805,0.0,0.0,1.0,50.02302,1.1072448,0.6689142,0.07411491,0.6500848,0.0
629,0.6194529,0.9752766,0.9761854,0.82506746,0.0,0.0,1.0,50.02302,0.6194529,0.6689142,0.106192365,0.9314461,0.0
630,1.4960929,1.1268244,1.0546548,0.7498272,0.0,0.0,1.0,51.159122,1.3615577,0.72112954,0.14619407,1.2823133,1.0
631,1.1180319,1.0626662,0.9161215,0.83999205,0.0,0.0,1.0,52.68819,1.0473855,0.79140574,0.13597915,1.192715,1.0
632,1.299216,1.1132643,1.0245419,0.7907352,0.0,0.0,1.0,50.67602,1.2951564,0.69892615,0.115029104,1.0089558,1.0
633,1.9789903,1.2529124,1.2249742,0.73526084,0.0,0.0,1.0,50.67602,1.9789903,0.69892615,0.08345503,0.7320099,0.0
634,0.9573445,1.0305893,0.98275703,0.750493,0.0,0.0,1.0,50.67602,0.89031047,0.69892615,0.13853377,1.2151225,1.0
635,1.2795365,1.1100745,1.1887413,0.6730448,0.0,0.0,1.0,56.05663,1.2795365,0.9462197,0.06552982,0.5747823,0.0
636,0.75697577,0.9663309,0.9983137,0.70024675,0.0,0.0,1.0,56.05663,0.57564723,0.9462197,0.09235263,0.81005347,0.0
637,2.125935,1.2829205,1.2737253,0.6751853,0.0,0.0,1.0,61.641598,2.125935,1.2029057,0.083239414,0.73011863,0.0
638,2.018856,1.2597922,1.1554074,0.6764606,0.0,0.0,1.0,67.88735,2.0126796,1.4899615,0.115007706,1.0087681,1.0
639,1.6185633,1.1737969,1.0948249,0.67429125,0.0,0.0,1.0,67.88735,1.5915745,1.4899615,0.119531676,1.0484493,1.0
640,1.7283136,1.2017208,1.0625789,0.849327,0.0,0.0,1.0,67.88735,1.7283136,1.4899615,0.09151476,0.8027042,0.0
641,2.084653,1.2744901,1.1044161,0.720868,0.0,0.0,1.0,67.88735,2.084653,1.4899615,0.08878535,0.7787637,0.0
642,1.1919693,1.034366,0.9696253,0.8056833,0.0,0.0,1.0,67.88735,0.9088042,1.4899615,0.10524388,0.9231266,0.0
643,1.1825361,1.0902658,0.9474588,0.88074106,0.0,0.0,1.0,61.641598,1.1825361,1.2029057,0.11400403,0.9999646,0.0
644,0.71132326,0.99403775,0.8382846,0.74880534,0.0,0.0,1.0,34.62063,0.71132326,0.0,0.1123668,0.9856039,0.0
645,0.9676863,1.0463905,0.90801364,0.73254144,0.0,0.0,1.0,34.62063,0.9676863,0.0,0.1056865,0.9270089,0.0
646,1.3255686,1.1194749,1.0048882,0.7096963,0.0,0.0,1.0,28.604265,1.3255686,0.0,0.10443152,0.9160011,0.0
647,0.59175646,0.9651629,0.87379104,0.78221196,0.0,0.0,1.0,28.283691,0.5699277,0.0,0.12648414,1.1094315,1.0
648,1.2239778,1.0745604,0.9393649,0.6983233,0.0,0.0,1.0,28.325281,1.1056296,0.0,0.14887547,1.3058327,1.0
649,1.5317942,1.1296437,0.9052633,0.84090567,0.0,0.0,1.0,28.325281,1.3753635,0.0,0.1510567,1.324965,1.0
650,0.18887095,0.88734597,0.80528843,0.6626939,0.0,0.0,1.0,36.96674,0.18887095,0.06884555,0.08381286,0.7351485,0.0
651,1.249642,1.0963273,0.9924561,0.80451345,0.0,0.0,1.0,35.991863,1.2122185,0.024040082,0.12406419,1.0882053,1.0
652,1.5286943,1.1609559,1.0911236,0.73868215,0.0,0.0,1.0,28.325281,1.5286943,0.0,0.09936666,0.87157565,0.0
653,0.3588302,0.92205393,1.0391326,0.6671577,0.0,0.0,1.0,28.325281,0.3588302,0.0,0.09306817,0.81632966,0.0
654,0.5458001,0.90072554,0.9866794,0.68324137,0.0,0.0,1.0,50.313183,0.25438854,0.6822501,0.09775135,0.8574073,0.0
655,0.8331953,1.0189257,0.97537285,0.70827883,0.0,0.0,1.0,47.40862,0.8331953,0.5487559,0.1122333,0.984433,0.0
656,1.263943,1.0867893,0.8986901,0.7832385,0.0,0.0,1.0,50.271595,1.1655122,0.6803387,0.14151746,1.2412934,1.0
657,0.82448286,1.0171465,0.8017777,0.8642976,0.0,0.0,1.0,47.83347,0.82448286,0.56828207,0.09416612,0.82596016,0.0
658,1.2396845,1.1019362,1.067397,0.76056963,0.0,0.0,1.0,47.62764,1.2396845,0.5588221,0.112302214,0.98503745,0.0
659,0.52115303,0.9522808,0.91460407,0.6868776,0.0,0.0,1.0,46.276424,0.50684637,0.49672005,0.123202614,1.0806482,1.0
660,1.1097823,1.0754085,1.0753422,0.9182169,0.0,0.0,1.0,45.864647,1.1097823,0.47779468,0.07789313,0.68322474,0.0
661,1.3270104,1.1197693,0.9711582,0.9269,0.0,0.0,1.0,46.276424,1.3270104,0.49672005,0.11083182,0.97214013,0.0
662,1.2582389,1.1057253,0.9783604,0.7817012,0.0,0.0,1.0,46.276424,1.2582389,0.49672005,0.0958862,0.84104747,0.0
663,1.3600814,1.1265229,1.0106387,0.93385565,0.0,0.0,1.0,46.276424,1.3600814,0.49672005,0.11274478,0.98891926,0.0
664,0.7571609,1.0033984,1.0105205,0.6815178,0.0,0.0,1.0,46.276424,0.7571609,0.49672005,0.07765243,0.6811135,0.0
665,0.92175525,1.0370108,0.92347753,0.60738313,0.0,0.0,1.0,47.62764,0.92175525,0.5588221,0.10664347,0.9354028,0.0
666,1.3456366,1.1235731,0.9745656,0.7173583,0.0,0.0,1.0,47.63589,1.3456366,0.5592013,0.10614543,0.9310343,0.0
667,1.9882643,1.2548063,0.9728332,0.8136944,0.0,0.0,1.0,46.74605,1.9882643,0.51830417,0.09247584,0.81113416,0.0
668,1.5453433,1.1262859,0.9804469,0.7437838,0.0,0.0,1.0,48.423805,1.3589209,0.595414,0.15869404,1.3919545,1.0
669,1.5568094,1.1666974,1.1213886,0.7298007,0.0,0.0,1.0,48.423805,1.5568094,0.595414,0.09249831,0.8113313,0.0
670,1.2525345,1.1045604,1.0600852,0.8245273,0.0,0.0,1.0,48.423805,1.2525345,0.595414,0.09265876,0.8127386,0.0
671,1.8384403,1.1890482,1.0418475,0.7912048,0.0,0.0,1.0,48.423805,1.6662575,0.595414,0.14766814,1.2952429,1.0
672,1.9032898,1.2338712,1.0696372,0.7200858,0.0,0.0,1.0,48.41542,1.8857487,0.59502864,0.117038034,1.0265768,1.0
673,0.87675095,1.0203342,0.9790059,0.86444205,0.0,0.0,1.0,48.41542,0.8400929,0.59502864,0.12822185,1.1246735,1.0
674,0.9922183,1.0514003,0.9985867,0.6600005,0.0,0.0,1.0,49.915806,0.9922183,0.66398656,0.08514659,0.74684703,0.0
675,0.9831072,1.0495397,1.1019688,0.8624054,0.0,0.0,1.0,51.633926,0.9831072,0.74295163,0.09855384,0.86444616,0.0
676,1.1530883,1.0842521,0.96883506,0.76568305,0.0,0.0,1.0,49.915806,1.1530883,0.66398656,0.096619725,0.8474815,0.0
677,0.95374155,1.0377165,0.911313,0.7165602,0.0,0.0,1.0,51.624985,0.925211,0.74254066,0.12405277,1.0881052,1.0
678,1.0047917,1.0492537,0.90751165,0.72640294,0.0,0.0,1.0,52.19303,0.9817068,0.76864815,0.12166782,1.067186,1.0
679,1.3690817,1.1283609,0.9898061,0.63437426,0.0,0.0,1.0,50.666508,1.3690817,0.6984889,0.099668115,0.87421983,0.0
680,1.7035028,1.168495,1.115209,0.7695802,0.0,0.0,1.0,50.666508,1.5656123,0.6984889,0.14269722,1.2516414,1.0
681,1.047151,1.0436863,0.9607705,0.8716942,0.0,0.0,1.0,50.666508,0.954444,0.6984889,0.1456476,1.2775201,1.0
682,1.7866994,1.213644,1.2047929,0.8529518,0.0,0.0,1.0,50.666508,1.7866994,0.6984889,0.09196592,0.8066615,0.0
683,1.944779,1.2082891,1.0468876,0.8420917,0.0,0.0,1.0,49.893303,1.7604774,0.6629523,0.148109,1.2991098,1.0
684,0.8241408,1.0170766,0.9396174,0.7229093,0.0,0.0,1.0,47.326187,0.8241408,0.5449673,0.080179274,0.7032772,0.0
685,1.0655056,1.0663666,0.9330085,0.82543516,0.0,0.0,1.0,47.30709,1.0655056,0.5440896,0.107353225,0.94162834,0.0
686,0.9924355,1.0514446,0.8763317,0.78197867,0.0,0.0,1.0,43.04239,0.9924355,0.3480833,0.10312844,0.9045714,0.0
687,0.9257031,1.037817,0.86825323,0.83410984,0.0,0.0,1.0,43.04239,0.9257031,0.3480833,0.091950625,0.8065273,0.0
688,1.5244569,1.1600906,0.9675027,0.8816494,0.0,0.0,1.0,43.04239,1.5244569,0.3480833,0.0988096,0.8666895,0.0
689,1.0604101,1.065326,1.0297567,0.7578868,0.0,0.0,1.0,44.090504,1.0604101,0.3962548,0.09095443,0.7977894,0.0
690,1.4921955,1.1535023,0.9913941,0.8759603,0.0,0.0,1.0,41.967133,1.4921955,0.29866433,0.0984104,0.863188,0.0
691,1.1655514,1.0867972,1.2172492,0.74268913,0.0,0.0,1.0,40.97275,1.1655514,0.25296244,0.0999586,0.87676775,0.0
692,1.5018752,1.1513512,1.073928,0.8210788,0.0,0.0,1.0,41.29587,1.4816617,0.2678131,0.118451916,1.0389783,1.0
693,0.4495142,0.9291972,1.0522462,0.6775222,0.0,0.0,1.0,47.69445,0.3938096,0.56189275,0.0706993,0.62012535,0.0
694,2.9514968,1.4192889,1.3505443,0.8429993,0.0,0.0,1.0,43.031506,2.7937088,0.3475831,0.13240565,1.1613709,1.0
695,2.6047213,1.3806951,1.1586848,1.0449834,0.0,0.0,1.0,36.880383,2.6047213,0.064876564,0.114004515,0.9999688,0.0
696,1.8692609,1.2303408,1.2468406,0.88330346,0.0,0.0,1.0,42.87669,1.868461,0.34046775,0.1141475,1.001223,1.0
697,2.3005972,1.3185889,1.3414873,0.8931422,0.0,0.0,1.0,42.87669,2.3005972,0.34046775,0.102121025,0.8957351,0.0
698,2.8251286,1.4257052,1.3682592,0.91174483,0.0,0.0,1.0,51.927208,2.8251286,0.75643086,0.09680167,0.84907734,0.0
699,0.37249225,0.9248439,1.2324947,0.872133,0.0,0.0,1.0,41.58092,0.37249225,0.280914,0.11260362,0.98768115,0.0
700,2.4126804,1.3414778,1.4109198,0.8218876,0.0,0.0,1.0,31.199463,2.4126804,0.0,0.11083292,0.9721498,0.0
701,2.1382778,1.285441,1.128111,0.9176267,0.0,0.0,1.0,27.533724,2.1382778,0.0,0.09020829,0.7912448,0.0
702,2.4138837,1.3307308,1.2798651,0.8190549,0.0,0.0,1.0,27.386478,2.3600543,0.0,0.121437676,1.0651674,1.0
703,2.043505,1.2483281,1.176708,0.7550898,0.0,0.0,1.0,15.257161,1.9565417,0.0,0.12848623,1.1269925,1.0
704,0.0,0.80437315,1.0143493,0.8213463,0.0,0.0,1.0,15.257161,0.0,0.0,0.14879784,1.3051518,1.0
705,1.9851587,1.2315816,1.0780314,0.84362906,0.0,0.0,1.0,15.257161,1.8745366,0.0,0.1332308,1.1686085,1.0
706,2.6736586,1.3779533,1.1409296,0.78392714,0.0,0.0,1.0,17.315023,2.5912952,0.0,0.124361515,1.0908133,1.0
707,1.9433357,1.209088,0.96629065,0.82854354,0.0,0.0,1.0,19.353615,1.7643892,0.0,0.14704475,1.2897749,1.0
708,1.3135413,1.0962452,0.88411564,0.76962763,0.0,0.0,1.0,20.31203,1.2118163,0.0,0.14135183,1.2398406,1.0
709,2.4375741,1.2913902,1.116539,0.7892121,0.0,0.0,1.0,22.214912,2.1674097,0.0,0.15461077,1.3561388,1.0
710,1.4417055,1.1125318,1.0404509,0.8464373,0.0,0.0,1.0,24.093256,1.2915692,0.0,0.15187283,1.3321235,1.0
711,1.3824126,1.0921986,0.96433496,0.812704,0.0,0.0,1.0,20.31203,1.192001,0.0,0.16604175,1.4564035,1.0
712,1.2002585,1.0894659,1.0339035,0.7609831,0.0,0.0,1.0,19.780956,1.1786191,0.0,0.119988576,1.0524569,1.0
713,1.3283612,1.1200452,0.96256495,0.82809645,0.0,0.0,1.0,19.780956,1.3283612,0.0,0.107426465,0.9422707,0.0
714,1.6668658,1.1891724,1.0323045,0.7691136,0.0,0.0,1.0,19.780956,1.6668658,0.0,0.11098173,0.9734551,0.0
715,0.4599057,0.942291,0.9565283,0.79030097,0.0,0.0,1.0,19.780956,0.45792794,0.0,0.11541492,1.01234,1.0
716,1.4257339,1.13993,1.1138136,0.8510036,0.0,0.0,1.0,35.365734,1.4257339,0.0,0.0882934,0.7744487,0.0
717,0.66925055,0.9825596,0.9058457,0.7761884,0.0,0.0,1.0,37.9744,0.65511674,0.115157746,0.12103568,1.0616413,1.0
718,1.5371532,1.1394709,1.0277578,0.7657161,0.0,0.0,1.0,37.9744,1.4234859,0.115157746,0.14001864,1.2281468,1.0
719,1.1226623,1.0745002,0.97658324,0.7924339,0.0,0.0,1.0,45.388668,1.1053348,0.4559186,0.11911443,1.0447894,1.0
720,1.2622879,1.1065521,1.0862277,0.7779803,0.0,0.0,1.0,39.053905,1.2622879,0.164772,0.110009216,0.9649248,0.0
721,1.9145417,1.2095517,1.0746313,0.8491427,0.0,0.0,1.0,46.91852,1.76666,0.52623093,0.14127454,1.2391627,1.0
722,0.42035484,0.9333764,1.144855,0.87722856,0.0,0.0,1.0,39.053905,0.41427433,0.164772,0.11878911,1.0419359,1.0
723,1.7188138,1.1652442,1.2083406,0.7835043,0.0,0.0,1.0,42.9561,1.5496935,0.34411746,0.14955625,1.311804,1.0
724,1.1665467,1.0870005,1.0519487,0.7997138,0.0,0.0,1.0,47.707806,1.1665467,0.56250656,0.09666377,0.84786785,0.0
725,1.961208,1.232357,1.3199258,0.7592611,0.0,0.0,1.0,50.06752,1.8783339,0.67095935,0.12837996,1.1260602,1.0
726,2.2790983,1.241141,1.2160577,0.791347,0.0,0.0,1.0,53.030117,1.9213475,0.80712074,0.17465967,1.531994,1.0
727,0.8521632,1.0051554,1.2224425,0.8570379,0.0,0.0,1.0,54.970215,0.7657648,0.8962879,0.15075983,1.3223611,1.0
728,0.8049711,1.0131619,1.0680314,0.7173839,0.0,0.0,1.0,50.06752,0.8049711,0.67095935,0.102163725,0.8961096,0.0
729,1.3917965,1.1291006,1.1026013,0.7732197,0.0,0.0,1.0,50.06752,1.3727039,0.67095935,0.118538655,1.0397391,1.0
730,1.9194928,1.2327003,1.0750116,0.8932042,0.0,0.0,1.0,50.467434,1.8800151,0.68933946,0.120848104,1.059996,1.0
731,1.9027034,1.2358997,1.1677542,0.8332712,0.0,0.0,1.0,55.69056,1.8956819,0.9293951,0.115214564,1.0105826,1.0
732,1.8337648,1.2232554,1.130401,0.8219049,0.0,0.0,1.0,53.030117,1.8337648,0.80712074,0.09093818,0.7976469,0.0
733,1.3367671,1.0902387,1.006567,0.8415844,0.0,0.0,1.0,54.970215,1.1824036,0.8962879,0.15653327,1.3730017,1.0
734,1.2580811,1.0929354,1.0001653,0.82559836,0.0,0.0,1.0,54.970215,1.1956092,0.8962879,0.13102819,1.1492888,1.0
735,1.9670405,1.2030848,1.0400331,0.80774343,0.0,0.0,1.0,61.56553,1.7349927,1.1994095,0.15757404,1.3821306,1.0
736,0.9862987,0.9873882,0.9191831,0.79661006,0.0,0.0,1.0,62.293633,0.6787614,1.2328733,0.12926884,1.1338569,1.0
737,1.8827174,1.2332522,1.1347363,0.86060035,0.0,0.0,1.0,34.9874,1.8827174,0.0,0.113027215,0.9913966,0.0
738,1.8283733,1.2221544,1.0823262,0.7783987,0.0,0.0,1.0,34.9874,1.8283733,0.0,0.07877717,0.6909789,0.0
739,1.6350724,1.1631618,1.0993512,0.7592611,0.0,0.0,1.0,33.37509,1.539496,0.0,0.13423078,1.1773796,1.0
740,1.2356741,1.1011173,0.93900776,0.7828534,0.0,0.0,1.0,34.564613,1.2356741,0.0,0.0771842,0.6770065,0.0
741,0.37200758,0.91982687,0.84142184,0.7297904,0.0,0.0,1.0,33.477146,0.34792462,0.0,0.13655522,1.1977681,1.0
742,1.3453783,1.1070244,1.0786325,0.75949967,0.0,0.0,1.0,33.477146,1.2646006,0.0,0.13481487,1.1825029,1.0
743,0.58084553,0.9657494,0.8963325,0.85864955,0.0,0.0,1.0,36.94362,0.57279974,0.06778291,0.11858353,1.0401328,1.0
744,0.95117384,1.0430185,0.8451075,0.8326798,0.0,0.0,1.0,35.38321,0.95117384,0.0,0.10739322,0.9419791,0.0
745,1.4550785,1.1411767,1.0225965,0.7689859,0.0,0.0,1.0,36.94362,1.4318388,0.06778291,0.119295016,1.0463735,1.0
746,1.3895712,1.1062576,1.0365092,0.77551496,0.0,0.0,1.0,32.188435,1.2608454,0.0,0.14726415,1.2916994,1.0
747,1.6462322,1.1783372,1.0359228,0.8053335,0.0,0.0,1.0,31.557371,1.6138078,0.0,0.120552756,1.0574055,1.0
748,0.0,0.8462865,0.87174696,0.87947387,0.0,0.0,1.0,32.188435,0.0,0.0,0.15007207,1.3163285,1.0
749,0.045655645,0.8381003,0.7569163,0.7837814,0.0,0.0,1.0,36.710518,0.0,0.057069555,0.14620973,1.2824507,1.0
750,1.0526261,0.9759017,0.8094782,0.8020367,0.0,0.0,1.0,64.09757,0.62251407,1.3157827,0.14349522,1.2586409,1.0
751,2.0940652,1.2365978,1.0481079,0.805471,0.0,0.0,1.0,59.671146,1.8991002,1.1123434,0.14744882,1.2933192,1.0
752,0.71703035,0.9456159,0.9417026,0.8406412,0.0,0.0,1.0,54.970215,0.47420925,0.8962879,0.12518194,1.0980095,1.0
753,1.9335754,1.1560687,0.98502916,0.8190587,0.0,0.0,1.0,57.400333,1.5047624,1.0079765,0.2068336,1.8142015,1.0
754,0.8061487,0.95400256,0.9859247,0.7680301,0.0,0.0,1.0,57.39401,0.51527745,1.0076859,0.15036923,1.3189349,1.0
755,1.8496668,1.2037321,0.99678093,0.812704,0.0,0.0,1.0,57.400333,1.7381625,1.0079765,0.13490435,1.1832877,1.0
756,0.77969927,0.88876677,0.95307386,0.7914175,0.0,0.0,1.0,56.674652,0.19582836,0.9746241,0.13601924,1.1930668,1.0
757,1.6619246,1.153648,0.917367,0.8039939,0.0,0.0,1.0,57.490955,1.4929087,1.0121416,0.15088561,1.3234643,1.0
758,0.8439466,0.99852145,0.8042442,0.82493293,0.0,0.0,1.0,56.674652,0.73327917,0.9746241,0.16316876,1.4312036,1.0
759,1.5799781,1.1384926,0.9025402,0.82466394,0.0,0.0,1.0,56.674652,1.4186951,0.9746241,0.15103921,1.3248116,1.0
760,2.0163274,1.2137289,1.0572168,0.7947587,0.0,0.0,1.0,58.34614,1.7871151,1.0514461,0.15578657,1.3664522,1.0
761,0.54404277,0.92339057,0.9180897,0.7950045,0.0,0.0,1.0,50.26539,0.3653755,0.6800534,0.15761109,1.3824556,1.0
762,1.0614456,1.0536323,0.8699329,0.88846105,0.0,0.0,1.0,53.838566,1.0031478,0.8442772,0.13293824,1.1660423,1.0
763,1.1976069,1.0650648,1.0056225,0.79115003,0.0,0.0,1.0,53.838566,1.0591311,0.8442772,0.15659651,1.3735564,1.0
764,1.8190516,1.18213,1.0545164,0.8658257,0.0,0.0,1.0,58.6731,1.6323802,1.066473,0.15125789,1.3267297,1.0
765,0.85317844,0.9661495,1.038189,0.7652808,0.0,0.0,1.0,58.6731,0.57475907,1.066473,0.09124374,0.800327,0.0
766,1.640705,1.168243,1.2222536,0.755592,0.0,0.0,1.0,53.838566,1.5643783,0.8442772,0.12990095,1.1394013,1.0
767,1.2720331,1.0746318,0.99469995,0.7779558,0.0,0.0,1.0,53.838566,1.1059792,0.8442772,0.1629149,1.4289769,1.0
768,2.1214468,1.2378392,1.0607966,0.91524076,0.0,0.0,1.0,53.838566,1.9051794,0.8442772,0.1509843,1.32433,1.0
769,1.8800298,1.2327033,1.0665543,0.8230179,0.0,0.0,1.0,51.477154,1.8800298,0.7357463,0.09026951,0.7917818,0.0
770,1.1525456,1.0404109,1.0183465,0.90632266,0.0,0.0,1.0,48.19927,0.9384049,0.5850942,0.18834016,1.6519897,1.0
771,1.6537449,1.1864929,1.0078492,0.8071128,0.0,0.0,1.0,39.962933,1.6537449,0.20655102,0.09875282,0.8661915,0.0
772,2.010211,1.2592881,1.0856143,0.78745526,0.0,0.0,1.0,39.911312,2.010211,0.20417853,0.09608747,0.8428129,0.0
773,1.4715565,1.1492856,1.0298555,0.70133626,0.0,0.0,1.0,42.052628,1.4715465,0.3025937,0.11401028,1.0000194,1.0
774,1.5611494,1.1668464,1.090614,0.8049459,0.0,0.0,1.0,39.68719,1.5575391,0.19387789,0.11476309,1.0066226,1.0
775,1.63584,1.1802698,1.0986038,0.81467307,0.0,0.0,1.0,39.68719,1.6232715,0.19387789,0.11653017,1.0221221,1.0
776,1.014601,1.0559711,1.1191717,0.7409231,0.0,0.0,1.0,36.798332,1.014601,0.061105516,0.1103171,0.9676254,0.0
777,2.374941,1.3337709,1.365256,0.76163054,0.0,0.0,1.0,34.373276,2.374941,0.0,0.10564065,0.9266068,0.0
778,0.50127596,0.95114326,1.1486478,0.67314374,0.0,0.0,1.0,31.045755,0.50127596,0.0,0.097134806,0.8519994,0.0
779,2.1993933,1.2966088,1.3570846,0.782771,0.0,0.0,1.0,30.307238,2.1929646,0.0,0.114962965,1.0083756,1.0
780,1.8984779,1.2364707,1.2167727,0.6556959,0.0,0.0,1.0,30.307238,1.8984779,0.0,0.10013741,0.8783362,0.0
781,1.4514542,1.14218,1.1225348,0.7024132,0.0,0.0,1.0,28.969532,1.4367516,0.0,0.11734139,1.0292376,1.0
782,1.7940389,1.2151428,1.1598272,0.67357004,0.0,0.0,1.0,24.901268,1.7940389,0.0,0.11380025,0.9981772,0.0
783,1.5221096,1.1596112,1.0950618,0.70487654,0.0,0.0,1.0,24.230894,1.5221096,0.0,0.08529239,0.7481259,0.0
784,1.0894666,1.0710659,1.1114249,0.73177606,0.0,0.0,1.0,24.410114,1.0885175,0.0,0.11429208,1.0024911,1.0
785,1.3994787,1.1345683,1.13272,0.73209184,0.0,0.0,1.0,24.128843,1.3994787,0.0,0.109302595,0.9587268,0.0
786,1.3114249,1.1165866,0.9908758,0.8174782,0.0,0.0,1.0,24.617378,1.3114249,0.0,0.1047981,0.9192165,0.0
787,1.5798777,1.1517043,1.2608546,0.75134164,0.0,0.0,1.0,24.410114,1.4833908,0.0,0.13519563,1.1858426,1.0
788,1.7238485,1.200809,1.0595931,0.83736783,0.0,0.0,1.0,24.348944,1.7238485,0.0,0.106437415,0.9335955,0.0
789,1.2115974,1.0962005,0.9863331,0.8180968,0.0,0.0,1.0,24.348944,1.2115974,0.0,0.099020295,0.8685376,0.0
790,1.4593607,1.1467971,1.0611128,0.82817715,0.0,0.0,1.0,23.784742,1.4593607,0.0,0.09956255,0.8732939,0.0
791,1.4845,1.15121,1.0736325,0.83805233,0.0,0.0,1.0,24.637669,1.4809699,0.0,0.11478453,1.0068105,1.0
792,2.217859,1.2870735,1.1301887,0.8231228,0.0,0.0,1.0,24.637669,2.1462717,0.0,0.12487279,1.0952978,1.0
793,1.143122,1.0822169,1.186476,0.7864247,0.0,0.0,1.0,21.90006,1.143122,0.0,0.11283905,0.98974615,0.0
794,0.262155,0.9016326,0.83266205,0.76302695,0.0,0.0,1.0,20.30792,0.25883028,0.0,0.11819224,1.0367006,1.0
795,1.6203259,1.1665565,1.0514472,0.7990223,0.0,0.0,1.0,20.533596,1.5561194,0.0,0.1274482,1.1178875,1.0
796,2.045656,1.2149075,0.99080336,0.8046606,0.0,0.0,1.0,11.365111,1.7928866,0.0,0.15993199,1.4028128,1.0
797,0.89186764,1.0292338,0.9296551,0.79068124,0.0,0.0,1.0,11.365111,0.88367265,0.0,0.1170289,1.0264966,1.0
798,1.4224246,1.1355503,1.0320759,0.7734385,0.0,0.0,1.0,0.90919536,1.404287,0.0,0.11821526,1.0369025,1.0
799,1.3395635,1.1087679,0.9418086,0.7927246,0.0,0.0,1.0,0.90919536,1.2731379,0.0,0.1310033,1.1490705,1.0
800,1.7149047,1.1840559,0.9748477,0.78801405,0.0,0.0,1.0,0.8762222,1.6418114,0.0,0.12850985,1.1271996,1.0
801,0.98437387,1.0407649,0.9973211,0.7562983,0.0,0.0,1.0,0.88805425,0.94013864,0.0,0.12933458,1.1344336,1.0
802,0.9714585,1.0471609,1.0099561,0.80387133,0.0,0.0,1.0,0.88805425,0.9714585,0.0,0.104932986,0.92039967,0.0
803,1.5966038,1.1655396,1.0712224,0.79687464,0.0,0.0,1.0,0.96818393,1.5511401,0.0,0.12355541,1.0837426,1.0
804,2.0031588,1.228538,1.0982933,0.7663171,0.0,0.0,1.0,13.461124,1.859633,0.0,0.13914835,1.2205132,1.0
805,1.5200794,1.1591966,1.0865433,0.8848493,0.0,0.0,1.0,13.067629,1.5200794,0.0,0.092181236,0.8085501,0.0
806,1.5480157,1.1330656,1.1118176,0.7519984,0.0,0.0,1.0,12.806584,1.3921199,0.0,0.15048559,1.3199556,1.0
807,1.3405918,1.1108829,1.0818684,0.79146427,0.0,0.0,1.0,12.040559,1.2834948,0.0,0.1284987,1.1271018,1.0
808,1.2855502,1.1113026,1.100906,0.83189774,0.0,0.0,1.0,11.670166,1.2855502,0.0,0.10635635,0.93288445,0.0
809,2.099359,1.2576412,1.2520851,0.8263802,0.0,0.0,1.0,11.786917,2.0021465,0.0,0.12982397,1.1387261,1.0
810,2.2131395,1.3007288,1.3650842,0.9220768,0.0,0.0,1.0,22.413908,2.2131395,0.0,0.07761281,0.6807659,0.0
811,2.6270146,1.3447804,1.1845412,0.8325331,0.0,0.0,1.0,22.413908,2.4288533,0.0,0.14058378,1.2331038,1.0
812,1.2594362,1.1059698,1.2442825,0.75396365,0.0,0.0,1.0,24.986744,1.2594362,0.0,0.10462239,0.91767526,0.0
813,1.2530662,1.0855865,1.2954843,0.88558066,0.0,0.0,1.0,21.770397,1.1596228,0.0,0.14025626,1.2302309,1.0
814,1.777925,1.1809088,1.2728935,0.858635,0.0,0.0,1.0,24.986744,1.6264004,0.0,0.14435558,1.2661874,1.0
815,2.089455,1.2754707,1.1784519,0.730182,0.0,0.0,1.0,25.656582,2.089455,0.0,0.08125545,0.71271664,0.0
816,1.9551145,1.2272961,1.2369844,0.76201147,0.0,0.0,1.0,30.434225,1.8535515,0.0,0.13185643,1.1565535,1.0
817,0.74830896,0.98378336,1.0929782,0.6864807,0.0,0.0,1.0,25.656582,0.6611092,0.0,0.15697254,1.3768547,1.0
818,1.7686256,1.1989297,1.2985996,0.7852251,0.0,0.0,1.0,25.656582,1.7146456,0.0,0.12426284,1.0899478,1.0
819,1.4250767,1.1145875,1.1343297,0.7701831,0.0,0.0,1.0,30.815615,1.301636,0.0,0.14489938,1.2709572,1.0
820,1.5746098,1.1499866,1.1251423,0.74763674,0.0,0.0,1.0,30.815615,1.4749795,0.0,0.13601059,1.1929909,1.0
821,1.3850042,1.1249199,1.0718396,0.8800879,0.0,0.0,1.0,30.815615,1.3522319,0.0,0.12190256,1.0692451,1.0
822,0.7094224,0.9857902,1.0979512,0.7423706,0.0,0.0,1.0,29.228394,0.6709363,0.0,0.13269298,1.1638911,1.0
823,0.6784217,0.9794091,1.0942163,0.68412465,0.0,0.0,1.0,28.558485,0.63968915,0.0,0.13373114,1.1729971,1.0
824,1.6520319,1.1620294,1.0906192,0.7515021,0.0,0.0,1.0,28.558485,1.5339509,0.0,0.13908279,1.2199382,1.0
825,1.4341942,1.1209037,1.1704798,0.77841955,0.0,0.0,1.0,30.289495,1.3325653,0.0,0.1388506,1.2179015,1.0
826,1.3317708,1.1195349,1.1577522,0.81661,0.0,0.0,1.0,28.558485,1.3258622,0.0,0.11545969,1.0127326,1.0
827,1.1200032,1.0774957,1.1003225,0.7471186,0.0,0.0,1.0,29.224865,1.1200032,0.0,0.0983639,0.86278015,0.0
828,1.4981672,1.1547219,1.1604558,0.68160635,0.0,0.0,1.0,16.194286,1.4981672,0.0,0.08890064,0.77977496,0.0
829,0.91683894,1.0303386,1.0934927,0.7903814,0.0,0.0,1.0,16.208544,0.88908285,0.0,0.12417717,1.0891963,1.0
830,1.5110712,1.134835,1.0719684,0.8253761,0.0,0.0,1.0,16.799004,1.4007845,0.0,0.13965407,1.224949,1.0
831,1.2155197,1.0797508,0.93775815,0.8190311,0.0,0.0,1.0,18.12872,1.1310459,0.0,0.13833621,1.2133896,1.0
832,0.809125,1.0093675,0.90634686,0.8022509,0.0,0.0,1.0,18.12872,0.78639036,0.0,0.12342521,1.0826006,1.0
833,1.1995392,1.0776113,0.93116176,0.8190311,0.0,0.0,1.0,18.805487,1.1205695,0.0,0.13696368,1.2013508,1.0
834,0.6385667,0.97129786,0.8122013,0.76974255,0.0,0.0,1.0,18.939701,0.5999697,0.0,0.13496324,1.1838043,1.0
835,0.59957206,0.96377283,1.0366365,0.91245866,0.0,0.0,1.0,19.353764,0.56312084,0.0,0.1350933,1.1849451,1.0
836,1.2786323,1.0946289,0.897207,0.81471056,0.0,0.0,1.0,19.353764,1.2039019,0.0,0.13422772,1.1773528,1.0
837,1.4238046,1.1269723,0.9643719,0.82831275,0.0,0.0,1.0,18.9768,1.3622822,0.0,0.12871881,1.1290325,1.0
838,0.7392301,0.98997986,0.85221964,0.8928803,0.0,0.0,1.0,19.644823,0.69145244,0.0,0.13651572,1.1974216,1.0
839,1.6784847,1.191239,1.1178904,0.7802027,0.0,0.0,1.0,21.134745,1.6769857,0.0,0.11429922,1.0025538,1.0
840,1.2899626,1.1065444,1.0118581,0.82578653,0.0,0.0,1.0,39.965034,1.26225,0.20664762,0.12115964,1.0627286,1.0
841,1.8958431,1.2318939,1.0553216,0.75517124,0.0,0.0,1.0,43.9569,1.8760661,0.39011443,0.117441915,1.0301193,1.0
842,1.0293517,1.0452701,0.99906623,0.75366527,0.0,0.0,1.0,43.9569,0.9621996,0.39011443,0.13674133,1.1994004,1.0
843,1.5739045,1.1701884,1.0733353,0.8700953,0.0,0.0,1.0,47.02884,1.5739045,0.53130114,0.09974529,0.87489676,0.0
844,1.3227764,1.1189047,1.0884926,0.85163414,0.0,0.0,1.0,51.15438,1.3227764,0.7209116,0.10358109,0.9085418,0.0
845,1.3177385,1.1070491,1.0507095,0.77813387,0.0,0.0,1.0,51.15438,1.2647215,0.7209116,0.12766297,1.1197714,1.0
846,1.8491898,1.2264054,1.1764542,0.79280263,0.0,0.0,1.0,51.288082,1.8491898,0.72705656,0.083783366,0.7348898,0.0
847,0.5585561,0.94415903,1.0498412,0.8042284,0.0,0.0,1.0,50.660114,0.46707526,0.6981951,0.104632474,0.91776377,0.0
848,2.6408432,1.3880717,1.2496313,0.82038367,0.0,0.0,1.0,51.288082,2.6408432,0.72705656,0.113460146,0.995194,0.0
849,1.8449032,1.22553,1.1934706,0.86011523,0.0,0.0,1.0,52.603603,1.8449032,0.78751814,0.09444531,0.828409,0.0
850,2.4950395,1.3519905,1.1589973,0.83855253,0.0,0.0,1.0,51.288082,2.4641595,0.72705656,0.11809009,1.0358047,1.0
851,2.1867313,1.2953359,1.1793728,0.8060588,0.0,0.0,1.0,53.92885,2.1867313,0.8484266,0.09142066,0.8018788,0.0
852,1.69839,1.19561,1.2378532,0.7343614,0.0,0.0,1.0,49.557297,1.69839,0.6475094,0.106092565,0.93057066,0.0
853,2.0691752,1.2123653,1.0582093,0.72471434,0.0,0.0,1.0,52.570564,1.7804376,0.78599966,0.16683365,1.4633496,1.0
854,1.889842,1.2347071,1.0773437,0.85566443,0.0,0.0,1.0,54.27735,1.889842,0.86444384,0.10591469,0.92901045,0.0
855,1.8236535,1.2116836,1.0443975,0.88729525,0.0,0.0,1.0,55.564182,1.7770997,0.9235868,0.12254123,1.074847,1.0
856,2.4010406,1.3391007,1.2138053,0.91803867,0.0,0.0,1.0,55.564182,2.4010406,0.9235868,0.11194223,0.9818799,0.0
857,1.2014912,1.0874748,1.0641063,0.8433638,0.0,0.0,1.0,55.564182,1.1688694,0.9235868,0.12309907,1.0797399,1.0
858,1.4513891,1.1451691,1.0446492,0.919633,0.0,0.0,1.0,55.564182,1.4513891,0.9235868,0.090874985,0.79709256,0.0
859,1.5395036,1.1631633,1.0409313,0.79713446,0.0,0.0,1.0,55.564182,1.5395036,0.9235868,0.095097184,0.8341268,0.0
860,1.3311079,1.1142509,1.1234487,0.81442297,0.0,0.0,1.0,59.32557,1.2999874,1.0964607,0.121805884,1.068397,1.0
861,1.4548559,1.1458771,1.0831655,0.68498635,0.0,0.0,1.0,55.779854,1.4548559,0.93349904,0.1020003,0.8946762,0.0
862,1.9283155,1.2222216,1.1313202,0.7610225,0.0,0.0,1.0,55.779854,1.8287024,0.93349904,0.13175163,1.1556343,1.0
863,1.8218381,1.2039095,1.018703,0.98418707,0.0,0.0,1.0,55.779854,1.7390312,0.93349904,0.12951861,1.1360477,1.0
864,2.8716223,1.3521693,1.2330093,0.74265677,0.0,0.0,1.0,59.32557,2.465035,1.0964607,0.16773577,1.4712622,1.0
865,2.3994532,1.2984792,1.1923103,0.8780748,0.0,0.0,1.0,55.779854,2.2021234,0.93349904,0.14319704,1.2560256,1.0
866,1.4916385,1.1533886,1.110507,0.813734,0.0,0.0,1.0,54.38241,1.4916385,0.86927223,0.09676534,0.8487587,0.0
867,2.4363403,1.3463094,1.3148575,0.70460844,0.0,0.0,1.0,53.07225,2.4363403,0.8090572,0.10683641,0.93709517,0.0
868,2.4729853,1.3308742,1.1859376,0.8868779,0.0,0.0,1.0,53.691727,2.3607566,0.8375284,0.12949339,1.1358265,1.0
869,2.521292,1.3636577,1.397604,0.8825416,0.0,0.0,1.0,56.898823,2.521292,0.98492706,0.108019136,0.94746923,0.0
870,3.0532587,1.453346,1.480241,0.74651104,0.0,0.0,1.0,56.898823,2.9604812,0.98492706,0.124216266,1.0895393,1.0
871,2.4103496,1.3410017,1.4388,0.75458425,0.0,0.0,1.0,59.34855,2.4103496,1.0975168,0.112756826,0.98902494,0.0
872,3.298931,1.478972,1.5201695,0.715609,0.0,0.0,1.0,59.32557,3.085967,1.0964607,0.13648733,1.1971726,1.0
873,2.2410676,1.3064321,1.3509746,0.83111215,0.0,0.0,1.0,59.32557,2.2410676,1.0964607,0.09389566,0.82358783,0.0
874,2.4572794,1.3412391,1.4404479,0.8095279,0.0,0.0,1.0,57.74733,2.4115117,1.0239246,0.12019017,1.0542252,1.0
875,1.6198214,1.176723,1.4068321,0.6860733,0.0,0.0,1.0,54.38241,1.6059033,0.86927223,0.116831206,1.0247626,1.0
876,1.4642391,1.1477933,1.2250746,0.6984817,0.0,0.0,1.0,54.38241,1.4642391,0.86927223,0.11045081,0.9687982,0.0
877,3.268535,1.3697453,1.3622022,0.7368209,0.0,0.0,1.0,50.93971,2.5511017,0.71104527,0.2056135,1.8034995,1.0
878,2.292999,1.3087462,1.1963422,0.80369586,0.0,0.0,1.0,46.660686,2.2523994,0.51438075,0.11987951,1.0515002,1.0
879,1.6953475,1.191066,1.20984,0.7945943,0.0,0.0,1.0,45.45122,1.6761386,0.45879358,0.11774109,1.0327435,1.0
880,2.7032664,1.3328028,1.307951,0.7569202,0.0,0.0,1.0,40.952705,2.3702004,0.25204113,0.1597814,1.401492,1.0
881,1.5301869,1.1612607,1.0282704,0.7362459,0.0,0.0,1.0,39.093224,1.5301869,0.16657907,0.10418496,0.9138385,0.0
882,1.9541886,1.2478476,1.0842994,0.918705,0.0,0.0,1.0,31.048727,1.9541886,0.0,0.099618,0.8737803,0.0
883,1.6248219,1.1805865,1.0827571,0.8387987,0.0,0.0,1.0,31.048727,1.6248219,0.0,0.10734053,0.94151694,0.0
884,2.0617373,1.2698104,1.1951876,0.7760682,0.0,0.0,1.0,32.92466,2.0617373,0.0,0.09230738,0.80965656,0.0
885,0.9676495,1.046383,0.9630062,0.64196604,0.0,0.0,1.0,25.962215,0.9676495,0.0,0.103173845,0.9049697,0.0
886,1.280966,1.1103665,1.1011525,0.77044696,0.0,0.0,1.0,30.409245,1.280966,0.0,0.07909681,0.69378257,0.0
887,1.2746329,1.1090732,0.98090494,0.76269644,0.0,0.0,1.0,14.183764,1.2746329,0.0,0.105877265,0.9286822,0.0
888,0.66785014,0.9808011,0.8557371,0.64350176,0.0,0.0,1.0,12.634211,0.64650553,0.0,0.12476239,1.0943295,1.0
889,0.3930937,0.92722934,0.75796473,0.75483805,0.0,0.0,1.0,12.624547,0.38417336,0.0,0.12157156,1.0663418,1.0
890,1.8277805,1.16703,0.8694522,0.8496064,0.0,0.0,1.0,12.634211,1.5584381,0.0,0.17030475,1.4937955,1.0
891,1.1655804,1.0483425,0.91772306,0.8184822,0.0,0.0,1.0,11.717776,0.9772446,0.0,0.17678456,1.550632,1.0
892,0.6629576,0.98416084,0.8648448,0.7555629,0.0,0.0,1.0,12.624547,0.6629576,0.0,0.0997255,0.8747232,0.0
893,0.67752683,0.98713607,0.8930449,0.7917277,0.0,0.0,1.0,12.624547,0.67752683,0.0,0.109487034,0.9603446,0.0
894,0.83305115,1.0188962,0.9183414,0.7486426,0.0,0.0,1.0,12.624547,0.83305115,0.0,0.09110532,0.7991129,0.0
895,1.4893264,1.1330117,0.89448196,0.81451964,0.0,0.0,1.0,12.624547,1.3918561,0.0,0.13681912,1.2000828,1.0
896,1.2979738,1.1095071,1.080351,0.7223174,0.0,0.0,1.0,14.363907,1.2767578,0.0,0.119420856,1.0474772,1.0
897,1.3066568,1.1156129,0.9464087,0.81252104,0.0,0.0,1.0,14.363907,1.3066568,0.0,0.10180203,0.89293706,0.0
898,0.6381661,0.9790981,1.0121684,0.67756826,0.0,0.0,1.0,14.363907,0.6381661,0.0,0.09868504,0.865597,0.0
899,1.1240119,1.0783143,1.04383,0.77282137,0.0,0.0,1.0,12.610859,1.1240119,0.0,0.10004489,0.8775247,0.0
900,1.0661372,1.0664955,0.97683096,0.8660606,0.0,0.0,1.0,12.610859,1.0661372,0.0,0.1017191,0.89220965,0.0
901,0.96508276,1.0458589,0.8526704,0.7544566,0.0,0.0,1.0,26.409958,0.96508276,0.0,0.08508037,0.74626625,0.0
902,0.4043375,0.93134713,0.7871449,0.73781395,0.0,0.0,1.0,26.409958,0.4043375,0.0,0.06520563,0.57193875,0.0
903,1.0302327,1.0591633,1.1885821,0.7921833,0.0,0.0,1.0,26.409958,1.0302327,0.0,0.09747467,0.85498047,0.0
904,1.7914184,1.2146077,1.070872,0.80058885,0.0,0.0,1.0,26.409958,1.7914184,0.0,0.092849776,0.8144141,0.0
905,1.7637681,1.2089611,1.0375568,0.85914236,0.0,0.0,1.0,26.409958,1.7637681,0.0,0.08270641,0.7254434,0.0
906,1.7231964,1.2006758,1.1833556,0.8676773,0.0,0.0,1.0,25.815712,1.7231964,0.0,0.09036531,0.7926221,0.0
907,2.276866,1.3137426,1.161513,0.92792803,0.0,0.0,1.0,25.815712,2.276866,0.0,0.06343114,0.5563741,0.0
908,0.9429827,1.0413457,1.133049,0.84532225,0.0,0.0,1.0,30.343685,0.9429827,0.0,0.1000038,0.87716424,0.0
909,1.6518717,1.1861104,1.1008688,0.7007376,0.0,0.0,1.0,30.343685,1.6518717,0.0,0.08236594,0.7224571,0.0
910,1.3695989,1.1284665,1.089936,0.7931658,0.0,0.0,1.0,26.191578,1.3695989,0.0,0.09521254,0.8351386,0.0
911,1.0150574,1.0560644,1.090625,0.87229156,0.0,0.0,1.0,30.3476,1.0150574,0.0,0.082767956,0.7259833,0.0
912,1.4053226,1.1357617,1.0442841,0.9190826,0.0,0.0,1.0,26.194958,1.4053226,0.0,0.08294374,0.7275252,0.0
913,0.8963627,1.0318253,1.0061657,0.8393689,0.0,0.0,1.0,26.194958,0.8963627,0.0,0.10350932,0.90791225,0.0
914,0.3526127,0.92078424,1.0536804,0.75387424,0.0,0.0,1.0,30.3476,0.3526127,0.0,0.09084043,0.79678947,0.0
915,0.9192772,1.0365047,1.0278269,0.7448321,0.0,0.0,1.0,30.3476,0.9192772,0.0,0.079752564,0.69953436,0.0
916,1.4228904,1.1393493,1.0533834,0.92755294,0.0,0.0,1.0,32.829063,1.4228904,0.0,0.066415176,0.582548,0.0
917,1.5695001,1.169289,0.91688836,0.83352876,0.0,0.0,1.0,30.3476,1.5695001,0.0,0.08169329,0.7165571,0.0
918,0.59455776,0.9701927,0.96664363,0.6951104,0.0,0.0,1.0,31.77344,0.59455776,0.0,0.07445873,0.65310055,0.0
919,0.32470834,0.9150858,0.8870017,0.68151903,0.0,0.0,1.0,32.456947,0.32470834,0.0,0.084492415,0.7411091,0.0
920,0.17877415,0.88528407,0.8451323,0.67605203,0.0,0.0,1.0,35.32456,0.17877415,0.0,0.09275614,0.81359273,0.0
921,1.8873042,1.1968172,0.9721525,0.82854354,0.0,0.0,1.0,37.80998,1.704301,0.10760093,0.14898488,1.3067924,1.0
922,0.4845781,0.94773334,1.0197979,0.74265987,0.0,0.0,1.0,20.883728,0.4845781,0.0,0.10378145,0.9102991,0.0
923,0.9399034,1.0407169,0.8742864,0.8296426,0.0,0.0,1.0,21.067863,0.9399034,0.0,0.10046169,0.8811805,0.0
924,1.7129611,1.1916311,1.1011677,0.70836085,0.0,0.0,1.0,20.167229,1.6789056,0.0,0.12061544,1.0579553,1.0
925,2.143239,1.2864542,1.1085882,0.85859716,0.0,0.0,1.0,20.31281,2.143239,0.0,0.09392442,0.8238401,0.0
926,1.48372,1.1517715,1.1566122,0.88447154,0.0,0.0,1.0,20.439388,1.48372,0.0,0.10595736,0.9293847,0.0
927,1.4709126,1.1491561,1.0966285,0.81213427,0.0,0.0,1.0,19.918541,1.4709126,0.0,0.078829825,0.69144076,0.0
928,2.5891907,1.3775235,1.2888625,0.6323449,0.0,0.0,1.0,19.204014,2.5891907,0.0,0.091397114,0.80167234,0.0
929,1.5576057,1.1338516,1.0752649,0.79508424,0.0,0.0,1.0,19.200191,1.3959692,0.0,0.15172458,1.3308232,1.0
930,1.7806001,1.163762,1.2777171,0.77158403,0.0,0.0,1.0,18.133028,1.5424352,0.0,0.16430464,1.4411668,1.0
931,1.6137419,1.1600226,1.3456188,0.80256754,0.0,0.0,1.0,16.820375,1.5241241,0.0,0.13316128,1.1679987,1.0
932,0.7804093,1.008146,1.1985265,0.73088056,0.0,0.0,1.0,16.820375,0.7804093,0.0,0.093050435,0.8161741,0.0
933,1.0300866,1.0591335,1.3128815,0.8976258,0.0,0.0,1.0,17.116386,1.0300866,0.0,0.1020463,0.8950797,0.0
934,1.2636479,1.1068299,1.4855993,0.89689636,0.0,0.0,1.0,32.911915,1.2636479,0.0,0.09470469,0.83068407,0.0
935,2.5759478,1.3748192,1.3976054,0.9486317,0.0,0.0,1.0,34.699135,2.5759478,0.0,0.094756156,0.8311355,0.0
936,1.431602,1.138558,1.161685,0.6737014,0.0,0.0,1.0,40.210495,1.4190155,0.21792902,0.11689734,1.0253427,1.0
937,1.465419,1.1433656,1.3863937,0.96318054,0.0,0.0,1.0,40.22727,1.4425576,0.21869992,0.11917031,1.0452796,1.0
938,2.6768973,1.3954344,1.417875,0.7452117,0.0,0.0,1.0,41.993454,2.6768973,0.2998741,0.09216976,0.80844945,0.0
939,2.5530148,1.3701359,1.3972738,0.8675957,0.0,0.0,1.0,44.013695,2.5530148,0.39272463,0.07872974,0.6905629,0.0
940,2.189657,1.2959334,1.244573,0.8756172,0.0,0.0,1.0,44.927197,2.189657,0.4347093,0.08573482,0.7520066,0.0
941,1.9622484,1.2494935,1.2730997,0.7187205,0.0,0.0,1.0,45.798702,1.9622484,0.47476387,0.106353305,0.9328577,0.0
942,2.1811836,1.2666235,1.1749382,0.83425283,0.0,0.0,1.0,51.28948,2.0461314,0.72712076,0.13550794,1.1885821,1.0
943,2.302653,1.3190087,1.6060292,0.8327103,0.0,0.0,1.0,57.025818,2.302653,0.9907637,0.10515142,0.9223156,0.0
944,2.1767046,1.2631524,1.3016189,0.82412505,0.0,0.0,1.0,58.09906,2.0291338,1.0400901,0.13769764,1.2077885,1.0
945,2.2172356,1.3015653,1.2894953,0.82348585,0.0,0.0,1.0,58.09906,2.2172356,1.0400901,0.08419193,0.7384735,0.0
946,2.2056875,1.2831894,1.6039774,0.8475416,0.0,0.0,1.0,60.45827,2.1272519,1.1485198,0.1260186,1.1053481,1.0
947,2.2037542,1.2682781,1.8865436,0.8764945,0.0,0.0,1.0,60.45827,2.0542338,1.1485198,0.13771732,1.2079612,1.0
948,1.4244344,1.1240422,1.3547196,0.8413154,0.0,0.0,1.0,59.27775,1.3479337,1.0942628,0.132495,1.1621546,1.0
949,2.4357262,1.346184,1.2798529,0.88145953,0.0,0.0,1.0,59.27775,2.4357262,1.0942628,0.11237114,0.98564196,0.0
950,0.95404935,1.0436057,1.1506199,0.86729395,0.0,0.0,1.0,58.064297,0.95404935,1.0384924,0.10453936,0.916947,0.0
951,2.4391873,1.3468908,1.4432087,0.8297263,0.0,0.0,1.0,58.09906,2.4391873,1.0400901,0.10144729,0.8898255,0.0
952,1.0612888,1.0563245,1.1757311,0.87937963,0.0,0.0,1.0,62.54003,1.0163312,1.2441978,0.12841715,1.1263865,1.0
953,0.7687425,1.0057635,0.9101994,0.7936432,0.0,0.0,1.0,35.01759,0.7687425,0.0,0.08802877,0.77212757,0.0
954,0.6235931,0.9744237,0.9909494,0.7859861,0.0,0.0,1.0,35.887024,0.61527646,0.019221652,0.118411034,1.0386198,1.0
955,0.64845854,0.9772562,1.1075605,0.8663486,0.0,0.0,1.0,37.521923,0.62914664,0.09436186,0.12400671,1.0877012,1.0
956,1.4223137,1.1392316,1.1512967,0.8727309,0.0,0.0,1.0,38.257267,1.4223137,0.12815838,0.08856135,0.77679896,0.0
957,1.4832425,1.151674,1.1086814,0.8748627,0.0,0.0,1.0,37.521923,1.4832425,0.09436186,0.11294512,0.9906765,0.0
958,1.6427432,1.1513928,1.1757406,0.8602217,0.0,0.0,1.0,38.98284,1.4818654,0.1615059,0.14937153,1.3101839,1.0
959,0.7669047,1.003849,0.97321814,0.8857538,0.0,0.0,1.0,41.59476,0.75936747,0.28155008,0.117241256,1.0283593,1.0
960,1.4238943,1.1278687,1.1275315,0.72747415,0.0,0.0,1.0,74.19513,1.3666714,1.7798679,0.093188025,0.81738096,0.0
961,2.2844622,1.3000861,1.2614762,0.8372443,0.0,0.0,1.0,72.308,2.2099924,1.693135,0.12498439,1.0962768,1.0
962,2.2385938,1.3059269,1.3175461,0.8116843,0.0,0.0,1.0,72.308,2.2385938,1.693135,0.09818359,0.8611986,0.0
963,1.354508,1.1015781,1.1953243,0.6892465,0.0,0.0,1.0,72.308,1.2379309,1.693135,0.085348494,0.748618,0.0
964,1.2653868,1.0672394,1.2014103,0.7121614,0.0,0.0,1.0,69.884125,1.0697799,1.5817335,0.08163243,0.71602327,0.0
965,1.5792686,1.1712838,1.207835,0.84737676,0.0,0.0,1.0,62.236763,1.5792686,1.2302595,0.08244914,0.72318685,0.0
966,1.9187644,1.2406135,1.2023079,0.7241168,0.0,0.0,1.0,59.7689,1.9187644,1.1168363,0.09811047,0.8605572,0.0
967,1.5315237,1.1615337,1.2032907,0.81439316,0.0,0.0,1.0,58.868504,1.5315237,1.0754539,0.070159905,0.6153942,0.0
968,2.1204052,1.2817912,1.3523881,0.775934,0.0,0.0,1.0,54.816776,2.1204052,0.88923585,0.091794506,0.80515796,0.0
969,1.9564459,1.2483085,1.2537045,0.7226189,0.0,0.0,1.0,48.918556,1.9564459,0.6181528,0.10763874,0.9441326,0.0
970,1.3914088,1.1321669,1.308447,0.7476757,0.0,0.0,1.0,48.220127,1.387719,0.5860529,0.11487417,1.0075969,1.0
971,2.1539204,1.2886355,1.0926726,0.79915655,0.0,0.0,1.0,44.38493,2.1539204,0.40978667,0.11202033,0.9825649,0.0
972,1.1443691,1.0779396,1.1918596,0.7879507,0.0,0.0,1.0,40.87058,1.1221771,0.24826658,0.12044982,1.0565026,1.0
973,2.683524,1.3686334,1.3257897,0.7841404,0.0,0.0,1.0,40.87058,2.5456572,0.24826658,0.13164923,1.154736,1.0
974,3.6569598,1.5537491,1.5025766,0.72978675,0.0,0.0,1.0,40.83647,3.4521387,0.246699,0.13333462,1.1695192,1.0
975,2.009493,1.2535849,1.5340599,0.7318073,0.0,0.0,1.0,35.97863,1.9822832,0.023431884,0.11847933,1.0392188,1.0
976,1.9748632,1.2520696,1.5075902,0.83517057,0.0,0.0,1.0,35.97863,1.9748632,0.023431884,0.11101225,0.97372276,0.0
977,3.6993275,1.6042284,1.5010096,0.81012267,0.0,0.0,1.0,35.97863,3.6993275,0.023431884,0.105878666,0.9286945,0.0
978,3.394648,1.5420088,1.4046361,0.75502115,0.0,0.0,1.0,29.974094,3.394648,0.0,0.085838445,0.7529155,0.0
979,2.3688498,1.3325269,1.3236803,0.7018865,0.0,0.0,1.0,26.008566,2.3688498,0.0,0.110394455,0.96830386,0.0
980,2.056554,1.2357517,1.2726864,0.803183,0.0,0.0,1.0,24.92572,1.8949574,0.0,0.14178605,1.2436492,1.0
981,2.281219,1.3146316,1.2656766,0.8107333,0.0,0.0,1.0,13.952259,2.281219,0.0,0.08932317,0.7834811,0.0
982,2.5977778,1.3792771,1.3345886,0.7716111,0.0,0.0,1.0,13.952259,2.5977778,0.0,0.10503171,0.92126554,0.0
983,1.5471158,1.1462857,1.3791233,0.8563732,0.0,0.0,1.0,13.952259,1.4568565,0.0,0.13418908,1.1770139,1.0
984,1.7079383,1.19756,1.1783373,0.6628181,0.0,0.0,1.0,14.289184,1.7079383,0.0,0.098151185,0.86091435,0.0
985,2.1310337,1.2686027,1.1145129,0.75061846,0.0,0.0,1.0,13.985785,2.0558233,0.0,0.12592486,1.1045258,1.0
986,1.4589347,1.14671,1.1402545,0.75505805,0.0,0.0,1.0,14.289184,1.4589347,0.0,0.10004781,0.87755024,0.0
987,3.0605636,1.4737842,1.3576142,0.78889924,0.0,0.0,1.0,13.985785,3.0605636,0.0,0.11346866,0.9952687,0.0
988,1.6951648,1.1949514,1.3394296,0.8107441,0.0,0.0,1.0,14.289184,1.6951648,0.0,0.11341164,0.99476856,0.0
989,1.4660172,1.1481564,1.128635,0.8182446,0.0,0.0,1.0,13.801695,1.4660172,0.0,0.10115837,0.8872914,0.0
990,1.2663618,1.1073841,0.9989885,0.84318054,0.0,0.0,1.0,13.475614,1.2663618,0.0,0.109789565,0.9629982,0.0
991,2.3554418,1.3123561,1.323117,0.88627726,0.0,0.0,1.0,12.444803,2.2700765,0.0,0.12625729,1.1074417,1.0
992,2.6346962,1.3868164,1.240685,0.73497176,0.0,0.0,1.0,20.828358,2.6346962,0.0,0.11158039,0.97870606,0.0
993,1.5519058,1.1589445,1.1528441,0.84535664,0.0,0.0,1.0,22.269844,1.5188447,0.0,0.12109849,1.0621922,1.0
994,0.6587841,0.98330855,1.0616955,0.84892863,0.0,0.0,1.0,20.828358,0.6587841,0.0,0.109337665,0.95903444,0.0
995,1.7702034,1.2102753,1.1540889,0.8455166,0.0,0.0,1.0,21.206137,1.7702034,0.0,0.111155525,0.97497946,0.0
996,1.7332398,1.2027268,1.2329261,0.85434157,0.0,0.0,1.0,22.575632,1.7332398,0.0,0.10110094,0.88678753,0.0
997,0.7878182,1.009659,1.0875983,0.8069608,0.0,0.0,1.0,18.207327,0.7878182,0.0,0.113611475,0.99652135,0.0
998,2.9183385,1.4447399,1.3381305,0.84531206,0.0,0.0,1.0,16.779406,2.9183385,0.0,0.096669205,0.8479155,0.0
999,1.5378171,1.1628189,1.0819709,0.8193454,0.0,0.0,1.0,16.779406,1.5378171,0.0,0.106394455,0.93321866,0.0
1000,2.4005175,1.3389939,1.3143119,0.7200027,0.0,0.0,1.0,16.779406,2.4005175,0.0,0.0914953,0.8025335,0.0
1001,1.5005482,1.1552081,1.1723654,0.8495066,0.0,0.0,1.0,18.207327,1.5005482,0.0,0.10085908,0.8846662,0.0
1002,2.263786,1.2998593,1.1910139,0.93031794,0.0,0.0,1.0,18.207327,2.2088816,0.0,0.122104675,1.0710179,1.0
1003,0.59308237,0.96989137,1.1188991,0.71515375,0.0,0.0,1.0,17.283464,0.59308237,0.0,0.08857738,0.7769396,0.0
1004,2.8005772,1.4206915,1.3158472,0.94387686,0.0,0.0,1.0,16.461441,2.8005772,0.0,0.10795228,0.94688284,0.0
1005,1.7125634,1.1985044,1.2334347,0.75258154,0.0,0.0,1.0,17.581032,1.7125634,0.0,0.08927078,0.78302157,0.0
1006,1.7939677,1.2151283,1.2329718,0.7367136,0.0,0.0,1.0,17.581032,1.7939677,0.0,0.11350396,0.99557835,0.0
1007,2.1094196,1.2795478,1.1497853,0.88625926,0.0,0.0,1.0,17.581032,2.1094196,0.0,0.1060625,0.930307,0.0
1008,1.8130757,1.2169563,1.1083359,0.87676424,0.0,0.0,1.0,17.621967,1.8029189,0.0,0.11584311,1.0160958,1.0
1009,2.764379,1.3612996,1.1185968,0.82582533,0.0,0.0,1.0,17.542969,2.509745,0.0,0.14705679,1.2898805,1.0
1010,2.5908806,1.3778687,1.2550657,0.87070036,0.0,0.0,1.0,16.892992,2.5908806,0.0,0.08556236,0.75049394,0.0
1011,1.3288736,1.1201499,1.085283,0.77279246,0.0,0.0,1.0,15.123986,1.3288736,0.0,0.07757295,0.6804163,0.0
1012,1.8350899,1.223526,1.1488658,0.71241397,0.0,0.0,1.0,16.284025,1.8350899,0.0,0.10695456,0.9381315,0.0
1013,1.4840732,1.1518437,1.0883299,0.8099885,0.0,0.0,1.0,8.414737,1.4840732,0.0,0.08897215,0.78040224,0.0
1014,0.8788164,1.0282421,1.0079483,0.9210794,0.0,0.0,1.0,9.00469,0.8788164,0.0,0.10871774,0.9535969,0.0
1015,0.99100006,1.0511515,1.0751781,0.7780886,0.0,0.0,1.0,9.00469,0.99100006,0.0,0.074037716,0.6494077,0.0
1016,1.3233827,1.1184164,0.96661985,0.816803,0.0,0.0,1.0,8.414737,1.3203855,0.0,0.11474749,1.0064857,1.0
1017,1.0890961,1.071184,1.0859389,0.7703752,0.0,0.0,1.0,9.00469,1.0890961,0.0,0.06365282,0.55831856,0.0
1018,0.67902064,0.9874411,0.9713843,0.8366778,0.0,0.0,1.0,9.00469,0.67902064,0.0,0.07173501,0.62920994,0.0
1019,1.9031223,1.2374191,1.1052842,0.77822536,0.0,0.0,1.0,9.399323,1.9031223,0.0,0.09488915,0.83230203,0.0
1020,1.5785089,1.1681234,1.0627954,0.8031762,0.0,0.0,1.0,9.399323,1.5637922,0.0,0.11707351,1.026888,1.0
1021,0.16288042,0.88203835,1.0007144,0.79845923,0.0,0.0,1.0,9.00469,0.16288042,0.0,0.10450507,0.91664624,0.0
1022,1.8142643,1.2151371,1.0932862,0.7851613,0.0,0.0,1.0,9.00469,1.7940109,0.0,0.11768548,1.0322558,1.0
1023,0.6186141,0.96944803,0.9282943,0.7384207,0.0,0.0,1.0,9.00469,0.5909114,0.0,0.12927908,1.1339468,1.0
1024,0.316523,0.9117754,0.8689525,0.75933456,0.0,0.0,1.0,8.835836,0.30849794,0.0,0.12248157,1.0743237,1.0
1025,0.7004368,0.9914125,0.9681852,0.87865746,0.0,0.0,1.0,9.533637,0.6984679,0.0,0.11492627,1.0080538,1.0
1026,0.96272856,1.0453781,1.0340133,0.8181912,0.0,0.0,1.0,17.236063,0.96272856,0.0,0.10989771,0.96394676,0.0
1027,0.58625686,0.9684975,1.0198265,0.7715041,0.0,0.0,1.0,17.236063,0.58625686,0.0,0.08504611,0.7459657,0.0
1028,1.6263919,1.1575314,1.05979,0.867519,0.0,0.0,1.0,19.666603,1.511925,0.0,0.13866943,1.2163124,1.0
1029,1.5361301,1.1624744,1.0089641,0.7975692,0.0,0.0,1.0,22.701403,1.5361301,0.0,0.09230458,0.809632,0.0
1030,2.4066286,1.2864572,1.1210997,0.80623895,0.0,0.0,1.0,22.925116,2.1432536,0.0,0.1540365,1.3511018,1.0
1031,1.2154566,1.0969886,1.182174,0.8768113,0.0,0.0,1.0,28.060715,1.2154566,0.0,0.10256755,0.8996517,0.0
1032,0.6739213,0.98639977,1.118337,0.8979698,0.0,0.0,1.0,28.060715,0.6739213,0.0,0.094091766,0.82530797,0.0
1033,1.803397,1.2170539,1.1161456,0.8013568,0.0,0.0,1.0,27.882223,1.803397,0.0,0.09786217,0.8583793,0.0
1034,0.65916705,0.98338675,1.0530173,0.7599695,0.0,0.0,1.0,31.271683,0.65916705,0.0,0.10340785,0.90702224,0.0
1035,1.955455,1.236063,1.301775,0.6724361,0.0,0.0,1.0,31.271683,1.8964815,0.0,0.12413726,1.0888462,1.0
1036,1.0629569,1.0658461,1.0381503,0.80489117,0.0,0.0,1.0,34.211483,1.0629569,0.0,0.0951152,0.8342848,0.0
1037,0.9627484,1.0453821,1.1055435,0.78278524,0.0,0.0,1.0,36.580128,0.9627484,0.051076807,0.101517804,0.89044404,0.0
1038,0.9721,1.0472919,1.0199298,0.77257365,0.0,0.0,1.0,36.580128,0.9721,0.051076807,0.10386514,0.9110332,0.0
1039,1.2781267,1.1097866,0.9826688,0.78097826,0.0,0.0,1.0,36.580128,1.2781267,0.051076807,0.10830372,0.94996536,0.0
1040,0.5047688,0.95185655,0.9972119,0.69916457,0.0,0.0,1.0,38.79545,0.5047688,0.15289328,0.09083516,0.7967433,0.0
1041,0.7026645,0.9913016,0.8954361,0.85251105,0.0,0.0,1.0,38.80206,0.69792473,0.15319711,0.11622023,1.0194036,1.0
1042,0.9299919,1.0386928,0.9959658,0.7687524,0.0,0.0,1.0,38.80206,0.9299919,0.15319711,0.09000885,0.7894954,0.0
1043,1.1777669,1.0892918,0.8917126,0.8011458,0.0,0.0,1.0,41.05279,1.1777669,0.2566411,0.09239227,0.8104012,0.0
1044,1.3539071,1.125262,1.0460684,0.660569,0.0,0.0,1.0,41.05279,1.3539071,0.2566411,0.077214755,0.67727447,0.0
1045,1.3938198,1.1334127,0.8927554,0.80295116,0.0,0.0,1.0,41.05279,1.3938198,0.2566411,0.10126196,0.8881999,0.0
1046,1.2461653,1.1032597,0.9852467,0.76276845,0.0,0.0,1.0,53.70156,1.2461653,0.8379804,0.103746004,0.9099883,0.0
1047,1.0890983,1.0657212,0.90623987,0.88339674,0.0,0.0,1.0,30.15104,1.0623453,0.0,0.12221115,1.0719517,1.0
1048,1.2750907,1.0951568,0.9310763,0.86271346,0.0,0.0,1.0,30.973957,1.2064867,0.0,0.13253033,1.1624645,1.0
1049,1.6190522,1.1794082,0.8945845,0.8575524,0.0,0.0,1.0,37.23681,1.6190522,0.08125796,0.10701789,0.93868697,0.0
1050,1.5725056,1.1656923,0.9928871,0.8239286,0.0,0.0,1.0,43.6334,1.5518878,0.37524626,0.11833571,1.0379591,1.0
1051,1.2240499,1.0987434,0.9055112,0.78322816,0.0,0.0,1.0,48.009953,1.2240499,0.57639325,0.097564,0.855764,0.0
1052,0.8665846,1.0257442,0.79409057,0.8435392,0.0,0.0,1.0,43.902924,0.8665846,0.3876336,0.10715084,0.93985313,0.0
1053,1.283838,1.110953,0.9972877,0.8734212,0.0,0.0,1.0,48.336456,1.283838,0.59139943,0.1017779,0.89272535,0.0
1054,1.5655591,1.1684842,1.1859436,0.72360164,0.0,0.0,1.0,48.50635,1.5655591,0.5992078,0.082475774,0.7234205,0.0
1055,1.9882873,1.114106,1.1458282,0.94530386,0.0,0.0,1.0,89.5452,1.2992783,2.4853592,0.10715371,0.93987834,0.0
1056,1.9882873,1.1898917,1.0765929,0.9091097,0.0,0.0,1.0,89.5452,1.6703881,2.4853592,0.09432993,0.827397,0.0
1057,1.8612953,1.1818731,1.09018,0.717787,0.0,0.0,1.0,86.09133,1.6311224,2.3266191,0.1010495,0.8863364,0.0
1058,1.9882873,1.1708165,0.98532194,0.82671887,0.0,0.0,1.0,89.5452,1.5769802,2.4853592,0.107888624,0.94632447,0.0
1059,2.1204052,1.0402514,1.0859195,0.76983756,0.0,0.0,1.0,93.138466,0.93762386,2.6505065,0.08872441,0.77822924,0.0
1060,2.1895893,1.1912254,1.1359303,0.80842394,0.0,0.0,1.0,95.0201,1.6769191,2.7369866,0.076510616,0.67109823,0.0
1061,2.1895893,1.1761736,1.1692514,0.87623876,0.0,0.0,1.0,95.0201,1.6032127,2.7369866,0.09481745,0.83167315,0.0
1062,1.9236898,1.1536334,1.1226312,0.7787595,0.0,0.0,1.0,87.78831,1.492837,2.4046123,0.08880918,0.77897274,0.0
1063,1.728187,1.1824428,1.0606391,0.8126166,0.0,0.0,1.0,82.47112,1.6339121,2.1602337,0.07988276,0.7006764,0.0
1064,1.6976335,1.1954556,1.0743176,0.82065123,0.0,0.0,1.0,78.13664,1.6976335,1.9610204,0.09727701,0.8532467,0.0
1065,1.8144647,1.2076145,1.1262509,0.61000043,0.0,0.0,1.0,76.85792,1.757174,1.90225,0.124628365,1.093154,1.0
1066,1.7240064,1.1696228,1.0925869,0.65736324,0.0,0.0,1.0,72.09957,1.5711346,1.6835557,0.14570239,1.2780007,1.0
1067,1.6419673,1.166812,1.17157,0.6529398,0.0,0.0,1.0,76.85792,1.5573704,1.90225,0.13170223,1.155201,1.0
1068,1.5688163,1.089716,1.1311507,0.7101982,0.0,0.0,1.0,78.13664,1.1798439,1.9610204,0.15045269,1.319667,1.0
1069,1.728187,1.1026853,1.0373861,0.74061626,0.0,0.0,1.0,82.47112,1.2433528,2.1602337,0.14338952,1.2577138,1.0
1070,2.0470483,1.1204041,1.0647126,0.69297904,0.0,0.0,1.0,91.14334,1.3301188,2.5588102,0.12656252,1.110119,1.0
1071,1.728187,1.0938848,1.0419122,0.68001115,0.0,0.0,1.0,82.47112,1.2002581,2.1602337,0.13010181,1.1411632,1.0
1072,1.728187,0.843595,0.877595,0.8102549,0.0,0.0,1.0,82.47112,0.0,2.1602337,0.1286562,1.1284832,1.0
1073,1.195089,1.0928292,1.0733225,0.68956137,0.0,0.0,1.0,44.08502,1.195089,0.39600268,0.08940297,0.7841811,0.0
1074,1.9417136,1.2266892,1.1547238,0.9238588,0.0,0.0,1.0,44.08502,1.8505796,0.39600268,0.13004941,1.1407036,1.0
1075,1.8691509,1.2007104,1.0360687,0.9364698,0.0,0.0,1.0,45.513706,1.7233657,0.4616654,0.14156327,1.2416952,1.0
1076,0.34568295,0.9133608,0.83960515,0.82268095,0.0,0.0,1.0,44.870502,0.31626123,0.43210366,0.11485554,1.0074334,1.0
1077,1.4831958,1.1456368,1.06703,0.70662993,0.0,0.0,1.0,46.29153,1.4536791,0.49741432,0.12062211,1.0580138,1.0
1078,0.31806955,0.8818058,1.0173426,0.7533002,0.0,0.0,1.0,44.119488,0.16174152,0.3975869,0.120358996,1.0557059,1.0
1079,0.2784115,0.8622631,0.8460673,0.86939126,0.0,0.0,1.0,43.04089,0.06604414,0.34801438,0.09947035,0.87248516,0.0
1080,0.70642054,0.983571,0.9570649,0.88269234,0.0,0.0,1.0,45.142685,0.6600692,0.44461322,0.13688196,1.200634,1.0
1081,0.52952003,0.9569111,0.6811789,0.8925395,0.0,0.0,1.0,45.142685,0.52952003,0.44461322,0.08246069,0.7232882,0.0
1082,0.32127404,0.91073656,0.6215047,0.8089016,0.0,0.0,1.0,43.153313,0.30341086,0.35318136,0.13318571,1.168213,1.0
1083,0.28140533,0.899373,0.780351,0.74642265,0.0,0.0,1.0,43.122314,0.24776533,0.35175666,0.1359874,1.1927875,1.0
1084,1.1868126,1.0911391,1.0708817,0.7622808,0.0,0.0,1.0,41.014168,1.1868126,0.25486594,0.11325156,0.9933644,0.0
1085,1.7391392,1.2039316,1.0806912,0.60998064,0.0,0.0,1.0,42.3746,1.7391392,0.31739157,0.090756565,0.7960539,0.0
1086,1.4605982,1.1470498,1.1088188,0.6827706,0.0,0.0,1.0,73.01781,1.4605982,1.725758,0.10382828,0.9107099,0.0
1087,1.2750602,0.9856985,0.8448595,0.87120163,0.0,0.0,1.0,70.14722,0.6704874,1.5938252,0.10208641,0.89543146,0.0
1088,1.6583945,1.1874424,1.0708679,0.7074032,0.0,0.0,1.0,70.14722,1.6583945,1.5938252,0.08265471,0.72498995,0.0
1089,1.2824459,1.0280851,0.8920603,0.7558879,0.0,0.0,1.0,70.34809,0.87804765,1.6030574,0.14413564,1.2642583,1.0
1090,1.1344169,1.0665933,1.0330433,0.744644,0.0,0.0,1.0,66.322075,1.0666159,1.4180211,0.1145717,1.0049437,1.0
1091,1.1982716,1.0115409,1.1051266,0.8494495,0.0,0.0,1.0,68.05876,0.79703325,1.4978395,0.110116765,0.9658682,0.0
1092,1.4680183,1.148565,1.0653905,0.81657225,0.0,0.0,1.0,61.24212,1.4680183,1.1845455,0.08465583,0.74254245,0.0
1093,1.1015713,1.0737317,1.2419374,0.8883334,0.0,0.0,1.0,61.24212,1.1015713,1.1845455,0.08339429,0.7314771,0.0
1094,1.0611112,1.0654691,1.1237386,0.8752818,0.0,0.0,1.0,54.68359,1.0611112,0.88311464,0.09724814,0.8529934,0.0
1095,1.3586192,1.1262243,1.236166,0.80877155,0.0,0.0,1.0,54.68359,1.3586192,0.88311464,0.10849881,0.9516766,0.0
1096,1.7303894,1.2021447,1.1200213,0.7598804,0.0,0.0,1.0,61.90328,1.7303894,1.2149326,0.11229876,0.9850071,0.0
1097,1.1888922,1.0863692,1.0101007,0.8260845,0.0,0.0,1.0,61.90328,1.1634551,1.2149326,0.12112981,1.062467,1.0
1098,1.6259193,1.1808106,1.1866033,0.8264732,0.0,0.0,1.0,61.90328,1.6259193,1.2149326,0.10252686,0.89929473,0.0
1099,1.6275707,1.1811478,1.260491,0.7978199,0.0,0.0,1.0,62.851357,1.6275707,1.2585064,0.08064148,0.7073313,0.0
1100,1.8784403,1.2323787,1.2550981,0.81360674,0.0,0.0,1.0,62.714355,1.8784403,1.2522098,0.11003224,0.96512675,0.0
1101,2.1548142,1.278852,1.1494392,0.78513044,0.0,0.0,1.0,61.636932,2.1060123,1.2026913,0.12155627,1.0662075,1.0
1102,1.5424672,1.1513892,1.06046,0.755704,0.0,0.0,1.0,61.636932,1.4818479,1.2026913,0.12733334,1.11688,1.0
1103,1.2046993,1.0947918,0.9588112,0.8245834,0.0,0.0,1.0,54.998566,1.2046993,0.89759094,0.10178472,0.89278525,0.0
1104,0.8413866,0.92909485,0.835148,0.999525,0.0,0.0,1.0,58.35239,0.39330843,1.0517333,0.07938411,0.6963026,0.0
1105,0.5135508,0.914839,0.8431837,0.9843834,0.0,0.0,1.0,49.436085,0.3235,0.6419385,0.099044636,0.8687511,0.0
1106,0.9329107,1.0392889,0.8854046,0.9670329,0.0,0.0,1.0,57.06789,0.9329107,0.9926974,0.103803515,0.9104927,0.0
1107,0.56631833,0.9644258,0.86756,0.809231,0.0,0.0,1.0,27.631731,0.56631833,0.0,0.10504409,0.92137414,0.0
1108,0.44627544,0.9399114,0.8629342,1.0380456,0.0,0.0,1.0,28.688612,0.44627544,0.0,0.10575665,0.9276242,0.0
1109,0.36849913,0.92320836,0.875251,0.862477,0.0,0.0,1.0,28.688612,0.36448324,0.0,0.11759705,1.0314801,1.0
1110,0.4527057,0.9412246,0.83191144,0.9517873,0.0,0.0,1.0,28.688612,0.4527057,0.0,0.08909263,0.781459,0.0
1111,1.3037118,1.1105402,0.9693045,0.8366756,0.0,0.0,1.0,29.820942,1.2818166,0.0,0.1195721,1.0488038,1.0
1112,0.34607238,0.9194486,0.95696807,0.8195732,0.0,0.0,1.0,30.791466,0.34607238,0.0,0.09273061,0.81336886,0.0
1113,0.3845519,0.92730665,0.94362634,0.9490477,0.0,0.0,1.0,29.868637,0.3845519,0.0,0.099898756,0.8762429,0.0
1114,0.8464482,1.0216321,0.8514336,0.8265461,0.0,0.0,1.0,28.982851,0.8464482,0.0,0.081388086,0.71388006,0.0
1115,0.7713283,1.003874,0.9543789,0.8036438,0.0,0.0,1.0,28.982851,0.7594895,0.0,0.11908559,1.0445365,1.0
1116,1.4379016,1.1424148,1.3417176,0.93539983,0.0,0.0,1.0,28.982851,1.4379016,0.0,0.11347333,0.99530965,0.0
1117,0.82906705,1.0180826,0.9019597,0.74744135,0.0,0.0,1.0,27.911472,0.82906705,0.0,0.10320684,0.90525913,0.0
1118,0.11110869,0.8707939,0.9923016,0.88257825,0.0,0.0,1.0,27.911472,0.10781806,0.0,0.12394962,1.0872004,1.0
1119,1.1380417,1.0788665,1.1563016,0.9118336,0.0,0.0,1.0,28.73279,1.1267158,0.0,0.117282435,1.0287205,1.0
1120,2.285776,1.3155621,1.1892803,0.71113247,0.0,0.0,1.0,30.639084,2.285776,0.0,0.10784346,0.9459283,0.0
1121,1.6813054,1.1921211,1.5578421,0.98382,0.0,0.0,1.0,59.30572,1.6813054,1.0955485,0.09823486,0.8616483,0.0
1122,1.897081,1.2361854,1.2925794,0.7690015,0.0,0.0,1.0,57.093086,1.897081,0.9938554,0.10549639,0.9253414,0.0
1123,1.4639431,1.1477329,1.3676088,0.94088835,0.0,0.0,1.0,57.093086,1.4639431,0.9938554,0.08352554,0.7326283,0.0
1124,1.785243,1.2133466,1.6103503,0.9393238,0.0,0.0,1.0,57.093086,1.785243,0.9938554,0.09016433,0.7908592,0.0
1125,2.1597404,1.289824,1.9616767,0.8575508,0.0,0.0,1.0,57.093086,2.1597404,0.9938554,0.08382532,0.7352578,0.0
1126,2.075896,1.2536054,1.3869013,0.8953826,0.0,0.0,1.0,57.093086,1.9823836,0.9938554,0.12937367,1.1347765,1.0
1127,0.92549115,1.0290371,1.4057776,0.90457934,0.0,0.0,1.0,58.02721,0.88270944,1.0367879,0.12979537,1.1384753,1.0
1128,1.7601541,1.2082231,1.4468247,0.85784906,0.0,0.0,1.0,63.32989,1.7601541,1.2804999,0.089896,0.7885056,0.0
1129,2.3905647,1.3337889,1.6106534,0.936169,0.0,0.0,1.0,63.32989,2.3750293,1.2804999,0.11613877,1.018689,1.0
1130,2.2156363,1.267527,1.174297,0.80188787,0.0,0.0,1.0,67.13629,2.0505555,1.4554427,0.14023168,1.2300154,1.0
1131,3.9603734,1.6575375,1.8946635,0.8277707,0.0,0.0,1.0,63.32989,3.9603734,1.2804999,0.0896924,0.78671974,0.0
1132,2.7901106,1.3911363,1.5317906,0.92413414,0.0,0.0,1.0,58.02721,2.6558502,1.0367879,0.130475,1.1444365,1.0
1133,2.9581914,1.4340378,1.4916253,0.93361026,0.0,0.0,1.0,56.38257,2.865932,0.96119994,0.124494135,1.0919765,1.0
1134,2.1205115,1.2798204,1.4293693,0.93557256,0.0,0.0,1.0,49.800102,2.1107545,0.6586688,0.115513824,1.0132074,1.0
1135,1.2912738,1.1124715,1.2302996,0.7365214,0.0,0.0,1.0,54.675026,1.2912738,0.882721,0.09629465,0.8446301,0.0
1136,1.4243171,1.1396407,1.3228824,0.90673506,0.0,0.0,1.0,54.675026,1.4243171,0.882721,0.09074817,0.7959802,0.0
1137,1.8480736,1.2261775,1.3189846,0.9345242,0.0,0.0,1.0,54.675026,1.8480736,0.882721,0.07483709,0.6564192,0.0
1138,1.840987,1.2247303,1.3941998,0.93460935,0.0,0.0,1.0,58.02721,1.840987,1.0367879,0.09453737,0.8292165,0.0
1139,1.3388779,1.1221929,1.079425,0.87785,0.0,0.0,1.0,56.38257,1.3388779,0.96119994,0.1022802,0.8971312,0.0
1140,2.2107327,1.3002373,1.593309,0.7577672,0.0,0.0,1.0,56.38257,2.2107327,0.96119994,0.10957818,0.96114403,0.0
1141,1.1238759,1.0782865,1.0752921,0.9446519,0.0,0.0,1.0,54.675026,1.1238759,0.882721,0.0951995,0.83502424,0.0
1142,1.9765222,1.2524084,1.200765,0.82165015,0.0,0.0,1.0,49.800102,1.9765222,0.6586688,0.09410532,0.8254268,0.0
1143,1.6219475,1.1799995,1.0962336,0.9331693,0.0,0.0,1.0,52.21878,1.6219475,0.7698316,0.11026177,0.96714,0.0
1144,1.742683,1.2046553,1.1781371,0.8634874,0.0,0.0,1.0,48.657345,1.742683,0.60614747,0.09473803,0.83097655,0.0
1145,1.4523085,1.1453569,1.0519273,0.95462,0.0,0.0,1.0,48.657345,1.4523085,0.60614747,0.10327418,0.90584975,0.0
1146,1.7522377,1.1790692,1.1906188,0.7882936,0.0,0.0,1.0,52.21878,1.617392,0.7698316,0.14116557,1.2382069,1.0
1147,2.6504967,1.390043,1.424351,0.85495263,0.0,0.0,1.0,50.641098,2.6504967,0.69732106,0.08926026,0.7829293,0.0
1148,1.9353554,1.2367958,1.1577013,0.9569425,0.0,0.0,1.0,52.255684,1.9000698,0.7715277,0.12005721,1.0530589,1.0
1149,1.3600173,1.1265098,1.141081,0.837926,0.0,0.0,1.0,52.255684,1.3600173,0.7715277,0.091766946,0.80491626,0.0
1150,1.6923369,1.1925361,1.1796012,0.7365276,0.0,0.0,1.0,52.255684,1.6833375,0.7715277,0.11574953,1.0152749,1.0
1151,1.5330952,1.1618546,1.4822694,0.7606807,0.0,0.0,1.0,48.691624,1.5330952,0.60772294,0.08405924,0.7373096,0.0
1152,1.7813803,1.2125578,1.3713701,0.7944821,0.0,0.0,1.0,50.641098,1.7813803,0.69732106,0.0803655,0.70491064,0.0
1153,2.6265922,1.3851614,1.2258582,1.0341209,0.0,0.0,1.0,47.163567,2.6265922,0.5374932,0.09824041,0.861697,0.0
1154,1.9077537,1.2383649,1.2284143,0.85559034,0.0,0.0,1.0,43.82158,1.9077537,0.38389498,0.09725128,0.853021,0.0
1155,0.77584964,1.0072149,1.0977783,0.8193567,0.0,0.0,1.0,38.578537,0.77584964,0.142924,0.09653788,0.84676355,0.0
1156,2.1039026,1.2784212,1.1726099,0.7263559,0.0,0.0,1.0,38.578537,2.1039026,0.142924,0.09175464,0.80480826,0.0
1157,2.1991456,1.2927012,1.1583775,0.7903152,0.0,0.0,1.0,38.372116,2.1738298,0.13343686,0.11780151,1.0332735,1.0
1158,1.9454285,1.2228355,1.157261,0.8499758,0.0,0.0,1.0,37.42757,1.8317088,0.090025395,0.13423112,1.1773826,1.0
1159,1.3914676,1.0987309,0.9562016,0.8418005,0.0,0.0,1.0,34.412598,1.2239887,0.0,0.15857884,1.390944,1.0
1160,1.5631454,1.1670871,1.0706161,0.87881434,0.0,0.0,1.0,34.412598,1.5587176,0.0,0.11493338,1.0081161,1.0
1161,1.7630206,1.1981221,1.1218535,0.8705967,0.0,0.0,1.0,32.17363,1.7106913,0.0,0.123972245,1.0873989,1.0
1162,2.4755619,1.354319,1.1904491,0.7885863,0.0,0.0,1.0,31.43922,2.4755619,0.0,0.06960374,0.6105159,0.0
1163,1.992068,1.255583,1.2023,0.7354058,0.0,0.0,1.0,31.43922,1.992068,0.0,0.10675639,0.93639326,0.0
1164,2.6446395,1.3084198,1.2740854,0.6899667,0.0,0.0,1.0,31.43922,2.250801,0.0,0.1710046,1.4999341,1.0
1165,1.1414891,1.0610362,1.1877786,0.797611,0.0,0.0,1.0,32.592464,1.0394039,0.0,0.14600044,1.280615,1.0
1166,1.4297998,1.1234167,1.0660944,0.818256,0.0,0.0,1.0,32.592464,1.3448707,0.0,0.1345785,1.1804296,1.0
1167,1.2337475,1.0639471,1.1377705,0.788326,0.0,0.0,1.0,32.592464,1.0536579,0.0,0.1696826,1.4883386,1.0
1168,1.5901088,1.163044,1.0870006,0.70418483,0.0,0.0,1.0,17.338985,1.5389192,0.0,0.12484317,1.095038,1.0
1169,1.063581,1.0659735,0.915,0.82009774,0.0,0.0,1.0,18.122313,1.063581,0.0,0.09792765,0.8589537,0.0
1170,1.3277266,1.1199156,0.9616422,0.8417765,0.0,0.0,1.0,18.122313,1.3277266,0.0,0.0798797,0.70064956,0.0
1171,1.2818279,1.0931798,1.046645,0.8571106,0.0,0.0,1.0,18.57204,1.1968058,0.0,0.13714872,1.2029738,1.0
1172,0.97840124,1.0385387,0.9589704,0.823654,0.0,0.0,1.0,17.905268,0.9292371,0.0,0.1312422,1.1511658,1.0
1173,0.97261196,1.0473964,0.89862025,0.808201,0.0,0.0,1.0,17.94096,0.97261196,0.0,0.10930279,0.95872855,0.0
1174,0.9222251,1.0371068,0.96144193,0.76315206,0.0,0.0,1.0,17.94096,0.9222251,0.0,0.09058154,0.79451865,0.0
1175,0.9487536,1.0425242,0.9343363,0.7644622,0.0,0.0,1.0,17.94096,0.9487536,0.0,0.09965702,0.8741225,0.0
1176,0.9038902,1.0333625,0.95113075,0.8518891,0.0,0.0,1.0,17.062761,0.9038902,0.0,0.10834542,0.95033115,0.0
1177,1.2046156,1.079597,0.87060183,0.8090396,0.0,0.0,1.0,17.062761,1.130293,0.0,0.13542698,1.1878719,1.0
1178,1.1811725,1.0899873,0.96778333,0.76126283,0.0,0.0,1.0,17.062761,1.1811725,0.0,0.10111022,0.88686895,0.0
1179,1.7442645,1.2049782,1.1287038,0.6270978,0.0,0.0,1.0,30.632694,1.7442645,0.0,0.112319686,0.9851907,0.0
1180,1.8050525,1.1774775,0.95375925,0.810863,0.0,0.0,1.0,30.632694,1.6095978,0.0,0.15356259,1.3469449,1.0
1181,0.9805895,1.0490255,1.0447347,0.78522193,0.0,0.0,1.0,29.856283,0.9805895,0.0,0.09814711,0.86087865,0.0
1182,1.2126784,1.0866982,0.9668412,0.7966552,0.0,0.0,1.0,28.990849,1.1650662,0.0,0.12731983,1.1167616,1.0
1183,1.4002984,1.0910891,1.0106845,0.76837057,0.0,0.0,1.0,28.409483,1.186568,0.0,0.17268145,1.5146424,1.0
1184,0.9647191,1.0457846,1.0454018,0.78146344,0.0,0.0,1.0,28.840942,0.9647191,0.0,0.108532995,0.9519764,0.0
1185,2.3426073,1.2699555,1.533591,0.800197,0.0,0.0,1.0,28.409483,2.0624475,0.0,0.15825576,1.3881102,1.0
1186,1.907334,1.2382792,1.1623247,0.55061346,0.0,0.0,1.0,26.4409,1.907334,0.0,0.06968489,0.61122775,0.0
1187,2.024981,1.2623043,1.2271616,0.61612684,0.0,0.0,1.0,26.4409,2.024981,0.0,0.09327557,0.81814885,0.0
1188,1.9493315,1.2395134,1.1856658,0.8103504,0.0,0.0,1.0,26.4409,1.9133775,0.0,0.12012895,1.0536882,1.0
1189,1.7284548,1.2017497,1.0378158,0.84374964,0.0,0.0,1.0,26.4409,1.7284548,0.0,0.09131721,0.80097145,0.0
1190,0.9984516,1.0526732,1.0264807,0.7405235,0.0,0.0,1.0,26.8792,0.9984516,0.0,0.09224219,0.8090847,0.0
1191,1.1985985,1.0935459,1.1009763,0.7415791,0.0,0.0,1.0,26.8792,1.1985985,0.0,0.08413772,0.73799795,0.0
1192,1.4631405,1.147569,1.3407418,0.70028985,0.0,0.0,1.0,25.78854,1.4631405,0.0,0.08044535,0.705611,0.0
1193,1.5353459,1.150011,1.0100886,0.78792226,0.0,0.0,1.0,26.4409,1.4750986,0.0,0.12731214,1.1166941,1.0
1194,1.3904802,1.1327307,0.9791789,0.82892245,0.0,0.0,1.0,25.582932,1.3904802,0.0,0.08870034,0.77801806,0.0
1195,1.4496801,1.1365364,1.0522277,0.76657426,0.0,0.0,1.0,24.877773,1.4091158,0.0,0.12338507,1.0822486,1.0
1196,1.3426502,1.1229632,0.95486593,0.76519984,0.0,0.0,1.0,24.208687,1.3426502,0.0,0.098822884,0.86680603,0.0
1197,2.1081371,1.2792859,1.2910622,0.748737,0.0,0.0,1.0,24.208687,2.1081371,0.0,0.105544366,0.92576224,0.0
1198,1.5253074,1.1602643,0.97928137,0.86603016,0.0,0.0,1.0,25.432217,1.5253074,0.0,0.10740722,0.9421019,0.0
1199,0.9891852,1.0392702,0.8617336,0.75833875,0.0,0.0,1.0,13.9080925,0.932819,0.0,0.13369097,1.1726447,1.0
1200,0.60274416,0.9648501,0.79078233,0.76478493,0.0,0.0,1.0,15.466164,0.5683962,0.0,0.13369223,1.1726559,1.0
1201,0.80235237,1.0126271,0.9016015,0.86242145,0.0,0.0,1.0,15.466164,0.80235237,0.0,0.10304743,0.90386087,0.0
1202,0.41161126,0.92991096,0.76386344,0.78687304,0.0,0.0,1.0,15.466164,0.39730477,0.0,0.12573749,1.1028824,1.0
1203,0.97314847,1.047506,0.8259352,0.78031474,0.0,0.0,1.0,15.601209,0.97314847,0.0,0.11146481,0.9776923,0.0
1204,1.1421663,1.0611459,0.8436835,0.79908484,0.0,0.0,1.0,16.440971,1.039941,0.0,0.14602779,1.2808548,1.0
1205,0.365515,0.92341906,0.8057203,0.81960994,0.0,0.0,1.0,17.38215,0.365515,0.0,0.104155034,0.913576,0.0
1206,1.0891184,1.0459458,0.8537653,0.7706914,0.0,0.0,1.0,17.552118,0.96550834,0.0,0.15571089,1.3657883,1.0
1207,1.1275954,1.0790461,0.843796,0.8208692,0.0,0.0,1.0,17.38215,1.1275954,0.0,0.105897315,0.92885804,0.0
1208,0.50871724,0.9526629,0.8826952,0.7411376,0.0,0.0,1.0,17.38215,0.50871724,0.0,0.1015998,0.89116323,0.0
1209,1.1083183,1.0751095,0.7639376,0.94214934,0.0,0.0,1.0,16.71224,1.1083183,0.0,0.11291029,0.99037105,0.0
1210,1.273771,1.0881811,0.9350486,0.69321364,0.0,0.0,1.0,16.71224,1.1723281,0.0,0.14219448,1.2472317,1.0
1211,0.87480104,1.0080894,0.973552,0.76502484,0.0,0.0,1.0,17.38215,0.780132,0.0,0.15353629,1.3467143,1.0
1212,0.0,0.80065095,0.8500368,0.8178207,0.0,0.0,1.0,17.38215,0.0,0.0,0.125213,1.0982819,1.0
1213,0.50330067,0.95155674,0.9038691,0.74382764,0.0,0.0,1.0,16.785648,0.50330067,0.0,0.08467525,0.7427128,0.0
1214,1.5231867,1.1581511,1.1540799,0.8123644,0.0,0.0,1.0,30.06074,1.5149598,0.0,0.11577697,1.0155156,1.0
1215,0.6763008,0.98608875,1.1947099,0.80908334,0.0,0.0,1.0,31.964054,0.67239827,0.0,0.11589864,1.0165827,1.0
1216,0.98938656,1.050822,0.9940825,0.89567316,0.0,0.0,1.0,33.469395,0.98938656,0.0,0.111020066,0.9737913,0.0
1217,1.2963822,1.1135147,0.91770166,0.9469698,0.0,0.0,1.0,34.19132,1.2963822,0.0,0.10764408,0.9441795,0.0
1218,1.5833933,1.1721262,1.1018248,0.80690116,0.0,0.0,1.0,34.857834,1.5833933,0.0,0.09234394,0.80997723,0.0
1219,1.5696051,1.1693105,1.2038935,0.78691185,0.0,0.0,1.0,35.68717,1.5696051,0.01003625,0.091507055,0.8026366,0.0
1220,1.7990593,1.1953379,1.2016094,0.7941526,0.0,0.0,1.0,35.68717,1.6970572,0.01003625,0.13358657,1.1717291,1.0
1221,1.2189492,1.0977018,0.9741952,0.91581,0.0,0.0,1.0,39.210342,1.2189492,0.17196186,0.11270754,0.9885927,0.0
1222,1.6832517,1.1874827,1.0528736,0.9169139,0.0,0.0,1.0,43.56164,1.6585917,0.3719482,0.11885116,1.0424802,1.0
1223,1.6662884,1.1853734,1.1501664,0.8048696,0.0,0.0,1.0,46.796497,1.648263,0.5206227,0.11757035,1.0312458,1.0
1224,1.8403518,1.2246006,1.0334235,0.9053885,0.0,0.0,1.0,46.796497,1.8403518,0.5206227,0.10548513,0.92524266,0.0
1225,0.97038734,1.0469421,1.0702009,0.8656684,0.0,0.0,1.0,46.796497,0.97038734,0.5206227,0.098277375,0.8620212,0.0
1226,1.9326121,1.2434413,1.1000546,0.9380551,0.0,0.0,1.0,46.459858,1.9326121,0.5051507,0.11400776,0.9999973,0.0
1227,1.9564536,1.2483101,1.1344988,0.98835355,0.0,0.0,1.0,43.56164,1.9564536,0.3719482,0.08429515,0.7393788,0.0
1228,0.49121386,0.94908845,1.104394,0.78957623,0.0,0.0,1.0,40.53166,0.49121386,0.23268972,0.08807382,0.7725227,0.0
1229,1.1763642,1.0890054,0.939821,0.72201025,0.0,0.0,1.0,39.210342,1.1763642,0.17196186,0.06787959,0.5953928,0.0
1230,1.2383758,1.101669,0.95031863,0.8095709,0.0,0.0,1.0,39.210342,1.2383758,0.17196186,0.07113978,0.623989,0.0
1231,1.2966665,1.1135727,0.96796864,0.6333305,0.0,0.0,1.0,39.210342,1.2966665,0.17196186,0.0596123,0.52287793,0.0
1232,1.164873,1.0866587,1.009214,0.68526816,0.0,0.0,1.0,39.210342,1.164873,0.17196186,0.07808897,0.6849425,0.0
1233,1.7716913,1.2105792,0.99541247,0.81397396,0.0,0.0,1.0,40.53166,1.7716913,0.23268972,0.105891965,0.92881113,0.0
1234,0.82285714,1.0168145,0.9869807,0.76512104,0.0,0.0,1.0,40.53166,0.82285714,0.23268972,0.0867608,0.76100576,0.0
1235,0.80464184,1.0130947,0.9515822,0.7485644,0.0,0.0,1.0,36.69808,0.80464184,0.056497823,0.09064043,0.79503524,0.0
1236,1.1219627,1.0734416,0.97861683,0.77599126,0.0,0.0,1.0,38.05723,1.1001511,0.11896473,0.12046614,1.0566458,1.0
1237,1.0491438,1.0630252,1.0356796,0.8002572,0.0,0.0,1.0,38.05723,1.0491438,0.11896473,0.09135035,0.80126214,0.0
1238,0.84902716,1.0221587,1.0669826,0.80485386,0.0,0.0,1.0,42.371098,0.84902716,0.31723064,0.10223711,0.8967533,0.0
1239,1.791527,1.2146299,1.1095991,0.81807494,0.0,0.0,1.0,42.410557,1.791527,0.3190442,0.10443687,0.91604805,0.0
1240,0.31903198,0.899377,1.0121831,0.7659315,0.0,0.0,1.0,44.145664,0.2477849,0.39878997,0.10332617,0.9063058,0.0
1241,1.0515996,1.0635267,1.0730773,0.7163743,0.0,0.0,1.0,48.531315,1.0515996,0.60035515,0.073807135,0.6473852,0.0
1242,0.5237868,0.88602406,1.1286299,0.98588705,0.0,0.0,1.0,49.714478,0.18239777,0.6547335,0.09419973,0.82625496,0.0
1243,1.6227239,1.180158,1.0954638,0.760116,0.0,0.0,1.0,45.019627,1.6227239,0.43895742,0.099345684,0.8713917,0.0
1244,1.4704788,1.1490675,1.1860143,0.7180102,0.0,0.0,1.0,45.019627,1.4704788,0.43895742,0.09282609,0.8142063,0.0
1245,1.309791,1.1162529,1.0722504,0.673749,0.0,0.0,1.0,44.9977,1.309791,0.43794966,0.08986303,0.7882164,0.0
1246,1.4117543,1.1370752,1.1245598,0.7760199,0.0,0.0,1.0,44.9977,1.4117543,0.43794966,0.08700726,0.76316756,0.0
1247,1.2424474,1.1025004,1.1158748,0.8018131,0.0,0.0,1.0,44.9977,1.2424474,0.43794966,0.10822651,0.94928813,0.0
1248,1.8208178,1.2206115,1.178087,0.7730715,0.0,0.0,1.0,41.23421,1.8208178,0.26497915,0.09408548,0.8252528,0.0
1249,1.8296243,1.2224098,1.200935,0.8281034,0.0,0.0,1.0,44.9977,1.8296243,0.43794966,0.0889926,0.7805816,0.0
1250,1.2173212,1.081573,0.9482296,0.7292995,0.0,0.0,1.0,44.9977,1.1399692,0.43794966,0.1361108,1.1938698,1.0
1251,0.7258621,0.9965563,0.9114303,0.7523768,0.0,0.0,1.0,44.94987,0.72365606,0.43575144,0.11500107,1.0087099,1.0
1252,1.1795911,1.0874763,0.99798155,0.7830328,0.0,0.0,1.0,38.632034,1.1688764,0.14538273,0.11699396,1.0261902,1.0
1253,0.85888606,1.0241268,0.942569,0.7402617,0.0,0.0,1.0,38.409203,0.8586643,0.13514136,0.11409222,1.0007381,1.0
1254,1.0312712,1.0394495,0.87975764,0.8706852,0.0,0.0,1.0,41.433933,0.933697,0.27415842,0.14804865,1.2985805,1.0
1255,0.6807944,0.98045,0.72978866,0.7796732,0.0,0.0,1.0,36.856354,0.6447861,0.063772194,0.132199,1.1595583,1.0
1256,0.6603846,0.98017216,0.92022645,0.79405594,0.0,0.0,1.0,36.856354,0.6434257,0.063772194,0.1225936,1.0753063,1.0
1257,0.80594885,1.0106405,0.87757194,0.76902765,0.0,0.0,1.0,41.433933,0.79262424,0.27415842,0.119483955,1.0480307,1.0
1258,0.91548425,1.0194026,1.0075433,0.7867779,0.0,0.0,1.0,44.375984,0.8355309,0.40937552,0.14517844,1.273405,1.0
1259,0.6763428,0.9854726,0.8507699,0.757811,0.0,0.0,1.0,44.375984,0.6693812,0.40937552,0.11739576,1.0297145,1.0
1260,0.7380706,0.9994999,0.74619514,0.75398904,0.0,0.0,1.0,48.42646,0.7380706,0.595536,0.09769953,0.8569528,0.0
1261,0.5795885,0.96334344,0.782715,0.7565195,0.0,0.0,1.0,26.451975,0.5610182,0.0,0.1247903,1.0945743,1.0
1262,0.2758857,0.90478456,0.7436962,0.78503466,0.0,0.0,1.0,27.23253,0.2742649,0.0,0.11593303,1.0168844,1.0
1263,0.0,0.77653384,0.7405066,0.8005771,0.0,0.0,1.0,28.74869,0.0,0.0,0.108982205,0.9559166,0.0
1264,0.2467178,0.8991591,0.7247602,0.710656,0.0,0.0,1.0,27.867142,0.2467178,0.0,0.0947023,0.83066314,0.0
1265,0.3000239,0.90937203,0.82415533,0.75144345,0.0,0.0,1.0,29.58504,0.296729,0.0,0.11762508,1.0317259,1.0
1266,0.48581097,0.9479851,0.82483107,0.7226313,0.0,0.0,1.0,27.33433,0.48581097,0.0,0.109374695,0.9593592,0.0
1267,0.2567098,0.9011996,0.9645721,0.7633556,0.0,0.0,1.0,27.050611,0.2567098,0.0,0.0904587,0.7934412,0.0
1268,1.1339151,1.0803367,0.91331196,0.83727944,0.0,0.0,1.0,22.119543,1.1339151,0.0,0.09226563,0.80929035,0.0
1269,0.5614371,0.963429,1.0457346,0.77436024,0.0,0.0,1.0,21.78639,0.5614371,0.0,0.111852,0.98108846,0.0
1270,0.39458057,0.9279275,1.005385,0.7815293,0.0,0.0,1.0,20.877771,0.38759208,0.0,0.119881295,1.0515158,1.0
1271,1.2840617,1.1109986,0.9798695,0.7103824,0.0,0.0,1.0,25.135689,1.2840617,0.0,0.10715317,0.9398736,0.0
1272,1.1313536,1.0798136,1.1044478,0.75336117,0.0,0.0,1.0,22.119543,1.1313536,0.0,0.09238613,0.81034726,0.0
1273,1.2264953,1.0992428,1.000209,0.7916482,0.0,0.0,1.0,37.415276,1.2264953,0.08946033,0.08616033,0.7557389,0.0
1274,0.9792504,1.0487521,0.91796505,0.7728986,0.0,0.0,1.0,37.415276,0.9792504,0.08946033,0.09984152,0.8757408,0.0
1275,1.018442,1.0567555,1.0746338,0.72678626,0.0,0.0,1.0,36.9523,1.018442,0.06818195,0.07410411,0.64999,0.0
1276,1.5240681,1.1600112,1.1943501,0.76093787,0.0,0.0,1.0,36.9523,1.5240681,0.06818195,0.07684957,0.6740714,0.0
1277,1.5855428,1.1675552,1.1870662,0.8148991,0.0,0.0,1.0,40.46207,1.56101,0.22949147,0.11912734,1.0449027,1.0
1278,1.2690744,1.107938,1.0906315,0.7121639,0.0,0.0,1.0,40.578182,1.2690744,0.23482798,0.088445745,0.77578497,0.0
1279,1.0073707,1.0544946,1.0834666,0.7731362,0.0,0.0,1.0,42.011967,1.0073707,0.30072492,0.08294266,0.7275157,0.0
1280,2.179073,1.293772,1.2111886,0.82568705,0.0,0.0,1.0,42.011967,2.179073,0.30072492,0.08556089,0.750481,0.0
1281,1.1167325,1.0768278,1.1032338,0.7852414,0.0,0.0,1.0,42.011967,1.1167325,0.30072492,0.10183836,0.8932557,0.0
1282,1.527274,1.1606659,1.1670235,0.787223,0.0,0.0,1.0,42.011967,1.527274,0.30072492,0.08990225,0.78856045,0.0
1283,1.9881271,1.2547783,1.1920829,0.7301521,0.0,0.0,1.0,42.011967,1.9881271,0.30072492,0.08924865,0.7828275,0.0
1284,2.115371,1.2807631,1.169048,0.7166543,0.0,0.0,1.0,43.45351,2.115371,0.3669785,0.09249654,0.8113157,0.0
1285,1.7899305,1.2143039,1.2297686,0.8033598,0.0,0.0,1.0,44.387585,1.7899305,0.40990868,0.11098933,0.9735217,0.0
1286,2.1798663,1.293934,1.1885773,0.7568177,0.0,0.0,1.0,44.387585,2.1798663,0.40990868,0.092327535,0.80983335,0.0
1287,1.4598808,1.1469033,1.1451199,0.7945735,0.0,0.0,1.0,43.611412,1.4598808,0.3742357,0.09725099,0.85301846,0.0
1288,2.1631758,1.2905256,1.2606733,0.64346373,0.0,0.0,1.0,40.768486,2.1631758,0.24357438,0.0886853,0.77788615,0.0
1289,1.498284,1.1547457,1.1313447,0.76628196,0.0,0.0,1.0,40.768486,1.498284,0.24357438,0.08829029,0.7744214,0.0
1290,1.3147861,1.117273,0.9980689,0.85870194,0.0,0.0,1.0,44.387585,1.3147861,0.40990868,0.0877772,0.76992095,0.0
1291,1.0744718,1.0641549,1.0226151,0.81802446,0.0,0.0,1.0,24.747417,1.0546753,0.0,0.120122224,1.0536292,1.0
1292,1.0492464,1.0630462,1.047107,0.8203968,0.0,0.0,1.0,24.747417,1.0492464,0.0,0.08488178,0.74452436,0.0
1293,0.74313396,0.9886842,1.1089625,0.9024018,0.0,0.0,1.0,24.747417,0.68510765,0.0,0.14159694,1.2419906,1.0
1294,1.8803487,1.226704,1.0067897,0.77225304,0.0,0.0,1.0,25.23484,1.850652,0.0,0.119235076,1.0458477,1.0
1295,0.015376974,0.85185444,1.0415381,0.82694227,0.0,0.0,1.0,28.171267,0.015074722,0.0,0.1205392,1.0572866,1.0
1296,1.1565195,1.0835767,1.1896222,0.84316593,0.0,0.0,1.0,28.171267,1.1497809,0.0,0.115917176,1.0167453,1.0
1297,1.0938495,1.0721548,1.1032858,0.76053554,0.0,0.0,1.0,28.16116,1.0938495,0.0,0.102415204,0.89831537,0.0
1298,1.3353659,1.1150393,1.1909648,0.7925898,0.0,0.0,1.0,28.6039,1.3038484,0.0,0.12188201,1.0690647,1.0
1299,1.0579618,1.064826,1.1422981,0.70108664,0.0,0.0,1.0,29.314545,1.0579618,0.0,0.093896694,0.8235969,0.0
1300,1.2762748,1.1017576,1.1297858,0.8206626,0.0,0.0,1.0,29.939775,1.2388101,0.0,0.12385919,1.0864072,1.0
1301,2.6080089,1.3627298,1.3923448,0.7648158,0.0,0.0,1.0,29.541124,2.5167482,0.0,0.12581973,1.1036037,1.0
1302,2.1546438,1.2887832,1.326521,0.5282093,0.0,0.0,1.0,28.8687,2.1546438,0.0,0.10783407,0.94584596,0.0
1303,0.6615064,0.9838645,1.3409646,0.74675286,0.0,0.0,1.0,28.8687,0.6615064,0.0,0.08945854,0.7846685,0.0
1304,0.71758074,0.9953156,1.387837,0.76060086,0.0,0.0,1.0,28.44621,0.71758074,0.0,0.089788035,0.7875586,0.0
1305,2.5652122,1.3726268,1.5125048,0.829764,0.0,0.0,1.0,28.664803,2.5652122,0.0,0.070773326,0.6207747,0.0
1306,3.218404,1.5060173,1.8789455,0.80713034,0.0,0.0,1.0,1.5377198,3.218404,0.0,0.09154131,0.80293715,0.0
1307,4.6593304,1.7778069,1.8433347,0.78304505,0.0,0.0,1.0,51.606117,4.549313,0.7416735,0.12188548,1.0690951,1.0
1308,5.038705,1.8370124,1.943397,0.7880947,0.0,0.0,1.0,56.5528,4.839233,0.96902376,0.12743486,1.1177706,1.0
1309,2.2901797,1.3164614,1.7448527,0.9654978,0.0,0.0,1.0,68.15917,2.2901797,1.5024544,0.07605466,0.66709894,0.0
1310,2.78154,1.4168038,1.541202,0.76657295,0.0,0.0,1.0,70.71242,2.78154,1.6198019,0.0765108,0.6710999,0.0
1311,3.9472115,1.6548496,1.9802117,0.96142876,0.0,0.0,1.0,68.72146,3.9472115,1.5282972,0.0972147,0.8527002,0.0
1312,3.7532897,1.6152482,1.8525804,0.86641806,0.0,0.0,1.0,68.214096,3.7532897,1.5049787,0.10225465,0.89690715,0.0
1313,4.062186,1.6783289,1.8266988,0.7523179,0.0,0.0,1.0,66.355515,4.062186,1.419558,0.10466618,0.9180594,0.0
1314,3.2486327,1.5092522,1.5844158,0.7858968,0.0,0.0,1.0,67.74823,3.2342446,1.4835674,0.115457155,1.0127103,1.0
1315,3.19741,1.5017301,1.5563478,0.77383524,0.0,0.0,1.0,65.74832,3.19741,1.3916513,0.08532737,0.74843276,0.0
1316,3.9535015,1.6561341,1.5821055,0.71402276,0.0,0.0,1.0,68.696915,3.9535015,1.5271691,0.112012476,0.982496,0.0
1317,2.9272063,1.4465508,1.5352229,0.9334217,0.0,0.0,1.0,68.696915,2.9272063,1.5271691,0.06928103,0.60768527,0.0
1318,3.3549314,1.5010145,1.6261804,0.7262938,0.0,0.0,1.0,68.696915,3.1939058,1.5271691,0.1304306,1.144047,1.0
1319,3.4015515,1.4883468,1.6753662,0.8265371,0.0,0.0,1.0,80.335915,3.1318743,2.0620992,0.14205642,1.2460208,1.0
1320,2.2111704,1.3003267,1.3130466,0.86420804,0.0,0.0,1.0,80.335915,2.2111704,2.0620992,0.090228856,0.79142517,0.0
1321,3.139608,1.4899261,1.5751312,0.8180239,0.0,0.0,1.0,82.171364,3.139608,2.1464567,0.0982588,0.8618583,0.0
1322,2.7714021,1.4147335,1.5610062,0.8717889,0.0,0.0,1.0,68.746735,2.7714021,1.5294589,0.099472895,0.8725075,0.0
1323,1.2589768,1.105876,1.2509453,0.6950414,0.0,0.0,1.0,68.746735,1.2589768,1.5294589,0.09742186,0.8545173,0.0
1324,1.2225636,0.915443,0.9662094,0.7775359,0.0,0.0,1.0,68.719444,0.32645756,1.5282046,0.0786313,0.6896994,0.0
1325,1.2225636,0.9624014,1.0068874,0.7797558,0.0,0.0,1.0,68.719444,0.5564051,1.5282046,0.094299205,0.82712746,0.0
1326,1.7185217,1.1997212,1.1041553,0.75290513,0.0,0.0,1.0,63.732033,1.7185217,1.2989824,0.10460092,0.917487,0.0
1327,1.0359566,0.9105696,1.1144282,0.76345277,0.0,0.0,1.0,63.644203,0.30259332,1.2949457,0.07494051,0.65732634,0.0
1328,1.4431757,1.1434919,1.1584227,0.7130419,0.0,0.0,1.0,63.644203,1.4431757,1.2949457,0.09152016,0.8027516,0.0
1329,1.104767,1.0112232,1.0664085,0.7299716,0.0,0.0,1.0,65.51567,0.79547757,1.3809587,0.07378767,0.6472144,0.0
1330,1.1868539,0.9076652,0.9207741,0.6125854,0.0,0.0,1.0,67.74823,0.28837088,1.4835674,0.08689276,0.7621633,0.0
1331,1.2212696,1.0981756,0.97423005,0.75121903,0.0,0.0,1.0,67.74823,1.2212696,1.4835674,0.09496533,0.83297026,0.0
1332,1.5326302,1.15759,1.2201023,0.7720226,0.0,0.0,1.0,67.74823,1.5122122,1.4835674,0.118406214,1.0385774,1.0
1333,1.5615553,1.1676666,1.0751671,0.83491963,0.0,0.0,1.0,67.74823,1.5615553,1.4835674,0.0944002,0.8280133,0.0
1334,1.6076807,1.177086,1.1572168,0.80749005,0.0,0.0,1.0,67.74823,1.6076807,1.4835674,0.06957723,0.6102834,0.0
1335,1.225336,1.099006,1.2430302,0.7498552,0.0,0.0,1.0,65.51567,1.225336,1.3809587,0.09120533,0.7999901,0.0
1336,1.8722093,1.2311063,1.1130188,0.82355994,0.0,0.0,1.0,67.74823,1.8722093,1.4835674,0.09662267,0.8475073,0.0
1337,2.102588,1.2781527,1.1261884,0.79590315,0.0,0.0,1.0,67.74823,2.102588,1.4835674,0.08035021,0.7047765,0.0
1338,1.3186791,1.118068,1.2476823,0.8350573,0.0,0.0,1.0,66.355515,1.3186791,1.419558,0.094917156,0.8325477,0.0
1339,1.2202929,1.0979762,1.1520534,0.8595661,0.0,0.0,1.0,68.214096,1.2202929,1.5049787,0.06617075,0.5804041,0.0
1340,1.42632,1.1400497,1.1651913,0.78776616,0.0,0.0,1.0,68.33244,1.42632,1.5104179,0.07832825,0.6870413,0.0
1341,1.3828809,1.1311789,1.2305921,0.8802292,0.0,0.0,1.0,64.30614,1.3828809,1.3253683,0.10345132,0.90740347,0.0
1342,1.7124338,1.198478,1.1932425,0.7121531,0.0,0.0,1.0,61.903564,1.7124338,1.2149457,0.074581675,0.6541789,0.0
1343,1.5227021,1.1597322,1.1852139,0.7870417,0.0,0.0,1.0,58.579304,1.5227021,1.0621622,0.092604,0.81225824,0.0
1344,2.411626,1.3412625,1.4049306,0.7716539,0.0,0.0,1.0,59.111553,2.411626,1.0866245,0.07624496,0.6687681,0.0
1345,1.3697296,1.1284932,1.1071972,0.75883234,0.0,0.0,1.0,59.106495,1.3697296,1.0863919,0.08160494,0.71578217,0.0
1346,1.4871676,1.1524756,1.0501364,0.85248834,0.0,0.0,1.0,56.749855,1.4871676,0.97808045,0.09912467,0.86945313,0.0
1347,1.8409758,1.224728,1.2082714,0.7604224,0.0,0.0,1.0,55.062416,1.8409758,0.9005255,0.10465014,0.9179187,0.0
1348,2.247608,1.3077677,1.2286141,0.6678749,0.0,0.0,1.0,51.921043,2.247608,0.75614756,0.07918542,0.69455975,0.0
1349,0.5598819,0.9631114,1.3283591,0.7819028,0.0,0.0,1.0,50.636253,0.5598819,0.69709843,0.09706236,0.8513639,0.0
1350,1.7326268,1.2026017,1.147614,0.713299,0.0,0.0,1.0,42.04932,1.7326268,0.30244172,0.10358648,0.908589,0.0
1351,1.1831123,1.0903834,1.0527548,0.8665594,0.0,0.0,1.0,37.09177,1.1831123,0.07459197,0.079504944,0.6973624,0.0
1352,1.6523888,1.186216,1.0735095,0.9770641,0.0,0.0,1.0,42.04932,1.6523888,0.30244172,0.10378859,0.9103618,0.0
1353,0.86933345,1.0263056,1.0747237,0.90131074,0.0,0.0,1.0,42.04932,0.86933345,0.30244172,0.087730646,0.7695126,0.0
1354,1.2326609,1.1005019,1.2601492,0.77490366,0.0,0.0,1.0,37.09177,1.2326609,0.07459197,0.07638587,0.67000407,0.0
1355,1.8439692,1.2253393,1.093771,0.9702223,0.0,0.0,1.0,41.938477,1.8439692,0.2973473,0.097454734,0.8548056,0.0
1356,1.1267444,1.0788723,1.344036,0.6821046,0.0,0.0,1.0,20.760069,1.1267444,0.0,0.09207651,0.8076315,0.0
1357,1.6790951,1.1872344,1.0897405,0.93651164,0.0,0.0,1.0,23.534782,1.6573758,0.0,0.11827674,1.0374418,1.0
1358,1.9519341,1.2473872,1.6063708,0.89506745,0.0,0.0,1.0,23.534782,1.9519341,0.0,0.09368741,0.8217612,0.0
1359,1.8519158,1.2269621,1.3353794,0.6925102,0.0,0.0,1.0,21.36719,1.8519158,0.0,0.050213676,0.44043967,0.0
1360,2.025937,1.2624996,1.152733,0.6793769,0.0,0.0,1.0,23.534782,2.025937,0.0,0.08449921,0.7411687,0.0
1361,0.654047,0.9823412,1.1435758,0.92090183,0.0,0.0,1.0,20.2194,0.654047,0.0,0.07221031,0.633379,0.0
1362,1.901026,1.236991,1.0023926,0.90393865,0.0,0.0,1.0,19.797316,1.901026,0.0,0.106809966,0.93686324,0.0
1363,1.725658,1.2011786,1.1058432,0.7983373,0.0,0.0,1.0,16.537327,1.725658,0.0,0.106327124,0.93262804,0.0
1364,1.601845,1.1758943,1.0757759,0.6049372,0.0,0.0,1.0,16.537327,1.601845,0.0,0.09931846,0.8711529,0.0
1365,1.2148547,1.0968657,1.1879933,0.8609566,0.0,0.0,1.0,18.735275,1.2148547,0.0,0.08185884,0.71800923,0.0
1366,2.624905,1.3848169,1.6719384,0.9686287,0.0,0.0,1.0,32.774162,2.624905,0.0,0.08196058,0.7189016,0.0
1367,2.4816537,1.355563,1.1636165,1.0486791,0.0,0.0,1.0,29.674871,2.4816537,0.0,0.11135319,0.97671324,0.0
1368,1.5855076,1.172558,1.3870592,0.79035735,0.0,0.0,1.0,30.089762,1.5855076,0.0,0.08222359,0.7212085,0.0
1369,2.7800107,1.4164915,1.5096378,0.85423255,0.0,0.0,1.0,29.137499,2.7800107,0.0,0.09319775,0.81746626,0.0
1370,0.68465674,0.9885921,1.2719643,0.88921446,0.0,0.0,1.0,30.380901,0.68465674,0.0,0.0833952,0.73148507,0.0
1371,2.7087483,1.4019388,1.1919738,0.9657633,0.0,0.0,1.0,29.137499,2.7087483,0.0,0.08847752,0.7760637,0.0
1372,2.2446692,1.2992687,1.022168,1.0410049,0.0,0.0,1.0,24.849903,2.2059896,0.0,0.119719505,1.0500968,1.0
1373,0.48875445,0.9448305,0.9755859,0.9151928,0.0,0.0,1.0,24.849903,0.47036323,0.0,0.1267444,1.1117144,1.0
1374,2.4062383,1.2840184,1.0884418,0.9139584,0.0,0.0,1.0,22.739634,2.1313114,0.0,0.15602632,1.3685551,1.0
1375,0.32827154,0.91581345,1.156882,0.69584674,0.0,0.0,1.0,22.25589,0.32827154,0.0,0.07094599,0.62228924,0.0
1376,1.571988,1.1697971,1.0051806,1.00945,0.0,0.0,1.0,21.896921,1.571988,0.0,0.09799068,0.8595065,0.0
1377,1.3567839,1.1258495,1.0167639,0.9643351,0.0,0.0,1.0,22.25589,1.3567839,0.0,0.10849021,0.95160115,0.0
1378,1.305958,1.1154702,1.1202036,0.7996612,0.0,0.0,1.0,22.25589,1.305958,0.0,0.1105654,0.9698033,0.0
1379,1.8424335,1.2250257,0.97359824,0.9796628,0.0,0.0,1.0,25.915201,1.8424335,0.0,0.10988876,0.96386826,0.0
1380,1.5474484,1.1647857,0.94257784,0.9954825,0.0,0.0,1.0,23.155725,1.5474484,0.0,0.09736445,0.8540137,0.0
1381,1.4697422,1.1489171,0.92308766,0.8114987,0.0,0.0,1.0,23.155725,1.4697422,0.0,0.09781441,0.8579604,0.0
1382,1.2812824,1.1104311,1.0534618,0.9039551,0.0,0.0,1.0,22.25589,1.2812824,0.0,0.08981893,0.7878296,0.0
1383,2.2867007,1.305673,0.99774253,0.9319,0.0,0.0,1.0,22.238867,2.2373505,0.0,0.121192984,1.0630211,1.0
1384,2.1508243,1.2746408,1.067978,1.0035021,0.0,0.0,1.0,22.073343,2.0853908,0.0,0.12422876,1.0896488,1.0
1385,1.79369,1.2109448,1.2063574,0.8312884,0.0,0.0,1.0,21.126053,1.7734816,0.0,0.11771976,1.0325564,1.0
1386,1.818484,1.2201349,1.0220038,0.9190282,0.0,0.0,1.0,22.073343,1.818484,0.0,0.09402844,0.8247525,0.0
1387,1.8480631,1.2261753,1.1959994,0.87190676,0.0,0.0,1.0,22.073343,1.8480631,0.0,0.10501379,0.92110837,0.0
1388,2.1037753,1.2783952,1.3430187,0.9122671,0.0,0.0,1.0,19.792648,2.1037753,0.0,0.09299886,0.81572175,0.0
1389,2.0233295,1.2619671,1.1394554,0.7483775,0.0,0.0,1.0,22.073343,2.0233295,0.0,0.11358753,0.9963113,0.0
1390,0.28872785,0.9077381,1.2751743,0.7836743,0.0,0.0,1.0,23.130505,0.28872785,0.0,0.08164498,0.71613336,0.0
1391,2.2053847,1.2921079,1.0824361,0.86269647,0.0,0.0,1.0,23.130505,2.1709244,0.0,0.11917868,1.045353,1.0
1392,1.1454663,1.0826956,0.9774223,0.8560267,0.0,0.0,1.0,26.002237,1.1454663,0.0,0.110557355,0.9697327,0.0
1393,1.4926368,1.1189442,1.0316242,0.67744493,0.0,0.0,1.0,23.130505,1.3229697,0.0,0.15578294,1.3664203,1.0
1394,2.258617,1.2662265,1.0610347,0.7151778,0.0,0.0,1.0,23.130505,2.0441873,0.0,0.14817701,1.2997063,1.0
1395,1.8810138,1.1748562,1.0381281,0.79407156,0.0,0.0,1.0,25.886974,1.5967617,0.0,0.17199512,1.5086223,1.0
1396,1.6731629,1.1620096,1.0744765,0.7499565,0.0,0.0,1.0,25.886974,1.533854,0.0,0.14359245,1.2594937,1.0
1397,1.9227974,1.2267963,1.082703,0.822901,0.0,0.0,1.0,25.886974,1.8511039,0.0,0.12662393,1.1106576,1.0
1398,1.3670008,1.120653,1.0184737,0.90470505,0.0,0.0,1.0,28.16217,1.3313377,0.0,0.12273375,1.0765356,1.0
1399,1.1116709,1.0757941,1.1099361,0.8589829,0.0,0.0,1.0,28.16217,1.1116709,0.0,0.0943493,0.82756686,0.0
1400,1.8205278,1.2189431,1.1821699,0.8893403,0.0,0.0,1.0,26.65365,1.8126483,0.0,0.115424044,1.0124199,1.0
1401,0.42314586,0.93518806,0.8789038,0.78667045,0.0,0.0,1.0,24.580551,0.42314586,0.0,0.0934396,0.8195876,0.0
1402,1.2651079,1.107128,1.0621396,0.758012,0.0,0.0,1.0,28.40679,1.2651079,0.0,0.09450435,0.82892686,0.0
1403,1.6989827,1.1824313,0.9787067,1.0099995,0.0,0.0,1.0,25.961235,1.633856,0.0,0.12699221,1.1138879,1.0
1404,0.87781703,1.028038,0.9228317,0.7657134,0.0,0.0,1.0,25.961235,0.87781703,0.0,0.107745916,0.9450727,0.0
1405,1.5787379,1.1423984,0.93620515,0.77258146,0.0,0.0,1.0,28.40679,1.437821,0.0,0.14593266,1.2800205,1.0
1406,1.0900515,1.0623655,0.9301323,0.83041316,0.0,0.0,1.0,29.6613,1.0459132,0.0,0.12775439,1.1205733,1.0
1407,1.1957039,1.0842822,0.96204334,0.7877272,0.0,0.0,1.0,30.202822,1.1532354,0.0,0.12600347,1.1052154,1.0
1408,1.9278158,1.233124,1.0732908,0.7512017,0.0,0.0,1.0,29.6613,1.8820899,0.0,0.121921964,1.0694152,1.0
1409,1.1594406,1.0660906,0.8673909,0.7792335,0.0,0.0,1.0,32.144287,1.0641543,0.0,0.1431752,1.2558339,1.0
1410,1.594247,1.1743426,1.035041,0.6081815,0.0,0.0,1.0,39.20449,1.594247,0.17169291,0.114005335,0.99997604,0.0
1411,1.2342019,1.0839185,0.8273305,0.80320805,0.0,0.0,1.0,39.20449,1.1514544,0.17169291,0.13741668,1.2053242,1.0
1412,0.5375935,0.95179176,0.8971508,0.72383493,0.0,0.0,1.0,40.997246,0.5044515,0.2540882,0.13540868,1.1877114,1.0
1413,1.2001519,1.0613163,0.87438715,0.8007202,0.0,0.0,1.0,42.97075,1.0407752,0.3447907,0.16388908,1.4375218,1.0
1414,0.2908021,0.89819616,0.7584519,0.72436,0.0,0.0,1.0,42.262634,0.24200258,0.31224564,0.1796926,1.5761393,1.0
1415,1.3356863,1.0872015,0.8434446,0.80991495,0.0,0.0,1.0,44.13066,1.1675309,0.39810044,0.16092288,1.4115044,1.0
1416,1.1385818,1.0562334,0.9077596,0.74183124,0.0,0.0,1.0,44.105667,1.0158852,0.3969517,0.15334998,1.34508,1.0
1417,1.2841151,1.0781934,0.9607443,0.75732523,0.0,0.0,1.0,44.105667,1.1234199,0.3969517,0.1606019,1.4086889,1.0
1418,0.63063836,0.9692926,1.0037774,0.8134416,0.0,0.0,1.0,44.105667,0.5901502,0.3969517,0.13635582,1.196019,1.0
1419,1.245904,1.0900313,0.9176314,0.7912108,0.0,0.0,1.0,24.529743,1.1813879,0.0,0.1317967,1.1560296,1.0
1420,1.196894,1.0931978,0.8546067,0.85646266,0.0,0.0,1.0,24.093086,1.196894,0.0,0.09497163,0.83302546,0.0
1421,0.35016796,0.920285,0.87669164,0.8197492,0.0,0.0,1.0,22.753704,0.35016796,0.0,0.10747226,0.94267243,0.0
1422,1.1289482,1.0627931,0.90466136,0.7710276,0.0,0.0,1.0,22.586426,1.0480071,0.0,0.13916585,1.2206666,1.0
1423,0.68715996,0.9852334,0.86589545,0.7510497,0.0,0.0,1.0,22.586426,0.6682099,0.0,0.123245806,1.081027,1.0
1424,1.364546,1.1160488,0.90452456,0.8291228,0.0,0.0,1.0,21.64594,1.3087915,0.0,0.12788443,1.1217139,1.0
1425,0.0,0.84376186,0.75459355,0.7646451,0.0,0.0,1.0,23.423702,0.0,0.0,0.124919884,1.0957109,1.0
1426,0.64497554,0.98048866,1.1251183,0.8132299,0.0,0.0,1.0,24.54554,0.64497554,0.0,0.105186254,0.92262113,0.0
1427,1.1539365,1.0746765,1.041456,0.7962774,0.0,0.0,1.0,25.475317,1.1061982,0.0,0.12806538,1.123301,1.0
1428,0.7721218,1.0012575,1.1346722,0.7966209,0.0,0.0,1.0,24.034918,0.7466774,0.0,0.12510814,1.0973622,1.0
1429,0.93218213,1.0391401,0.9339453,0.8300574,0.0,0.0,1.0,24.034918,0.93218213,0.0,0.11249867,0.9867606,0.0
1430,0.23591535,0.84940153,0.7618278,0.6571821,0.0,0.0,1.0,41.8851,0.0030632203,0.2948942,0.12461315,1.0930204,1.0
1431,0.41740498,0.9340157,0.8473067,0.7028044,0.0,0.0,1.0,43.29325,0.41740498,0.35961294,0.07907426,0.6935848,0.0
1432,0.7671343,1.0017294,0.8871222,0.59967023,0.0,0.0,1.0,45.573376,0.74898785,0.4644078,0.12190002,1.0692228,1.0
1433,1.3465958,1.1237689,0.9660688,0.79796135,0.0,0.0,1.0,49.08799,1.3465958,0.62594,0.10570422,0.9271644,0.0
1434,0.9224261,1.0323045,0.9348082,0.8837093,0.0,0.0,1.0,49.562702,0.8987094,0.6477578,0.12260416,1.075399,1.0
1435,1.447898,1.1107341,0.99208885,0.8712215,0.0,0.0,1.0,49.571716,1.2827663,0.64817214,0.15594052,1.3678025,1.0
1436,1.0607493,1.060151,1.0423979,0.9043365,0.0,0.0,1.0,49.66415,1.035069,0.6524204,0.122089654,1.0708861,1.0
1437,1.7251312,1.1969918,1.1138016,0.93081266,0.0,0.0,1.0,49.63315,1.7051562,0.65099555,0.11782389,1.0334698,1.0
1438,0.9189235,1.036301,1.0823724,0.789845,0.0,0.0,1.0,50.18908,0.9182796,0.6765462,0.114236474,1.0020034,1.0
1439,1.639566,1.1588537,1.0845585,0.79759127,0.0,0.0,1.0,50.18908,1.5184,0.6765462,0.14000142,1.2279956,1.0
1440,1.9339821,1.2437211,1.0899049,0.8374881,0.0,0.0,1.0,50.834885,1.9339821,0.70622754,0.08889795,0.7797514,0.0
1441,1.7491143,1.2059686,1.0169727,0.9729606,0.0,0.0,1.0,50.1925,1.7491143,0.6767035,0.08836629,0.7750881,0.0
1442,1.7795929,1.2121928,1.0964098,0.741876,0.0,0.0,1.0,49.08799,1.7795929,0.62594,0.086701505,0.7604857,0.0
1443,2.165641,1.291029,1.1975708,0.8582632,0.0,0.0,1.0,45.25137,2.165641,0.44960836,0.101754025,0.892516,0.0
1444,1.7923455,1.214797,0.990312,0.88494766,0.0,0.0,1.0,43.29325,1.7923455,0.35961294,0.09353018,0.8203821,0.0
1445,1.461621,1.1472586,1.2196381,0.769871,0.0,0.0,1.0,43.032135,1.461621,0.34761202,0.09186371,0.805765,0.0
1446,1.6002735,1.1561208,1.0490471,0.74980927,0.0,0.0,1.0,43.032135,1.5050175,0.34761202,0.13462472,1.180835,1.0
1447,1.5466528,1.1502049,0.9985471,0.82996494,0.0,0.0,1.0,42.56738,1.4760484,0.32625178,0.1295892,1.1366669,1.0
1448,1.0946558,1.0723194,0.9955925,0.8846477,0.0,0.0,1.0,42.56738,1.0946558,0.32625178,0.09249536,0.8113054,0.0
1449,1.380355,1.130663,0.9718755,0.9033595,0.0,0.0,1.0,42.56738,1.380355,0.32625178,0.09693181,0.85021883,0.0
1450,1.257242,1.1055217,0.9753881,0.82787997,0.0,0.0,1.0,39.62152,1.257242,0.19085969,0.110485554,0.9691029,0.0
1451,1.0617474,1.0655991,0.9352996,0.77556825,0.0,0.0,1.0,22.093605,1.0617474,0.0,0.08015933,0.70310223,0.0
1452,1.3881199,1.1053244,1.1977375,0.6079331,0.0,0.0,1.0,23.077553,1.2562758,0.0,0.14819369,1.2998526,1.0
1453,1.2108625,1.0683901,0.95165,0.8242544,0.0,0.0,1.0,17.968199,1.0754148,0.0,0.15503447,1.3598552,1.0
1454,1.1406235,1.058109,0.9169433,0.7845436,0.0,0.0,1.0,15.593966,1.02507,0.0,0.1507276,1.3220783,1.0
1455,1.3939296,1.1043079,1.0056529,0.8645858,0.0,0.0,1.0,15.361371,1.2512982,0.0,0.15113781,1.3256764,1.0
1456,1.0549105,1.0459628,0.9744466,0.7084618,0.0,0.0,1.0,14.911204,0.96559185,0.0,0.14413929,1.2642902,1.0
1457,1.7820276,1.1747327,1.0234349,0.6902476,0.0,0.0,1.0,27.72212,1.596157,0.0,0.15193981,1.332711,1.0
1458,2.032678,1.2450013,1.0612379,0.7978323,0.0,0.0,1.0,28.237284,1.940251,0.0,0.12952505,1.1361042,1.0
1459,2.1660712,1.2819288,1.133449,0.8194796,0.0,0.0,1.0,26.936443,2.1210787,0.0,0.12091765,1.060606,1.0
1460,1.484366,1.1454153,1.1727383,0.7400578,0.0,0.0,1.0,26.936443,1.4525945,0.0,0.12113268,1.0624921,1.0
1461,1.6251546,1.1497382,1.0967678,0.824995,0.0,0.0,1.0,26.936443,1.473763,0.0,0.1474693,1.2934988,1.0
1462,0.19763097,0.8891349,1.0257502,0.82565385,0.0,0.0,1.0,27.871426,0.19763097,0.0,0.11369153,0.99722356,0.0
1463,1.8372457,1.2239662,1.1822524,0.85141736,0.0,0.0,1.0,28.237284,1.8372457,0.0,0.08915861,0.78203773,0.0
1464,1.1601529,1.0856948,1.1464361,0.8843326,0.0,0.0,1.0,29.111734,1.1601529,0.0,0.11080607,0.9719143,0.0
1465,1.858337,1.2282734,1.2108011,0.66470945,0.0,0.0,1.0,29.111734,1.858337,0.0,0.08760343,0.76839674,0.0
1466,2.181899,1.2646831,1.1775905,0.79210067,0.0,0.0,1.0,29.111734,2.0366297,0.0,0.13724235,1.2037951,1.0
1467,1.66093,1.1717032,1.1068289,0.8338104,0.0,0.0,1.0,28.200808,1.5813222,0.0,0.13040653,1.1438359,1.0
1468,1.828501,1.1947074,1.2293653,0.77161443,0.0,0.0,1.0,29.327002,1.6939698,0.0,0.13987738,1.2269077,1.0
1469,1.8040929,1.217196,1.1455053,0.8831518,0.0,0.0,1.0,30.302967,1.8040929,0.0,0.10526466,0.9233089,0.0
1470,1.9552697,1.2480683,1.2668775,0.78002715,0.0,0.0,1.0,30.046858,1.9552697,0.0,0.10028518,0.8796323,0.0
1471,1.0131586,1.0556766,1.1531607,0.7098354,0.0,0.0,1.0,29.116787,1.0131586,0.0,0.07493139,0.65724635,0.0
1472,1.6053632,1.1766127,1.0907718,0.7791163,0.0,0.0,1.0,33.082764,1.6053632,0.0,0.09249255,0.8112807,0.0
1473,1.8888631,1.2345072,1.1562166,0.8028181,0.0,0.0,1.0,29.116787,1.8888631,0.0,0.0901878,0.7910651,0.0
1474,0.43429545,0.93746495,1.1515182,0.72458434,0.0,0.0,1.0,29.116787,0.43429545,0.0,0.07781762,0.68256235,0.0
1475,1.721789,1.2003884,1.117884,0.72980964,0.0,0.0,1.0,29.116787,1.721789,0.0,0.08629509,0.7569209,0.0
1476,1.4665805,1.1482714,1.1314303,0.8289862,0.0,0.0,1.0,28.866423,1.4665805,0.0,0.07468165,0.6550558,0.0
1477,1.4628893,1.140864,1.1985724,0.80862063,0.0,0.0,1.0,28.866423,1.4303076,0.0,0.121428214,1.0650843,1.0
1478,1.5432011,1.1639184,1.1022838,0.75347567,0.0,0.0,1.0,27.823027,1.5432011,0.0,0.09636931,0.845285,0.0
1479,1.6726811,1.19036,1.0895802,0.8232865,0.0,0.0,1.0,27.823027,1.6726811,0.0,0.09738582,0.8542011,0.0
1480,1.4023349,1.1351516,1.2724547,0.80215734,0.0,0.0,1.0,27.5118,1.4023349,0.0,0.08262602,0.72473836,0.0
1481,1.7314517,1.2023617,1.2136422,0.753003,0.0,0.0,1.0,27.5118,1.7314517,0.0,0.09332286,0.81856364,0.0
1482,2.8003385,1.4206427,1.3329431,0.81998175,0.0,0.0,1.0,27.112587,2.8003385,0.0,0.079215765,0.69482595,0.0
1483,2.6329181,1.3864533,1.3565099,0.72386765,0.0,0.0,1.0,27.999287,2.6329181,0.0,0.07672287,0.67296,0.0
1484,3.5551813,1.5747918,1.3749665,0.90746653,0.0,0.0,1.0,27.999287,3.5551813,0.0,0.09278333,0.81383127,0.0
1485,2.684758,1.3970397,1.4689125,0.8080645,0.0,0.0,1.0,26.261778,2.684758,0.0,0.094353646,0.827605,0.0
1486,2.9898565,1.4593449,1.4771813,0.84791565,0.0,0.0,1.0,26.08472,2.9898565,0.0,0.08175303,0.71708107,0.0
1487,2.5411754,1.354747,1.5586157,0.9118962,0.0,0.0,1.0,28.132612,2.477658,0.0,0.1223587,1.073246,1.0
1488,3.1098828,1.4838558,1.7360126,0.81432706,0.0,0.0,1.0,30.034395,3.1098828,0.0,0.08242972,0.72301656,0.0
1489,4.26327,1.719393,2.1078582,0.73730177,0.0,0.0,1.0,32.957554,4.26327,0.0,0.09200319,0.8069884,0.0
1490,4.769071,1.8226844,1.8601693,0.8700328,0.0,0.0,1.0,34.966663,4.769071,0.0,0.09103971,0.79853743,0.0
1491,3.939564,1.6532879,1.7316384,0.6869551,0.0,0.0,1.0,32.004906,3.939564,0.0,0.070538536,0.6187153,0.0
1492,3.2543383,1.5133556,1.7099438,0.7610338,0.0,0.0,1.0,32.004906,3.2543383,0.0,0.09971887,0.874665,0.0
1493,3.9302695,1.6513898,1.5672814,0.81576777,0.0,0.0,1.0,28.10094,3.9302695,0.0,0.09829819,0.86220384,0.0
1494,2.6802197,1.374242,1.4495085,0.786122,0.0,0.0,1.0,24.390116,2.5731213,0.0,0.12756588,1.1189197,1.0
1495,3.371095,1.5371989,1.8115411,0.89057094,0.0,0.0,1.0,24.52929,3.371095,0.0,0.11286112,0.98993975,0.0
1496,2.7575405,1.4119028,1.6294012,0.76808614,0.0,0.0,1.0,23.384071,2.7575405,0.0,0.090775594,0.7962208,0.0
1497,3.1258004,1.4871064,1.5498148,0.8368464,0.0,0.0,1.0,23.384071,3.1258004,0.0,0.06916631,0.6066791,0.0
1498,2.7024632,1.4006553,1.5018904,0.72100407,0.0,0.0,1.0,20.307854,2.7024632,0.0,0.10143429,0.8897115,0.0
1499,2.2746758,1.3132954,1.4364933,0.807412,0.0,0.0,1.0,23.337032,2.2746758,0.0,0.09140884,0.8017752,0.0
1500,2.2369196,1.305585,1.4938161,0.7039875,0.0,0.0,1.0,23.337032,2.2369196,0.0,0.09382377,0.8229573,0.0
1501,2.272899,1.3129325,1.382392,0.81196404,0.0,0.0,1.0,21.968866,2.272899,0.0,0.10896009,0.95572263,0.0
1502,3.5333462,1.5703328,1.6759654,0.76534075,0.0,0.0,1.0,24.870754,3.5333462,0.0,0.10696082,0.9381864,0.0
1503,2.520012,1.3633963,1.3198692,0.84446484,0.0,0.0,1.0,24.870754,2.520012,0.0,0.061770637,0.5418093,0.0
1504,3.0129485,1.4565384,1.5886774,0.6942673,0.0,0.0,1.0,24.870754,2.9761138,0.0,0.11803964,1.0353621,1.0
1505,1.4834241,1.1517111,1.5891554,0.7696644,0.0,0.0,1.0,26.025452,1.4834241,0.0,0.09599938,0.84204024,0.0
1506,2.157903,1.2844418,1.3308333,0.80410933,0.0,0.0,1.0,26.272907,2.1333847,0.0,0.11775165,1.0328361,1.0
1507,3.0243094,1.4663806,1.5046986,0.78001386,0.0,0.0,1.0,28.763083,3.0243094,0.0,0.09778286,0.85768366,0.0
1508,3.3914084,1.5413471,1.5156343,0.79352194,0.0,0.0,1.0,28.763083,3.3914084,0.0,0.077095844,0.67623144,0.0
1509,2.9657238,1.4544166,1.4026883,0.7885766,0.0,0.0,1.0,31.1141,2.9657238,0.0,0.101655774,0.8916542,0.0
1510,2.686863,1.3974695,1.3717941,0.82527095,0.0,0.0,1.0,31.1141,2.686863,0.0,0.08832798,0.774752,0.0
1511,1.6617002,1.1881175,1.4926428,0.7846752,0.0,0.0,1.0,17.352453,1.6617002,0.0,0.093909346,0.8237079,0.0
1512,3.5815942,1.5801857,1.4202662,0.76460963,0.0,0.0,1.0,17.352453,3.5815942,0.0,0.099406436,0.8719246,0.0
1513,1.945426,1.2460581,1.3362066,0.7574018,0.0,0.0,1.0,17.352453,1.945426,0.0,0.07972492,0.69929194,0.0
1514,2.2853684,1.3154789,1.4727535,0.90590835,0.0,0.0,1.0,17.949667,2.2853684,0.0,0.07707691,0.6760654,0.0
1515,1.411508,1.1370249,1.3103641,0.75773126,0.0,0.0,1.0,20.586855,1.411508,0.0,0.068416275,0.6001003,0.0
1516,0.8146035,1.015129,1.046783,0.7922812,0.0,0.0,1.0,20.586855,0.8146035,0.0,0.109782584,0.96293694,0.0
1517,0.70219135,0.9921729,1.0900223,0.79645705,0.0,0.0,1.0,20.586855,0.70219135,0.0,0.11053756,0.9695591,0.0
1518,1.3982189,1.1343111,1.163601,0.7766957,0.0,0.0,1.0,23.849293,1.3982189,0.0,0.07931017,0.69565403,0.0
1519,2.6755528,1.3951598,1.382195,0.7920803,0.0,0.0,1.0,23.450455,2.6755528,0.0,0.06922777,0.60721815,0.0
1520,2.4425561,1.3475788,1.1292855,0.9562049,0.0,0.0,1.0,31.368116,2.4425561,0.0,0.08476124,0.74346703,0.0
1521,0.5439278,0.95985335,1.2007523,0.7538215,0.0,0.0,1.0,49.93312,0.5439278,0.66478235,0.10598999,0.929671,0.0
1522,1.2517359,1.0960034,1.001189,0.7382429,0.0,0.0,1.0,48.409084,1.2106326,0.5947374,0.12506752,1.0970058,1.0
1523,1.4869173,1.1469353,1.2122505,0.8178681,0.0,0.0,1.0,45.16964,1.460038,0.44585204,0.1200049,1.0526,1.0
1524,2.0883315,1.274479,1.2765698,0.7204442,0.0,0.0,1.0,48.409084,2.0845985,0.5947374,0.1145914,1.0051166,1.0
1525,2.8667965,1.4342144,1.4105173,0.64521986,0.0,0.0,1.0,48.85126,2.8667965,0.6150599,0.10386321,0.9110163,0.0
1526,1.922463,1.2413688,1.2896893,0.8459844,0.0,0.0,1.0,48.85126,1.922463,0.6150599,0.111798845,0.98062223,0.0
1527,2.200447,1.2981368,1.1647363,0.72901446,0.0,0.0,1.0,45.16964,2.200447,0.44585204,0.10348135,0.9076669,0.0
1528,1.2883767,1.1118798,1.1955694,0.7774785,0.0,0.0,1.0,45.16964,1.2883767,0.44585204,0.08877176,0.77864456,0.0
1529,1.6019641,1.1759186,1.2664123,0.8328995,0.0,0.0,1.0,45.553654,1.6019641,0.4635014,0.0650687,0.57073766,0.0
1530,1.6008165,1.1756842,1.302868,0.73524195,0.0,0.0,1.0,43.30683,1.6008165,0.3602371,0.06701464,0.5878061,0.0
1531,1.5482026,1.1649398,1.2410613,0.7798971,0.0,0.0,1.0,43.30683,1.5482026,0.3602371,0.07210809,0.63248235,0.0
1532,1.5555847,1.1664473,1.137515,0.79597646,0.0,0.0,1.0,42.95936,1.5555847,0.3442672,0.09497271,0.83303493,0.0
1533,1.0192764,1.0539045,1.2313497,0.8009642,0.0,0.0,1.0,40.047,1.0044812,0.21041481,0.118805915,1.0420834,1.0
1534,1.8549945,1.2275908,1.1402612,0.8020372,0.0,0.0,1.0,37.56775,1.8549945,0.096468024,0.06847592,0.6006234,0.0
1535,3.016769,1.4648408,1.2773147,1.0062618,0.0,0.0,1.0,31.182669,3.016769,0.0,0.08220374,0.7210344,0.0
1536,1.5120511,1.1575571,1.1229168,0.79189485,0.0,0.0,1.0,24.724926,1.5120511,0.0,0.09531528,0.8360397,0.0
1537,0.59269065,0.9698114,0.95843923,0.6136888,0.0,0.0,1.0,24.724926,0.59269065,0.0,0.07434247,0.6520808,0.0
1538,1.6173517,1.1790609,1.1458647,0.84750825,0.0,0.0,1.0,24.720547,1.6173517,0.0,0.09060095,0.79468894,0.0
1539,1.2226385,1.0984552,1.2324659,0.7143548,0.0,0.0,1.0,13.808856,1.2226385,0.0,0.09857269,0.8646115,0.0
1540,1.0670304,1.0666779,1.1813847,0.83822215,0.0,0.0,1.0,13.808856,1.0670304,0.0,0.09924437,0.87050307,0.0
1541,0.3116429,0.91241765,1.1051302,0.8369726,0.0,0.0,1.0,13.813234,0.3116429,0.0,0.10317685,0.904996,0.0
1542,2.012107,1.2596753,1.1665328,0.7420049,0.0,0.0,1.0,13.813234,2.012107,0.0,0.08278622,0.7261435,0.0
1543,1.3642442,1.127373,0.9798766,0.79341364,0.0,0.0,1.0,13.2842,1.3642442,0.0,0.076024316,0.66683275,0.0
1544,1.8209345,1.2206353,1.0573004,0.75539297,0.0,0.0,1.0,13.197584,1.8209345,0.0,0.082514666,0.7237616,0.0
1545,1.5667825,1.1579407,1.038284,0.7684089,0.0,0.0,1.0,13.197584,1.5139296,0.0,0.1253799,1.0997459,1.0
1546,1.5078633,1.1567019,1.0676974,0.7832996,0.0,0.0,1.0,12.838582,1.5078633,0.0,0.10092104,0.8852096,0.0
1547,1.7069645,1.1927843,0.9988698,0.92010754,0.0,0.0,1.0,12.5699835,1.6845528,0.0,0.11834177,1.0380121,1.0
1548,2.4699676,1.3322891,1.2816697,1.0691758,0.0,0.0,1.0,12.833909,2.367685,0.0,0.12807974,1.123427,1.0
1549,1.804622,1.2066315,1.0632044,0.9123046,0.0,0.0,1.0,23.022346,1.7523605,0.0,0.1237227,1.0852101,1.0
1550,1.9937334,1.2559232,1.015757,0.75603086,0.0,0.0,1.0,23.022346,1.9937334,0.0,0.10143704,0.88973564,0.0
1551,2.3422263,1.3173304,1.1871063,1.0186195,0.0,0.0,1.0,22.595861,2.2944345,0.0,0.120792985,1.0595126,1.0
1552,2.0263183,1.2625774,1.0863742,0.8191155,0.0,0.0,1.0,20.045849,2.0263183,0.0,0.08235709,0.7223795,0.0
1553,2.4266732,1.3205763,1.1983801,1.0510417,0.0,0.0,1.0,20.045849,2.3103294,0.0,0.13041157,1.1438801,1.0
1554,2.1551425,1.2388456,1.40652,1.0596901,0.0,0.0,1.0,19.317339,1.9101074,0.0,0.15579478,1.3665242,1.0
1555,1.3548371,1.1254519,1.1154889,0.93439233,0.0,0.0,1.0,19.317339,1.3548371,0.0,0.09179202,0.80513614,0.0
1556,1.287566,1.1117142,1.0266874,0.8333359,0.0,0.0,1.0,20.025982,1.287566,0.0,0.10003598,0.8774465,0.0
1557,1.4026428,1.133497,1.1356187,0.80321145,0.0,0.0,1.0,21.608706,1.3942325,0.0,0.115973,1.017235,1.0
1558,1.6572535,1.1506107,1.4500235,1.0596901,0.0,0.0,1.0,22.622145,1.4780354,0.0,0.1535051,1.3464407,1.0
1559,1.6099358,1.1775465,1.0452055,0.7558359,0.0,0.0,1.0,21.608706,1.6099358,0.0,0.088487506,0.77615124,0.0
1560,1.2349147,1.1009622,0.95977557,0.81859994,0.0,0.0,1.0,21.608706,1.2349147,0.0,0.10079415,0.8840966,0.0
1561,1.5154747,1.1582563,1.0724862,0.86436236,0.0,0.0,1.0,20.766474,1.5154747,0.0,0.08712115,0.76416653,0.0
1562,1.7259879,1.2012459,1.3111869,0.7251242,0.0,0.0,1.0,21.608706,1.7259879,0.0,0.107478544,0.9427275,0.0
1563,2.116927,1.2703832,1.3245739,0.80070764,0.0,0.0,1.0,21.095915,2.064542,0.0,0.122273184,1.0724959,1.0
1564,1.8608522,1.2253481,1.4673434,0.8360795,0.0,0.0,1.0,20.29187,1.8440125,0.0,0.11698274,1.0260918,1.0
1565,2.2872837,1.31587,1.5973045,0.8110055,0.0,0.0,1.0,19.788996,2.2872837,0.0,0.05918657,0.5191437,0.0
1566,1.0838798,1.0586627,1.0606446,1.0440456,0.0,0.0,1.0,19.790842,1.0277809,0.0,0.13178767,1.1559504,1.0
1567,2.3546798,1.3296332,1.2492907,1.0875106,0.0,0.0,1.0,11.032493,2.3546798,0.0,0.10643767,0.9335977,0.0
1568,1.1224842,1.0780023,1.1123704,0.96846074,0.0,0.0,1.0,11.032493,1.1224842,0.0,0.10850744,0.9517523,0.0
1569,0.7123343,0.9942442,1.3897539,0.96444833,0.0,0.0,1.0,11.032493,0.7123343,0.0,0.10204859,0.8950997,0.0
1570,2.0065315,1.2585367,1.3501711,0.9655194,0.0,0.0,1.0,11.283147,2.0065315,0.0,0.09831304,0.8623341,0.0
1571,2.107078,1.2790697,1.4374475,0.96817863,0.0,0.0,1.0,11.283147,2.107078,0.0,0.0863672,0.7575534,0.0
1572,1.9926497,1.2553508,1.2509531,0.8132626,0.0,0.0,1.0,11.826546,1.9909309,0.0,0.11428927,1.0024664,1.0
1573,1.8373817,1.223994,1.1007084,0.78111714,0.0,0.0,1.0,11.576363,1.8373817,0.0,0.10638979,0.9331777,0.0
1574,0.52428067,0.9471229,0.9003346,0.80348736,0.0,0.0,1.0,12.045868,0.48158872,0.0,0.14288409,1.2532805,1.0
1575,1.3476465,1.1239835,1.0337217,0.86777645,0.0,0.0,1.0,12.045868,1.3476465,0.0,0.1106038,0.9701401,0.0
1576,1.7811612,1.1983839,1.0875869,0.8157288,0.0,0.0,1.0,12.610815,1.7119732,0.0,0.1271725,1.1154693,1.0
1577,1.5811832,1.1716748,1.1979549,0.82770956,0.0,0.0,1.0,12.833909,1.5811832,0.0,0.09991698,0.8764027,0.0
1578,0.8190721,1.0160415,1.0220522,0.7011522,0.0,0.0,1.0,12.833909,0.8190721,0.0,0.091864504,0.80577195,0.0
1579,1.4701105,1.1461159,1.1899401,0.8564561,0.0,0.0,1.0,12.833909,1.4560252,0.0,0.11715918,1.0276394,1.0
1580,1.0723734,1.067769,1.0478932,0.8882932,0.0,0.0,1.0,12.70169,1.0723734,0.0,0.101321295,0.8887204,0.0
1581,1.5643958,1.1682466,1.0623226,0.8122043,0.0,0.0,1.0,22.772722,1.5643958,0.0,0.1000721,0.87776333,0.0
1582,1.6360584,1.1828811,1.0604001,0.65421563,0.0,0.0,1.0,22.772722,1.6360584,0.0,0.10431232,0.9149556,0.0
1583,1.4736673,1.1497186,1.0112011,0.8405569,0.0,0.0,1.0,28.118513,1.4736673,0.0,0.106297374,0.9323671,0.0
1584,1.2625622,1.1062727,1.0081359,0.8128486,0.0,0.0,1.0,28.118513,1.2609196,0.0,0.11443242,1.0037221,1.0
1585,1.0005987,1.0531117,1.0454892,0.76138055,0.0,0.0,1.0,28.118513,1.0005987,0.0,0.08666591,0.7601735,0.0
1586,1.1624684,1.081563,1.1394397,0.9410629,0.0,0.0,1.0,23.022346,1.1399201,0.0,0.12045135,1.056516,1.0
1587,1.47369,1.1497233,0.9984878,0.72832555,0.0,0.0,1.0,23.270967,1.47369,0.0,0.094658904,0.8302825,0.0
1588,1.6282777,1.1812922,1.0956931,0.6222491,0.0,0.0,1.0,23.519653,1.6282777,0.0,0.11245812,0.9864049,0.0
1589,1.8807747,1.2189432,1.0563456,0.8480127,0.0,0.0,1.0,23.519653,1.8126489,0.0,0.12625046,1.1073818,1.0
1590,1.9619915,1.249441,1.1250262,0.7709802,0.0,0.0,1.0,23.527237,1.9619915,0.0,0.07816945,0.6856484,0.0
1591,2.013348,1.2599287,1.1490223,0.78486145,0.0,0.0,1.0,29.302954,2.013348,0.0,0.076734185,0.6730592,0.0
1592,1.8036375,1.217103,1.0926243,0.9176513,0.0,0.0,1.0,23.527237,1.8036375,0.0,0.07856021,0.6890759,0.0
1593,1.491342,1.1533281,1.0051507,0.7933594,0.0,0.0,1.0,23.527237,1.491342,0.0,0.09400307,0.82452995,0.0
1594,1.7081823,1.1976098,1.0751634,0.7358994,0.0,0.0,1.0,25.548056,1.7081823,0.0,0.09439283,0.8279487,0.0
1595,2.001899,1.2575907,1.1324772,0.8024678,0.0,0.0,1.0,30.824953,2.001899,0.0,0.10119544,0.88761646,0.0
1596,2.0077043,1.2587762,1.1510388,0.59884065,0.0,0.0,1.0,35.54003,2.0077043,0.003273826,0.090985015,0.7980577,0.0
1597,1.5122904,1.157606,1.1348264,0.5255051,0.0,0.0,1.0,35.54003,1.5122904,0.003273826,0.07355534,0.64517665,0.0
1598,1.7227557,1.2005858,1.0890454,0.64521986,0.0,0.0,1.0,35.54003,1.7227557,0.003273826,0.08960119,0.7859197,0.0
1599,1.6079376,1.1771384,1.0827886,0.7368801,0.0,0.0,1.0,35.021088,1.6079376,0.0,0.106943555,0.93803495,0.0
1600,1.0968692,1.0727714,0.8940914,0.839037,0.0,0.0,1.0,35.54003,1.0968692,0.003273826,0.08916881,0.7821272,0.0
1601,0.9990511,1.0527956,0.9155251,0.7809273,0.0,0.0,1.0,38.57987,0.9990511,0.14298518,0.09833943,0.8625655,0.0
1602,0.7299798,0.9978477,0.92265606,0.82149357,0.0,0.0,1.0,21.556684,0.7299798,0.0,0.080260694,0.70399135,0.0
1603,1.1365,1.0808645,0.8809718,0.8121349,0.0,0.0,1.0,24.214993,1.1365,0.0,0.103517264,0.90798193,0.0
1604,1.1541175,1.0844623,1.0464503,0.65072143,0.0,0.0,1.0,24.357132,1.1541175,0.0,0.10144589,0.88981324,0.0
1605,1.4063505,1.1359717,0.94548243,0.9933321,0.0,0.0,1.0,21.571196,1.4063505,0.0,0.088820584,0.77907276,0.0
1606,0.28795877,0.90758103,0.84681916,0.93168426,0.0,0.0,1.0,24.357132,0.28795877,0.0,0.11191926,0.9816784,0.0
1607,1.6712352,1.1900647,1.0279459,0.93655115,0.0,0.0,1.0,26.464293,1.6712352,0.0,0.09755698,0.8557024,0.0
1608,0.39349055,0.92913204,0.91931635,0.79716516,0.0,0.0,1.0,26.464293,0.39349055,0.0,0.10226659,0.8970118,0.0
1609,1.2301093,1.0999808,0.9156117,0.96487594,0.0,0.0,1.0,26.469952,1.2301093,0.0,0.09564179,0.8389037,0.0
1610,0.42823702,0.93622774,0.9048557,0.9184985,0.0,0.0,1.0,24.36234,0.42823702,0.0,0.10689425,0.93760246,0.0
1611,0.83874094,1.0200582,0.9314921,0.92097247,0.0,0.0,1.0,26.469952,0.83874094,0.0,0.094634,0.830064,0.0
1612,1.4315107,1.1411097,0.9990899,0.6567961,0.0,0.0,1.0,50.095978,1.4315107,0.67226726,0.09829525,0.862178,0.0
1613,0.32471165,0.89391184,0.8556519,0.7458706,0.0,0.0,1.0,44.300137,0.22102295,0.40588954,0.10237054,0.8979236,0.0
1614,1.1763787,1.0890083,0.9431984,0.755025,0.0,0.0,1.0,44.300137,1.1763787,0.40588954,0.08594609,0.7538597,0.0
1615,0.7688873,1.0057931,1.0321374,0.76591986,0.0,0.0,1.0,45.63909,0.7688873,0.46742812,0.11022677,0.96683306,0.0
1616,0.3739425,0.8704215,1.0144908,0.68257034,0.0,0.0,1.0,45.63909,0.10599472,0.46742812,0.09861285,0.86496377,0.0
1617,1.6440488,1.1845129,1.0624083,0.8871405,0.0,0.0,1.0,42.8588,1.6440488,0.33964548,0.09617154,0.8435503,0.0
1618,1.658751,1.1833338,1.0374353,0.86324877,0.0,0.0,1.0,46.500298,1.638275,0.50700927,0.11807931,1.0357101,1.0
1619,1.5433937,1.1639577,1.1292554,0.82994384,0.0,0.0,1.0,46.520763,1.5433937,0.5079499,0.11320112,0.992922,0.0
1620,1.423417,1.1394569,1.1971312,0.6423384,0.0,0.0,1.0,46.500298,1.423417,0.50700927,0.084768414,0.74353,0.0
1621,1.7917763,1.2146808,1.1608019,0.8019498,0.0,0.0,1.0,46.500298,1.7917763,0.50700927,0.096178174,0.8436085,0.0
1622,2.117355,1.2811683,1.1557877,0.76605904,0.0,0.0,1.0,42.877666,2.117355,0.34051263,0.100506775,0.881576,0.0
1623,0.9599034,1.0394304,1.0682772,0.9674585,0.0,0.0,1.0,42.8588,0.9336036,0.33964548,0.12318415,1.0804863,1.0
1624,1.3265276,1.1196707,1.0547822,0.8761328,0.0,0.0,1.0,46.500298,1.3265276,0.50700927,0.076866604,0.67422074,0.0
1625,1.5748478,1.1703811,1.1250589,0.84916955,0.0,0.0,1.0,46.49474,1.5748478,0.50675386,0.086970754,0.76284736,0.0
1626,2.0068204,1.2585957,1.0904759,0.9551067,0.0,0.0,1.0,46.49937,2.0068204,0.50696665,0.10048495,0.88138455,0.0
1627,1.739354,1.2039754,1.1469793,0.801043,0.0,0.0,1.0,50.109566,1.739354,0.6728918,0.109589174,0.96124053,0.0
1628,1.2560059,1.1005169,0.9859818,0.8076089,0.0,0.0,1.0,49.736683,1.2327344,0.655754,0.12015727,1.0539366,1.0
1629,1.6299735,1.1816385,1.1333865,0.7016296,0.0,0.0,1.0,49.736683,1.6299735,0.655754,0.08944691,0.78456646,0.0
1630,1.7932578,1.2149833,0.928412,0.8821799,0.0,0.0,1.0,48.938732,1.7932578,0.61908007,0.10489492,0.92006576,0.0
1631,2.0525033,1.2013716,1.112306,0.9961126,0.0,0.0,1.0,49.736683,1.7266032,0.655754,0.17549174,1.5392922,1.0
1632,1.4974077,1.1545668,1.1324856,0.823523,0.0,0.0,1.0,46.484596,1.4974077,0.50628763,0.106301054,0.9323994,0.0
1633,1.8833467,1.2333807,1.1040267,0.92295545,0.0,0.0,1.0,46.484596,1.8833467,0.50628763,0.10890973,0.9552809,0.0
1634,1.2675806,1.107633,0.8787697,0.89229566,0.0,0.0,1.0,42.28703,1.2675806,0.31336686,0.09536441,0.83647066,0.0
1635,1.3509021,1.1246483,0.9618051,0.96652436,0.0,0.0,1.0,42.84433,1.3509021,0.33898047,0.09825158,0.86179495,0.0
1636,1.3942599,1.1335026,1.1394287,0.84873646,0.0,0.0,1.0,42.84433,1.3942599,0.33898047,0.09791675,0.8588581,0.0
1637,1.1234608,1.0782018,0.9665007,0.8138766,0.0,0.0,1.0,42.853676,1.1234608,0.33941,0.070849076,0.62143916,0.0
1638,1.7809057,1.2124609,1.0580974,0.9654329,0.0,0.0,1.0,46.49937,1.7809057,0.50696665,0.09704979,0.8512537,0.0
1639,1.2477286,1.1035789,1.059804,0.7922214,0.0,0.0,1.0,46.49937,1.2477286,0.50696665,0.0797611,0.6996093,0.0
1640,1.5985392,1.1752192,1.2086331,0.80341756,0.0,0.0,1.0,46.504925,1.5985392,0.50722194,0.0919525,0.8065438,0.0
1641,0.670955,0.985794,0.9138374,0.8115601,0.0,0.0,1.0,46.51983,0.670955,0.5079069,0.06658258,0.5840164,0.0
1642,1.4074042,1.1361868,1.2314249,0.8066898,0.0,0.0,1.0,43.87645,1.4074042,0.38641685,0.07108004,0.62346494,0.0
1643,1.517446,1.1586589,1.255969,0.7362223,0.0,0.0,1.0,42.173412,1.517446,0.308145,0.0689795,0.60504055,0.0
1644,1.3258154,1.1195253,1.2963164,0.96402407,0.0,0.0,1.0,42.186928,1.3258154,0.30876616,0.084844805,0.7442,0.0
1645,3.1588387,1.4685832,1.5247667,0.86682683,0.0,0.0,1.0,42.186928,3.0350952,0.30876616,0.12728868,1.1164883,1.0
1646,1.9721488,1.2515153,1.5527265,0.7317494,0.0,0.0,1.0,36.757652,1.9721488,0.05923586,0.063911796,0.5605901,0.0
1647,2.004056,1.2580311,1.302783,0.90137714,0.0,0.0,1.0,36.757652,2.004056,0.05923586,0.08811914,0.7729202,0.0
1648,1.3953837,1.1337321,1.1135216,0.73937494,0.0,0.0,1.0,36.757652,1.3953837,0.05923586,0.08367731,0.7339595,0.0
1649,2.1028268,1.2782015,1.2475494,0.87488645,0.0,0.0,1.0,36.757652,2.1028268,0.05923586,0.093438074,0.81957424,0.0
1650,2.179101,1.2937777,1.2626865,0.9701769,0.0,0.0,1.0,37.2202,2.179101,0.080494605,0.10198535,0.894545,0.0
1651,2.808258,1.4008871,1.495327,0.81308997,0.0,0.0,1.0,33.00777,2.7035985,0.0,0.12661774,1.1106033,1.0
1652,1.770546,1.2103453,1.9122381,0.8452364,0.0,0.0,1.0,32.997196,1.770546,0.0,0.08241824,0.7229158,0.0
1653,2.0041072,1.2580416,1.3978429,0.8985055,0.0,0.0,1.0,33.445797,2.0041072,0.0,0.10713564,0.9397198,0.0
1654,1.3303138,1.1204439,1.3964155,0.8170706,0.0,0.0,1.0,32.31583,1.3303138,0.0,0.0922715,0.80934185,0.0
1655,2.873207,1.4355235,1.5489112,0.76806307,0.0,0.0,1.0,26.889795,2.873207,0.0,0.09747014,0.8549407,0.0
1656,0.49651754,0.9467928,1.0754924,0.8102828,0.0,0.0,1.0,26.889795,0.47997233,0.0,0.12523662,1.098489,1.0
1657,1.3948466,1.1336224,1.3171872,0.7771502,0.0,0.0,1.0,25.075197,1.3948466,0.0,0.067530096,0.59232736,0.0
1658,1.4721186,1.1494024,1.1908225,0.8850166,0.0,0.0,1.0,23.39003,1.4721186,0.0,0.07800552,0.68421054,0.0
1659,0.66556436,0.98469317,1.1317265,0.9255328,0.0,0.0,1.0,20.91028,0.66556436,0.0,0.10606295,0.9303109,0.0
1660,1.6040065,1.1750866,1.1016692,0.77791363,0.0,0.0,1.0,10.684798,1.5978901,0.0,0.11525493,1.0109366,1.0
1661,0.66310126,0.98419017,0.9452111,0.8595609,0.0,0.0,1.0,0.78500485,0.66310126,0.0,0.107168406,0.9400072,0.0
1662,1.5597744,1.1573913,1.0013422,0.7812563,0.0,0.0,1.0,0.8229494,1.511239,0.0,0.12446956,1.091761,1.0
1663,0.57456845,0.9661106,0.9056202,0.7694635,0.0,0.0,1.0,0.8229494,0.57456845,0.0,0.082758226,0.72589797,0.0
1664,1.1511754,1.0838615,1.0596508,0.80207354,0.0,0.0,1.0,0.82848257,1.1511754,0.0,0.10885496,0.9548005,0.0
1665,0.8601301,1.0244261,1.0936725,0.82139945,0.0,0.0,1.0,0.82848257,0.8601301,0.0,0.08334433,0.73103887,0.0
1666,1.1435311,1.0716344,0.8921254,0.7549344,0.0,0.0,1.0,1.0022355,1.0913014,0.0,0.12959783,1.1367426,1.0
1667,0.7444646,0.999134,0.90412563,0.77359855,0.0,0.0,1.0,14.019287,0.7362788,0.0,0.11762958,1.0317653,1.0
1668,0.50235385,0.95027363,0.9764949,0.8214304,0.0,0.0,1.0,18.038774,0.49701747,0.0,0.11750544,1.0306765,1.0
1669,1.2473174,1.0908648,1.0199665,0.78927153,0.0,0.0,1.0,18.038774,1.1854695,0.0,0.13100235,1.1490622,1.0
1670,1.5433033,1.1639392,1.0464247,0.8476533,0.0,0.0,1.0,18.038774,1.5433033,0.0,0.08239844,0.72274214,0.0
1671,1.9803534,1.2531908,1.2357336,0.8010605,0.0,0.0,1.0,14.082196,1.9803534,0.0,0.103927016,0.911576,0.0
1672,1.0312157,1.0593641,1.0657444,0.752431,0.0,0.0,1.0,25.321617,1.0312157,0.0,0.09790487,0.85875386,0.0
1673,2.02649,1.2626125,1.2209711,0.80590665,0.0,0.0,1.0,25.321617,2.02649,0.0,0.09393523,0.8239349,0.0
1674,1.3752666,1.1296239,1.1083391,0.8204144,0.0,0.0,1.0,30.804502,1.3752666,0.0,0.070950195,0.6223261,0.0
1675,1.5059006,1.1563011,1.0842898,0.7809879,0.0,0.0,1.0,30.804502,1.5059006,0.0,0.07659709,0.6718567,0.0
1676,1.5420108,1.1636753,1.2659087,0.7984178,0.0,0.0,1.0,30.840822,1.5420108,0.0,0.10710921,0.939488,0.0
1677,1.5895828,1.1733902,1.0877962,0.7682204,0.0,0.0,1.0,30.840822,1.5895828,0.0,0.10631799,0.9325479,0.0
1678,2.4035873,1.3396208,1.1749195,0.9119136,0.0,0.0,1.0,31.764484,2.4035873,0.0,0.06457996,0.56645083,0.0
1679,1.540813,1.1634307,1.306799,0.8384491,0.0,0.0,1.0,33.445797,1.540813,0.0,0.08648906,0.7586223,0.0
1680,1.596607,1.1748246,1.114156,0.7933071,0.0,0.0,1.0,33.007114,1.596607,0.0,0.10394425,0.91172713,0.0
1681,2.2864513,1.2892563,1.211645,0.8048751,0.0,0.0,1.0,33.02635,2.1569607,0.0,0.13356332,1.1715252,1.0
1682,1.5242082,1.1600398,1.1437789,0.7882033,0.0,0.0,1.0,32.960682,1.5242082,0.0,0.09029699,0.7920228,0.0
1683,1.6592339,1.1504592,1.2517263,0.8111098,0.0,0.0,1.0,33.007114,1.4772935,0.0,0.15412524,1.3518801,1.0
1684,2.3287053,1.2966526,1.1800176,0.79617506,0.0,0.0,1.0,35.374603,2.1931787,0.0,0.1341369,1.1765562,1.0
1685,1.3049238,1.0997556,1.174322,0.69891036,0.0,0.0,1.0,35.345093,1.2290065,0.0,0.13412927,1.1764892,1.0
1686,1.894849,1.2193427,1.1269256,0.7209574,0.0,0.0,1.0,39.008636,1.814605,0.16269143,0.12841257,1.1263463,1.0
1687,1.0050398,1.0540183,1.1054071,0.86383057,0.0,0.0,1.0,45.50019,1.005038,0.46104422,0.11400864,1.000005,1.0
1688,1.7939724,1.2151293,1.1741062,0.778681,0.0,0.0,1.0,39.008636,1.7939724,0.16269143,0.11300673,0.99121696,0.0
1689,2.29476,1.3131135,1.176299,0.82876456,0.0,0.0,1.0,39.008636,2.273785,0.16269143,0.117012896,1.0263562,1.0
1690,1.5160574,1.1583753,1.0465688,0.78725713,0.0,0.0,1.0,35.345093,1.5160574,0.0,0.09932869,0.87124264,0.0
1691,1.4606905,1.1470686,1.0823672,0.8099083,0.0,0.0,1.0,34.41062,1.4606905,0.0,0.104284436,0.914711,0.0
1692,1.8742974,1.2315327,1.0554901,0.8099083,0.0,0.0,1.0,36.231506,1.8742974,0.035054114,0.10174075,0.89239955,0.0
1693,0.5781445,0.96684086,0.98499876,0.8410944,0.0,0.0,1.0,20.295988,0.5781445,0.0,0.09261152,0.8123243,0.0
1694,0.5831716,0.96602845,1.026414,0.8164542,0.0,0.0,1.0,20.947748,0.5741663,0.0,0.11911698,1.0448118,1.0
1695,0.9157537,1.0357852,1.05721,0.7967388,0.0,0.0,1.0,20.340553,0.9157537,0.0,0.090391,0.7928474,0.0
1696,1.0511694,1.0634389,0.9654749,0.8102674,0.0,0.0,1.0,20.345043,1.0511694,0.0,0.095296666,0.8358765,0.0
1697,0.55674064,0.9536552,0.99678755,0.6970709,0.0,0.0,1.0,20.345043,0.5135764,0.0,0.14138511,1.2401325,1.0
1698,1.123663,1.0602255,0.87877434,0.7590748,0.0,0.0,1.0,24.046175,1.0354338,0.0,0.1417641,1.2434567,1.0
1699,0.780535,1.0073516,0.859822,0.7593299,0.0,0.0,1.0,20.355553,0.7765192,0.0,0.11569263,1.0147758,1.0
1700,0.7650392,1.0050073,0.8800999,0.88621503,0.0,0.0,1.0,20.375187,0.7650392,0.0,0.1054044,0.92453456,0.0
1701,0.51120317,0.94132996,0.76432306,0.8046822,0.0,0.0,1.0,18.58451,0.45322174,0.0,0.15568021,1.3655192,1.0
1702,0.8747079,1.0128423,0.8125921,0.8232407,0.0,0.0,1.0,16.961851,0.80340606,0.0,0.14291707,1.2535697,1.0
1703,0.4494884,0.94056755,0.88571954,0.7975299,0.0,0.0,1.0,16.662598,0.4494884,0.0,0.10403138,0.9124913,0.0
1704,1.2078638,1.095438,0.96552026,0.8568511,0.0,0.0,1.0,16.961851,1.2078638,0.0,0.10412954,0.9133524,0.0
1705,1.2303276,1.1000254,0.86786187,0.8698866,0.0,0.0,1.0,16.662598,1.2303276,0.0,0.105813004,0.9281185,0.0
1706,1.2343304,1.1008428,0.92969865,0.88876307,0.0,0.0,1.0,34.111763,1.2343304,0.0,0.10474112,0.9187167,0.0
1707,1.6095148,1.1774606,0.9088803,0.9103815,0.0,0.0,1.0,34.111763,1.6095148,0.0,0.088241465,0.77399313,0.0
1708,1.4517107,1.1452348,1.1094513,0.93863654,0.0,0.0,1.0,34.111763,1.4517107,0.0,0.10030816,0.8798338,0.0
1709,1.5285997,1.1609366,0.9154457,1.0087318,0.0,0.0,1.0,37.54905,1.5285997,0.09560859,0.10498063,0.92081755,0.0
1710,1.8065447,1.1954415,1.1556664,0.76236826,0.0,0.0,1.0,42.563457,1.6975646,0.32607153,0.13491972,1.1834226,1.0
1711,1.4784071,1.1269518,0.96232533,0.8067195,0.0,0.0,1.0,37.54905,1.3621818,0.09560859,0.14180093,1.2437798,1.0
1712,2.2568781,1.2513949,1.2958107,0.7925186,0.0,0.0,1.0,33.414658,1.9715592,0.0,0.16114797,1.4134786,1.0
1713,1.3455569,1.0936949,1.0982733,0.87983096,0.0,0.0,1.0,33.414658,1.1993282,0.0,0.15372375,1.3483585,1.0
1714,1.0211957,1.043953,0.9229682,0.78299224,0.0,0.0,1.0,34.111763,0.9557498,0.0,0.13631324,1.1956456,1.0
1715,1.1003513,1.0606002,1.093902,0.8412955,0.0,0.0,1.0,33.414658,1.0372685,0.0,0.1338182,1.1737608,1.0
1716,2.0092254,1.219357,1.0391065,0.741802,0.0,0.0,1.0,33.414658,1.814675,0.0,0.14893022,1.306313,1.0
1717,0.41448042,0.93341845,0.97598886,0.88403517,0.0,0.0,1.0,35.286594,0.41448042,0.0,0.10686067,0.93730795,0.0
1718,1.2664604,1.1074042,0.95559585,0.7974618,0.0,0.0,1.0,35.286594,1.2664604,0.0,0.10489839,0.9200962,0.0
1719,1.9256564,1.2208831,1.2258651,0.80723023,0.0,0.0,1.0,35.286594,1.8221482,0.0,0.13251178,1.1623018,1.0
1720,0.82003057,1.0071201,0.8676339,0.7616174,0.0,0.0,1.0,37.576088,0.77538556,0.09685128,0.13276331,1.164508,1.0
1721,1.4119716,1.1065302,1.2227356,0.8271874,0.0,0.0,1.0,40.69659,1.2621804,0.24027005,0.15266539,1.3390753,1.0
1722,1.3906069,1.1263365,0.93314904,0.79302365,0.0,0.0,1.0,40.69659,1.3591685,0.24027005,0.12154256,1.0660874,1.0
1723,0.38213092,0.91509527,0.9095855,0.9055025,0.0,0.0,1.0,40.69659,0.32475477,0.24027005,0.17155783,1.5047867,1.0
1724,0.336596,0.910831,1.0744191,0.7501736,0.0,0.0,1.0,22.829252,0.3038732,0.0,0.14908531,1.3076733,1.0
1725,0.095512114,0.8677237,0.8104252,0.7744156,0.0,0.0,1.0,23.939362,0.092783906,0.0,0.12358602,1.0840112,1.0
1726,0.0,0.83860785,0.8263969,0.849275,0.0,0.0,1.0,22.858559,0.0,0.0,0.13037886,1.1435932,1.0
1727,0.91014934,1.0331167,0.8244299,0.79777014,0.0,0.0,1.0,23.939362,0.9026865,0.0,0.11670108,1.0236212,1.0
1728,1.208238,1.0858675,0.84854233,0.7945835,0.0,0.0,1.0,23.917194,1.1609987,0.0,0.12726183,1.1162529,1.0
1729,1.4523493,1.1354272,0.9628922,0.8932434,0.0,0.0,1.0,22.858559,1.4036846,0.0,0.12530115,1.0990552,1.0
1730,0.42116958,0.9332748,0.8021365,0.8189036,0.0,0.0,1.0,22.666534,0.413777,0.0,0.11982774,1.0510461,1.0
1731,0.9801385,1.0330144,0.85789806,0.82303977,0.0,0.0,1.0,22.666534,0.9021856,0.0,0.14215323,1.2468699,1.0
1732,0.25653148,0.90116316,0.80454457,0.76553386,0.0,0.0,1.0,21.558777,0.25653148,0.0,0.10038715,0.8805267,0.0
1733,0.8285485,1.0135381,0.7881797,0.85845566,0.0,0.0,1.0,21.691875,0.8068134,0.0,0.122783236,1.0769697,1.0
1734,0.94876176,1.0425259,0.9108104,0.8047099,0.0,0.0,1.0,38.671577,0.94876176,0.14720015,0.10595198,0.92933756,0.0
1735,0.95172554,1.0290564,1.0588788,0.82851934,0.0,0.0,1.0,38.671577,0.88280404,0.14720015,0.13943873,1.2230603,1.0
1736,1.1374795,1.0810646,1.0924976,0.73680556,0.0,0.0,1.0,38.671577,1.1374795,0.14720015,0.08434676,0.73983145,0.0
1737,1.5358493,1.162417,1.0765297,0.67041653,0.0,0.0,1.0,39.490246,1.5358493,0.18482627,0.09299943,0.8157267,0.0
1738,1.6479414,1.1821276,1.1266824,0.66920686,0.0,0.0,1.0,40.738808,1.6323686,0.24221036,0.1171156,1.0272571,1.0
1739,1.0832711,1.0667717,0.97711813,0.8507845,0.0,0.0,1.0,40.69318,1.0674897,0.2401133,0.118823655,1.042239,1.0
1740,1.1618826,1.0780203,1.016737,0.87591845,0.0,0.0,1.0,38.80193,1.1225723,0.15319115,0.12541474,1.1000515,1.0
1741,0.40348345,0.9311727,1.0716075,0.7541126,0.0,0.0,1.0,40.51538,0.40348345,0.23194163,0.10265829,0.90044755,0.0
1742,1.6739407,1.1874311,0.932866,0.8453701,0.0,0.0,1.0,40.754295,1.658339,0.24292217,0.1170726,1.0268799,1.0
1743,1.385021,1.1316159,0.9506707,0.8311892,0.0,0.0,1.0,38.892334,1.385021,0.15734614,0.08286373,0.7268234,0.0
1744,1.4575132,1.1464198,0.9726081,0.9766665,0.0,0.0,1.0,38.94346,1.4575132,0.15969583,0.09116248,0.7996143,0.0
1745,1.6659014,1.1889755,1.1216552,0.7968324,0.0,0.0,1.0,34.676487,1.6659014,0.0,0.09278851,0.8138767,0.0
1746,1.2296547,1.0894588,0.9958595,0.78303295,0.0,0.0,1.0,30.742746,1.1785847,0.0,0.12812282,1.1238048,1.0
1747,1.8237815,1.2212167,1.0275631,0.81542736,0.0,0.0,1.0,34.676487,1.8237815,0.0,0.08936558,0.7838531,0.0
1748,1.2356862,1.0858095,1.033294,0.8232274,0.0,0.0,1.0,34.676487,1.1607144,0.0,0.13504778,1.1845458,1.0
1749,2.0487611,1.1964916,1.1064159,0.8376789,0.0,0.0,1.0,35.583797,1.7027068,0.005285319,0.18021019,1.5806793,1.0
1750,1.0129368,1.0543994,1.0059658,0.8030654,0.0,0.0,1.0,30.742746,1.0069042,0.0,0.11595962,1.0171176,1.0
1751,1.9825746,1.2536443,1.1848282,0.7600859,0.0,0.0,1.0,29.522074,1.9825746,0.0,0.10493565,0.92042303,0.0
1752,1.7683698,1.2099009,1.1592824,0.834606,0.0,0.0,1.0,30.29513,1.7683698,0.0,0.0907285,0.7958077,0.0
1753,1.1828035,1.0903203,0.9375445,0.79066634,0.0,0.0,1.0,16.92177,1.1828035,0.0,0.08557021,0.7505627,0.0
1754,0.9963589,1.0504429,0.9060476,0.8550686,0.0,0.0,1.0,17.610249,0.98753023,0.0,0.1169202,1.0255432,1.0
1755,0.18524387,0.8846807,0.95046026,0.7495626,0.0,0.0,1.0,17.59236,0.1758195,0.0,0.13146843,1.1531502,1.0
1756,0.82812315,1.0046523,0.8806776,0.75490654,0.0,0.0,1.0,17.295408,0.7633008,0.0,0.14167091,1.2426393,1.0
1757,0.6650754,0.9798668,0.94669056,0.5817982,0.0,0.0,1.0,17.499342,0.6419304,0.0,0.12575261,1.1030151,1.0
1758,0.99119556,1.0390415,0.83536255,0.76189995,0.0,0.0,1.0,17.499342,0.9316994,0.0,0.13480888,1.1824504,1.0
1759,1.3040404,1.1150786,0.8398492,0.8336094,0.0,0.0,1.0,18.163782,1.3040404,0.0,0.09199479,0.80691475,0.0
1760,1.4857706,1.1441852,0.88650805,0.8224231,0.0,0.0,1.0,18.153307,1.4465708,0.0,0.122835025,1.0774239,1.0
1761,1.0021211,1.0534226,0.8181353,0.81356466,0.0,0.0,1.0,18.153307,1.0021211,0.0,0.0999133,0.87637043,0.0
1762,0.1267144,0.873349,0.8315896,0.7457346,0.0,0.0,1.0,18.153307,0.120330125,0.0,0.13129047,1.1515893,1.0
1763,1.247585,1.0893954,0.84389067,1.0193906,0.0,0.0,1.0,18.153307,1.1782742,0.0,0.13316926,1.1680688,1.0
1764,1.3351303,1.1214275,0.89770883,0.77163583,0.0,0.0,1.0,18.153307,1.3351303,0.0,0.1070058,0.93858093,0.0
1765,1.299181,1.0882642,0.95773494,0.7282698,0.0,0.0,1.0,18.406652,1.172735,0.0,0.14912955,1.3080614,1.0
1766,1.173056,1.0883298,0.9252112,0.8882277,0.0,0.0,1.0,33.97483,1.173056,0.0,0.10434827,0.9152709,0.0
1767,0.76839435,0.9911231,0.894053,0.7581016,0.0,0.0,1.0,33.97483,0.6970506,0.0,0.1473476,1.2924314,1.0
1768,1.6808771,1.1783365,1.0320147,0.91665614,0.0,0.0,1.0,32.53331,1.6138042,0.0,0.12754634,1.1187483,1.0
1769,1.0010364,1.0532011,0.947,0.8004172,0.0,0.0,1.0,32.49245,1.0010364,0.0,0.111233205,0.9756608,0.0
1770,1.855512,1.1967058,1.1154907,0.8432136,0.0,0.0,1.0,33.425037,1.7037559,0.0,0.14302197,1.2544899,1.0
1771,1.2743868,1.101548,1.1325166,0.861344,0.0,0.0,1.0,34.38227,1.2377832,0.0,0.12364073,1.084491,1.0
1772,0.59627444,0.9623716,1.0487108,0.8367046,0.0,0.0,1.0,32.662457,0.5562592,0.0,0.1374404,1.2055322,1.0
1773,1.0418836,1.0554607,1.01575,0.8211053,0.0,0.0,1.0,32.662457,1.0121014,0.0,0.12359326,1.0840747,1.0
1774,1.4186058,1.1384743,1.0747994,0.88982123,0.0,0.0,1.0,32.662457,1.4186058,0.0,0.11007378,0.9654912,0.0
1775,1.5373219,1.1378927,1.0041646,0.9532441,0.0,0.0,1.0,34.38227,1.4157577,0.0,0.14197756,1.245329,1.0
1776,1.7615522,1.1544174,1.055072,0.88308847,0.0,0.0,1.0,34.38227,1.4966763,0.0,0.17165577,1.5056459,1.0
1777,1.2030104,1.0837922,0.98354316,0.7115249,0.0,0.0,1.0,36.8381,1.1508362,0.062933266,0.12877566,1.129531,1.0
1778,1.8031747,1.1795118,0.957869,0.75648534,0.0,0.0,1.0,39.22225,1.6195594,0.17250922,0.15093811,1.3239248,1.0
1779,1.339005,1.1022242,1.0281357,0.754469,0.0,0.0,1.0,40.025322,1.2410948,0.20941845,0.13970555,1.2254006,1.0
1780,2.0862122,1.2258852,0.9828928,0.8499482,0.0,0.0,1.0,44.190025,1.8466423,0.40082884,0.15626687,1.370665,1.0
1781,0.7295933,0.9875906,0.88690513,0.8160097,0.0,0.0,1.0,51.387623,0.67975265,0.73163146,0.1378917,1.2094907,1.0
1782,1.1122857,1.0602374,0.9144273,0.75315946,0.0,0.0,1.0,51.387623,1.0354922,0.73163146,0.1381652,1.2118897,1.0
1783,1.3571751,1.1187903,0.9413618,0.81247365,0.0,0.0,1.0,53.286182,1.322216,0.81888956,0.12262051,1.0755423,1.0
1784,0.32072982,0.7926449,0.8435832,0.7881161,0.0,0.0,1.0,44.19184,0.0,0.40091228,0.16161405,1.4175668,1.0
1785,1.176137,1.0615569,0.97039133,0.77293354,0.0,0.0,1.0,47.88602,1.0419537,0.5706973,0.15595669,1.3679442,1.0
1786,1.1476687,1.0561012,0.83887595,0.8197413,0.0,0.0,1.0,54.40952,1.0152379,0.87051827,0.15649825,1.3726945,1.0
1787,1.004499,1.0414886,0.9235289,0.62988985,0.0,0.0,1.0,26.850977,0.94368255,0.0,0.1350005,1.184131,1.0
1788,0.8479025,1.0031319,0.8158466,0.89015234,0.0,0.0,1.0,32.70141,0.7558557,0.0,0.15367578,1.3479377,1.0
1789,0.0,0.84031916,0.73232603,0.7361789,0.0,0.0,1.0,32.37813,0.0,0.0,0.11772789,1.0326277,1.0
1790,0.89413494,1.0172262,1.0753337,0.8847461,0.0,0.0,1.0,35.16324,0.8248734,0.0,0.14135902,1.2399036,1.0
1791,0.3053322,0.9073,0.83404124,0.8933131,0.0,0.0,1.0,32.70141,0.28658256,0.0,0.1353194,1.1869283,1.0
1792,0.6470251,0.97165734,0.83400583,0.7076666,0.0,0.0,1.0,26.850977,0.60173,0.0,0.13852789,1.2150708,1.0
1793,0.21100242,0.8883469,0.79520667,0.75722986,0.0,0.0,1.0,31.913847,0.19377239,0.0,0.14297229,1.2540542,1.0
1794,0.080338664,0.8630442,0.760001,0.68652743,0.0,0.0,1.0,31.849758,0.06986915,0.0,0.16281801,1.4281272,1.0
1795,0.041367687,0.85660875,0.7506268,0.79988706,0.0,0.0,1.0,27.94583,0.03835578,0.0,0.13958676,1.2243586,1.0
1796,0.64476335,0.95982045,0.88034934,0.7197866,0.0,0.0,1.0,28.794561,0.5437667,0.0,0.174509,1.5306724,1.0
1797,1.0673497,1.0515157,1.0668393,0.83545005,0.0,0.0,1.0,28.794561,0.9927834,0.0,0.13847366,1.2145952,1.0
1798,1.1557766,1.0564584,0.991443,0.8093791,0.0,0.0,1.0,31.849758,1.0169868,0.0,0.15846193,1.3899186,1.0
1799,0.78639615,0.9259309,0.88943183,0.75256515,0.0,0.0,1.0,56.85679,0.37781516,0.98299515,0.12695177,1.1135331,1.0
1800,2.0063229,1.2212204,1.2083482,0.6107179,0.0,0.0,1.0,55.498737,1.8237996,0.9205789,0.1466074,1.2859387,1.0
1801,1.2291511,1.058201,1.019008,0.71768457,0.0,0.0,1.0,62.15991,1.02552,1.2267274,0.17868772,1.5673252,1.0
1802,0.59662974,0.9622546,1.0510496,0.8211774,0.0,0.0,1.0,50.88205,0.55568624,0.70839524,0.13800874,1.2105173,1.0
1803,0.9373723,0.96552837,0.94328195,0.7030403,0.0,0.0,1.0,60.96296,0.57171744,1.1717154,0.13286595,1.1654083,1.0
1804,1.1486381,1.021978,1.0100441,0.712529,0.0,0.0,1.0,66.708855,0.8481422,1.4357976,0.13096888,1.1487685,1.0
1805,1.3451964,1.1037929,1.242894,0.7330543,0.0,0.0,1.0,66.23592,1.2487764,1.4140615,0.13915874,1.2206043,1.0
1806,1.0419139,0.98814714,0.9746803,0.6611454,0.0,0.0,1.0,63.806225,0.6824779,1.3023922,0.12721781,1.1158668,1.0
1807,1.0637069,1.0178154,1.103318,0.7384033,0.0,0.0,1.0,64.39894,0.8277583,1.3296336,0.13917415,1.2207395,1.0
1808,1.0649651,1.0593983,1.0612795,0.7384033,0.0,0.0,1.0,60.017166,1.0313832,1.1282465,0.1246141,1.0930288,1.0
1809,2.4357605,1.324029,1.2580994,0.70385593,0.0,0.0,1.0,60.017166,2.3272367,1.1282465,0.12919787,1.1332344,1.0
1810,1.5462811,1.1542593,1.0860783,0.82432127,0.0,0.0,1.0,56.71926,1.4959022,0.9766744,0.124978244,1.0962228,1.0
1811,2.7326138,1.3669049,1.3111472,0.6816671,0.0,0.0,1.0,57.481236,2.5371928,1.0116948,0.1390972,1.2200645,1.0
1812,1.3120888,1.1077179,1.0016149,0.8031188,0.0,0.0,1.0,54.39028,1.2679963,0.8696341,0.12533507,1.0993526,1.0
1813,1.4383392,1.1277707,1.0306476,0.7614086,0.0,0.0,1.0,54.39028,1.3661915,0.8696341,0.13121004,1.1508838,1.0
1814,2.168983,1.2124808,1.0517818,0.7710399,0.0,0.0,1.0,54.45155,1.7810032,0.87245,0.18496782,1.6224098,1.0
1815,1.1531332,1.0822315,1.0804213,0.7209017,0.0,0.0,1.0,54.45155,1.1431938,0.87245,0.11684013,1.024841,1.0
1816,0.69796,0.988565,1.0496327,0.79543924,0.0,0.0,1.0,54.45155,0.68452424,0.87245,0.11652028,1.0220354,1.0
1817,0.73638093,0.99915487,0.9500184,0.7703285,0.0,0.0,1.0,54.45155,0.73638093,0.87245,0.095965095,0.8417395,0.0
1818,1.1686558,1.0874312,0.9157536,0.7789927,0.0,0.0,1.0,52.50542,1.1686558,0.78300565,0.07648205,0.6708477,0.0
1819,1.5987908,1.1752706,1.061779,0.71556246,0.0,0.0,1.0,29.516277,1.5987908,0.0,0.092778854,0.813792,0.0
1820,0.9790233,1.0487057,0.8378481,0.8508144,0.0,0.0,1.0,26.927954,0.9790233,0.0,0.08847122,0.7760084,0.0
1821,0.0,0.75395674,0.85966706,0.81292635,0.0,0.0,1.0,25.77351,0.0,0.0,0.12668067,1.1111553,1.0
1822,0.95430905,1.0319893,0.8234723,0.7526611,0.0,0.0,1.0,25.77351,0.897166,0.0,0.13475518,1.1819793,1.0
1823,1.3253262,1.1194254,1.0811627,0.8455495,0.0,0.0,1.0,24.033875,1.3253262,0.0,0.10541002,0.92458385,0.0
1824,0.0,0.80772144,0.89777774,0.79759085,0.0,0.0,1.0,25.77351,0.0,0.0,0.12338428,1.0822417,1.0
1825,0.24505933,0.8988,0.8122761,0.78361046,0.0,0.0,1.0,24.033875,0.24495955,0.0,0.11414077,1.001164,1.0
1826,1.0494844,1.0596752,0.8549499,0.8028982,0.0,0.0,1.0,39.861828,1.0327393,0.20190422,0.11928964,1.0463263,1.0
1827,0.39787188,0.93002677,0.89275956,0.75555253,0.0,0.0,1.0,39.553005,0.39787188,0.1877107,0.103050105,0.9038843,0.0
1828,0.5947539,0.9702327,0.92576784,0.7319705,0.0,0.0,1.0,38.55134,0.5947539,0.14167394,0.09451134,0.82898813,0.0
1829,1.0539539,1.0640075,0.9670552,0.6938729,0.0,0.0,1.0,39.861828,1.0539539,0.20190422,0.105213955,0.9228641,0.0
1830,0.923536,1.019443,0.87828255,0.79497445,0.0,0.0,1.0,38.53184,0.83572876,0.14077786,0.14823219,1.3001903,1.0
1831,0.56128293,0.9633975,1.0099946,0.7122517,0.0,0.0,1.0,38.508194,0.56128293,0.13969101,0.09358694,0.82087994,0.0
1832,1.5901146,1.1734987,1.0569257,0.8473723,0.0,0.0,1.0,38.508194,1.5901146,0.13969101,0.09633658,0.84499794,0.0
1833,0.29723454,0.90947527,1.1685606,0.8256578,0.0,0.0,1.0,34.46898,0.29723454,0.0,0.10942925,0.95983773,0.0
1834,2.0384533,1.2650555,1.0311267,0.7873607,0.0,0.0,1.0,32.63686,2.0384533,0.0,0.11049176,0.96915734,0.0
1835,1.4674994,1.1484591,1.1193056,0.91714394,0.0,0.0,1.0,32.919453,1.4674994,0.0,0.10740193,0.9420555,0.0
1836,1.1951375,1.0832509,1.1251543,0.7859822,0.0,0.0,1.0,40.867485,1.1481855,0.24812438,0.12732823,1.1168352,1.0
1837,1.6839325,1.1922159,1.0485139,0.82262224,0.0,0.0,1.0,32.919453,1.6817695,0.0,0.11442701,1.0036746,1.0
1838,2.1709845,1.2921202,1.116668,0.78692627,0.0,0.0,1.0,30.400234,2.1709845,0.0,0.09602874,0.84229773,0.0
1839,2.432539,1.3246578,1.2157302,0.7575191,0.0,0.0,1.0,30.39721,2.3303158,0.0,0.12829706,1.1253332,1.0
1840,1.8267434,1.2089149,1.1151283,0.8188019,0.0,0.0,1.0,30.39721,1.7635416,0.0,0.12568183,1.1023942,1.0
1841,1.6781689,1.1914806,1.0890657,0.7590267,0.0,0.0,1.0,30.393583,1.6781689,0.0,0.11170261,0.9797781,0.0
1842,1.1001325,1.0734378,0.9866627,0.7394112,0.0,0.0,1.0,30.39117,1.1001325,0.0,0.11026713,0.9671871,0.0
1843,2.1268325,1.2773407,1.151069,0.9300512,0.0,0.0,1.0,28.767464,2.0986114,0.0,0.11838842,1.0384214,1.0
1844,2.0565166,1.2506019,1.1481467,0.75949454,0.0,0.0,1.0,28.767464,1.967676,0.0,0.12871513,1.1290002,1.0
1845,0.29771808,0.90796065,1.0665069,0.7085321,0.0,0.0,1.0,27.03928,0.2898177,0.0,0.12288762,1.0778853,1.0
1846,1.9256992,1.2372454,1.1485301,0.72459173,0.0,0.0,1.0,29.831339,1.9022717,0.0,0.118019685,1.0351871,1.0
1847,1.3813418,1.0962614,1.0175928,0.74324334,0.0,0.0,1.0,15.095333,1.2118957,0.0,0.15955237,1.3994831,1.0
1848,1.1803395,1.0898172,0.9336895,0.7258428,0.0,0.0,1.0,15.095333,1.1803395,0.0,0.09811762,0.86061996,0.0
1849,1.2498224,1.0607666,0.9371128,0.7237975,0.0,0.0,1.0,15.431542,1.0380834,0.0,0.18044907,1.5827745,1.0
1850,0.08870103,0.8654253,0.82246816,0.7561266,0.0,0.0,1.0,16.773804,0.08152894,0.0,0.14266314,1.2513424,1.0
1851,0.0813559,0.8639221,0.88061553,0.74424976,0.0,0.0,1.0,18.217865,0.07416817,0.0,0.14557572,1.2768896,1.0
1852,0.28988218,0.9027777,0.8577897,0.7379644,0.0,0.0,1.0,17.45121,0.2644375,0.0,0.14535116,1.2749199,1.0
1853,1.0561816,1.06116,0.9409506,0.7993209,0.0,0.0,1.0,18.100649,1.0400099,0.0,0.11907315,1.0444274,1.0
1854,0.68285763,0.9882247,0.8198267,0.6585842,0.0,0.0,1.0,17.714712,0.68285763,0.0,0.102928914,0.9028213,0.0
1855,0.79331946,1.0107825,0.87314594,0.7284561,0.0,0.0,1.0,18.207787,0.79331946,0.0,0.10867457,0.9532182,0.0
1856,0.666222,0.98482746,0.85606474,0.6816934,0.0,0.0,1.0,32.781937,0.666222,0.0,0.08824001,0.77398044,0.0
1857,1.3564931,1.1051711,0.96376795,0.7440159,0.0,0.0,1.0,32.781937,1.2555251,0.0,0.14020352,1.2297684,1.0
1858,1.291804,1.1125797,1.0197769,0.737497,0.0,0.0,1.0,31.89419,1.291804,0.0,0.089447744,0.7845738,0.0
1859,1.3964181,1.1339433,1.0488849,0.7587848,0.0,0.0,1.0,33.498127,1.3964181,0.0,0.07750095,0.6797848,0.0
1860,0.9876347,1.0504643,0.9479618,0.7934799,0.0,0.0,1.0,33.498127,0.9876347,0.0,0.09411337,0.82549745,0.0
1861,1.329224,1.1202214,0.9854064,0.75453967,0.0,0.0,1.0,33.498127,1.329224,0.0,0.093881875,0.82346696,0.0
1862,1.138867,1.081348,1.0286809,0.7418633,0.0,0.0,1.0,32.467796,1.138867,0.0,0.09989946,0.8762491,0.0
1863,1.7039222,1.1967398,1.1016607,0.907875,0.0,0.0,1.0,31.217493,1.7039222,0.0,0.10501969,0.92116016,0.0
1864,1.5670046,1.1687794,1.0210291,0.84270394,0.0,0.0,1.0,29.967596,1.5670046,0.0,0.09909113,0.8691589,0.0
1865,1.6662441,1.1890454,0.9752877,0.8682202,0.0,0.0,1.0,31.217493,1.6662441,0.0,0.07521902,0.6597693,0.0
1866,0.94393885,1.041541,0.9496326,0.759095,0.0,0.0,1.0,33.93113,0.94393885,0.0,0.09496364,0.8329554,0.0
1867,1.7315794,1.1901399,1.0610852,0.8714841,0.0,0.0,1.0,31.217493,1.6716036,0.0,0.12569527,1.1025121,1.0
1868,2.130559,1.2838647,1.1219633,0.8136656,0.0,0.0,1.0,31.217493,2.130559,0.0,0.097351156,0.8538971,0.0
1869,1.2297182,1.099901,1.0672994,0.75519145,0.0,0.0,1.0,31.217493,1.2297182,0.0,0.096294105,0.84462535,0.0
1870,0.21527565,0.89273816,1.016044,0.76297295,0.0,0.0,1.0,31.89419,0.21527565,0.0,0.08737728,0.7664131,0.0
1871,0.75482357,1.0029211,1.0083346,0.86895007,0.0,0.0,1.0,32.781937,0.75482357,0.0,0.07224264,0.6336625,0.0
1872,0.3867471,0.92775494,0.8282726,0.751424,0.0,0.0,1.0,28.633245,0.3867471,0.0,0.06581875,0.5773166,0.0
1873,1.1090077,1.0752503,1.0559905,0.8147593,0.0,0.0,1.0,30.012108,1.1090077,0.0,0.09559501,0.83849335,0.0
1874,1.5798085,1.1713941,1.0132625,0.75625086,0.0,0.0,1.0,15.4328375,1.5798085,0.0,0.09055939,0.7943244,0.0
1875,0.7626651,1.0045224,1.0446945,0.761868,0.0,0.0,1.0,16.656462,0.7626651,0.0,0.09036798,0.79264545,0.0
1876,0.0,0.70857674,0.9517017,0.7564082,0.0,0.0,1.0,19.064114,0.0,0.0,0.112218104,0.98429966,0.0
1877,1.2856133,1.1113155,1.0307753,0.7256199,0.0,0.0,1.0,19.064114,1.2856133,0.0,0.091998495,0.80694723,0.0
1878,0.11343751,0.87194145,0.95640284,0.8057027,0.0,0.0,1.0,17.360905,0.11343751,0.0,0.10100842,0.8859761,0.0
1879,1.5972613,1.1484752,1.0697606,0.80269754,0.0,0.0,1.0,19.732553,1.4675782,0.0,0.14279199,1.2524726,1.0
1880,0.0,0.77509695,0.79399955,0.685925,0.0,0.0,1.0,21.30542,0.0,0.0,0.08986388,0.78822386,0.0
1881,0.39016956,0.9283021,1.1788543,0.674487,0.0,0.0,1.0,20.510855,0.3894265,0.0,0.114629604,1.0054517,1.0
1882,0.2793176,0.90279835,0.969819,0.79489774,0.0,0.0,1.0,21.987371,0.26453876,0.0,0.13220584,1.1596183,1.0
1883,0.3290316,0.91596866,0.9012697,0.73053205,0.0,0.0,1.0,26.133266,0.3290316,0.0,0.08639505,0.75779766,0.0
1884,0.2977091,0.9095722,0.9732848,0.81770945,0.0,0.0,1.0,23.550644,0.2977091,0.0,0.09287474,0.8146331,0.0
1885,1.8207064,1.2205887,1.166133,0.67442,0.0,0.0,1.0,26.133266,1.8207064,0.0,0.08606766,0.754926,0.0
1886,0.39898744,0.9302546,1.1233336,0.68818283,0.0,0.0,1.0,25.83358,0.39898744,0.0,0.08482629,0.7440376,0.0
1887,0.5140154,0.9537448,0.8077228,0.7156664,0.0,0.0,1.0,24.953968,0.5140154,0.0,0.09506351,0.83383137,0.0
1888,2.0273824,1.2627947,1.1501656,0.7745376,0.0,0.0,1.0,25.780252,2.0273824,0.0,0.11043996,0.96870303,0.0
1889,1.781936,1.2126713,1.2047185,0.7367217,0.0,0.0,1.0,46.12363,1.781936,0.4896976,0.103474736,0.90760887,0.0
1890,1.477088,1.1336834,1.2069641,0.7319883,0.0,0.0,1.0,46.127296,1.3951455,0.4898661,0.13313992,1.1678114,1.0
1891,0.8530971,1.0229899,1.1955662,0.6382143,0.0,0.0,1.0,46.433823,0.8530971,0.5039541,0.0963584,0.84518933,0.0
1892,2.6439586,1.3780801,1.2099085,0.91779774,0.0,0.0,1.0,48.20591,2.5919163,0.58539945,0.12054842,1.0573674,1.0
1893,1.5385678,1.1629722,1.1145332,0.6708239,0.0,0.0,1.0,46.12363,1.5385678,0.4896976,0.07731917,0.6781903,0.0
1894,1.7073225,1.1974342,1.2692078,0.7717798,0.0,0.0,1.0,46.12363,1.7073225,0.4896976,0.086051635,0.7547855,0.0
1895,1.4136258,1.1374574,1.0091912,0.77195805,0.0,0.0,1.0,45.93818,1.4136258,0.48117423,0.090660624,0.7952123,0.0
1896,1.9099848,1.2388206,1.053906,0.8281689,0.0,0.0,1.0,46.546986,1.9099848,0.5091551,0.08706537,0.76367724,0.0
1897,1.8917964,1.2351062,1.0839964,0.80752563,0.0,0.0,1.0,49.921715,1.8917964,0.6642581,0.054472264,0.47779307,0.0
1898,0.9209549,1.0368474,0.94511896,0.70222193,0.0,0.0,1.0,44.569733,0.9209549,0.41828024,0.088476144,0.7760516,0.0
1899,1.4541806,1.1457392,1.0958955,0.82132155,0.0,0.0,1.0,46.521812,1.4541806,0.5079981,0.08416446,0.7382325,0.0
1900,1.2692975,1.1079836,1.1477323,0.8037082,0.0,0.0,1.0,43.203606,1.2692975,0.35549283,0.09317781,0.8172914,0.0
1901,1.3302794,1.1204369,1.0789143,0.7488713,0.0,0.0,1.0,43.470562,1.3302794,0.36776218,0.07149694,0.62712175,0.0
1902,2.3960838,1.3380885,1.2614487,0.79824495,0.0,0.0,1.0,43.470562,2.3960838,0.36776218,0.10325401,0.90567285,0.0
1903,1.9891697,1.2549912,1.2592828,0.8041321,0.0,0.0,1.0,43.535038,1.9891697,0.3707255,0.0758141,0.6649889,0.0
1904,1.6981536,1.1955618,1.2480787,0.7386974,0.0,0.0,1.0,52.806625,1.6981536,0.796849,0.08369604,0.7341238,0.0
1905,1.5442407,1.1641307,1.1194378,0.76434976,0.0,0.0,1.0,43.535038,1.5442407,0.3707255,0.08673474,0.76077724,0.0
1906,1.2845024,1.1110886,0.93151665,0.7746046,0.0,0.0,1.0,50.041187,1.2845024,0.6697491,0.062650435,0.54952633,0.0
1907,1.3320353,1.1207955,1.0176282,0.79929566,0.0,0.0,1.0,50.041187,1.3320353,0.6697491,0.077275716,0.6778092,0.0
1908,0.7972773,1.0115907,1.1577047,0.7919571,0.0,0.0,1.0,24.368143,0.7972773,0.0,0.08106431,0.71104014,0.0
1909,0.7018347,0.99210006,0.99823076,0.82578295,0.0,0.0,1.0,28.075356,0.7018347,0.0,0.10170959,0.89212626,0.0
1910,0.8355367,1.0194038,0.9787772,0.8013005,0.0,0.0,1.0,24.368143,0.8355367,0.0,0.1048534,0.9197016,0.0
1911,0.6962558,0.9909608,0.90006405,0.7002587,0.0,0.0,1.0,26.486654,0.6962558,0.0,0.07227397,0.6339373,0.0
1912,0.81311846,1.0148257,0.9923126,0.64602816,0.0,0.0,1.0,30.36452,0.81311846,0.0,0.094248734,0.8266848,0.0
1913,0.8934154,1.0312234,0.86645085,0.7518889,0.0,0.0,1.0,28.075356,0.8934154,0.0,0.08859987,0.7771368,0.0
1914,0.6766077,0.9869484,1.0115571,0.74780506,0.0,0.0,1.0,28.075356,0.6766077,0.0,0.09490321,0.83242536,0.0
1915,0.80549705,1.0132693,0.9943015,0.6665405,0.0,0.0,1.0,28.075356,0.80549705,0.0,0.10505757,0.9214924,0.0
1916,1.282126,1.1106033,1.0060678,0.6916455,0.0,0.0,1.0,30.394945,1.282126,0.0,0.10886141,0.95485705,0.0
1917,1.0573587,1.0585035,1.0409002,0.709504,0.0,0.0,1.0,30.394945,1.0270016,0.0,0.123636544,1.0844543,1.0
1918,1.5899476,1.1734647,1.1754181,0.820416,0.0,0.0,1.0,56.140034,1.5899476,0.950053,0.10489875,0.9200994,0.0
1919,0.6855237,0.96842396,1.1932063,0.8864867,0.0,0.0,1.0,54.11331,0.5858967,0.85690457,0.11993138,1.0519552,1.0
1920,0.6855237,0.94770205,1.0848799,0.7685558,0.0,0.0,1.0,54.11331,0.48442486,0.85690457,0.11375463,0.997777,0.0
1921,1.8419133,1.2249194,1.1580217,0.7741085,0.0,0.0,1.0,50.095226,1.8419133,0.67223275,0.093065195,0.81630355,0.0
1922,1.9182192,1.2405021,1.1408983,0.77496725,0.0,0.0,1.0,50.905712,1.9182192,0.7094828,0.088883765,0.77962697,0.0
1923,1.7234439,1.2007264,1.1688241,0.7993592,0.0,0.0,1.0,44.78356,1.7234439,0.42810786,0.06080567,0.53334534,0.0
1924,0.8669208,1.0258129,0.97334445,0.7196524,0.0,0.0,1.0,44.041992,0.8669208,0.3940252,0.0887004,0.7780186,0.0
1925,2.1800137,1.2847137,1.3169311,0.69645077,0.0,0.0,1.0,38.203777,2.1347163,0.12569998,0.12092001,1.0606267,1.0
1926,1.2088007,1.0956293,1.0838817,0.8200438,0.0,0.0,1.0,39.804234,1.2088007,0.19925718,0.10961865,0.96149904,0.0
1927,2.4936488,1.3580126,1.1471716,0.7686947,0.0,0.0,1.0,39.804234,2.4936488,0.19925718,0.10209418,0.8954996,0.0
1928,1.9798812,1.2530943,1.3059454,0.7285206,0.0,0.0,1.0,41.978752,1.9798812,0.2991984,0.10444992,0.91616255,0.0
1929,1.3570815,1.1259103,1.3048282,0.7530354,0.0,0.0,1.0,41.978752,1.3570815,0.2991984,0.107896164,0.94639057,0.0
1930,2.257536,1.3097951,1.210696,0.86892515,0.0,0.0,1.0,41.978752,2.257536,0.2991984,0.09112163,0.79925597,0.0
1931,1.9704852,1.2246296,1.1848868,0.6912585,0.0,0.0,1.0,49.884502,1.8404943,0.6625478,0.13701433,1.201795,1.0
1932,0.23935871,0.8609074,0.9734216,0.81354755,0.0,0.0,1.0,41.978752,0.059405457,0.2991984,0.09708947,0.8516017,0.0
1933,1.3886551,1.1173806,1.0613942,0.6625089,0.0,0.0,1.0,41.978752,1.3153132,0.2991984,0.13217121,1.1593145,1.0
1934,1.4830422,1.1504259,1.0633854,0.5971669,0.0,0.0,1.0,41.80042,1.4771307,0.29100215,0.1153117,1.0114346,1.0
1935,0.23280172,0.8160829,0.95311934,0.68603146,0.0,0.0,1.0,41.80042,0.0,0.29100215,0.14595902,1.2802516,1.0
1936,1.6598259,1.1707909,1.1783504,0.87718016,0.0,0.0,1.0,41.80042,1.5768547,0.29100215,0.13114777,1.1503376,1.0
1937,1.1124406,1.0489274,1.135256,0.832589,0.0,0.0,1.0,22.788975,0.98010904,0.0,0.15798819,1.3857633,1.0
1938,1.7187401,1.1679778,1.088969,0.691692,0.0,0.0,1.0,23.421186,1.5630795,0.0,0.14644693,1.2845312,1.0
1939,0.97490335,1.0439305,0.9883646,0.7563795,0.0,0.0,1.0,22.788975,0.9556401,0.0,0.12057412,1.0575929,1.0
1940,0.51514053,0.9529974,0.90698236,0.7804638,0.0,0.0,1.0,22.788975,0.51035523,0.0,0.117062315,1.0267898,1.0
1941,0.0287824,0.8542341,0.87960976,0.7465943,0.0,0.0,1.0,22.824768,0.026727509,0.0,0.1390517,1.2196655,1.0
1942,0.7609343,0.9865107,1.0541527,0.7264906,0.0,0.0,1.0,22.43523,0.67446446,0.0,0.15576929,1.3663006,1.0
1943,1.2111043,1.0889832,0.9632613,0.75182825,0.0,0.0,1.0,22.43523,1.1762556,0.0,0.12365862,1.084648,1.0
1944,1.169134,1.0796801,1.066613,0.7675813,0.0,0.0,1.0,22.824768,1.1306999,0.0,0.12508035,1.0971184,1.0
1945,1.2639532,1.1068922,0.9873311,0.6369886,0.0,0.0,1.0,21.054161,1.2639532,0.0,0.099448636,0.8722947,0.0
1946,1.0048411,1.0445484,0.9141511,0.6926203,0.0,0.0,1.0,21.054161,0.95866567,0.0,0.12969767,1.1376183,1.0
1947,0.1191994,0.8731181,0.9761389,0.5920611,0.0,0.0,1.0,21.054161,0.1191994,0.0,0.1015387,0.8906273,0.0
1948,0.24198014,0.8950174,0.6972425,0.69972414,0.0,0.0,1.0,22.43523,0.22643663,0.0,0.13636796,1.1961255,1.0
1949,1.2487366,1.0991688,1.0761193,0.6070933,0.0,0.0,1.0,37.678745,1.2261328,0.10156943,0.12001307,1.0526718,1.0
1950,0.1919013,0.7859959,0.8898233,0.79134387,0.0,0.0,1.0,40.68803,0.0,0.23987661,0.10374004,0.9099359,0.0
1951,0.9101009,1.0213755,1.0198059,0.67547494,0.0,0.0,1.0,40.394955,0.84519196,0.22640681,0.139024,1.2194225,1.0
1952,0.10220158,0.85876703,0.93400156,0.7420654,0.0,0.0,1.0,38.248425,0.048924547,0.12775198,0.10618432,0.93137544,0.0
1953,0.72524107,0.98585874,1.0851566,0.7008521,0.0,0.0,1.0,40.840195,0.671272,0.24687012,0.14019679,1.2297093,1.0
1954,0.6015858,0.9700001,1.0232127,0.82642275,0.0,0.0,1.0,38.248425,0.5936147,0.12775198,0.1183821,1.038366,1.0
1955,0.9368942,1.0401024,1.0956094,0.8210466,0.0,0.0,1.0,40.394955,0.9368942,0.22640681,0.09629082,0.8445965,0.0
1956,1.4745622,1.1499014,1.1696877,0.6436388,0.0,0.0,1.0,40.35467,1.4745622,0.2245554,0.112960055,0.99080753,0.0
1957,0.6342711,0.97830266,1.0738456,0.66308564,0.0,0.0,1.0,41.1906,0.6342711,0.26297486,0.10189135,0.8937205,0.0
1958,0.86241543,1.0248928,1.1506494,0.7149506,0.0,0.0,1.0,41.305946,0.86241543,0.26827613,0.092233434,0.80900794,0.0
1959,0.434151,0.93743545,1.0156124,0.6416444,0.0,0.0,1.0,43.900146,0.434151,0.38750595,0.09892865,0.8677338,0.0
1960,0.7409584,1.0000896,0.97268283,0.718747,0.0,0.0,1.0,41.305946,0.7409584,0.26827613,0.07434101,0.65206796,0.0
1961,1.6598556,1.1877408,0.9879352,0.85451525,0.0,0.0,1.0,40.13964,1.6598556,0.21467255,0.082393445,0.7226984,0.0
1962,1.631194,1.1783962,1.0462172,0.76427394,0.0,0.0,1.0,41.305946,1.6140968,0.26827613,0.11745841,1.030264,1.0
1963,1.4045112,1.1201724,1.0661014,0.80805075,0.0,0.0,1.0,41.32166,1.328984,0.2689983,0.13251996,1.1623735,1.0
1964,1.0251973,1.058135,0.881477,0.8359405,0.0,0.0,1.0,47.033787,1.0251973,0.53152853,0.10621513,0.9316457,0.0
1965,1.1071725,1.0748755,0.93641824,0.71973336,0.0,0.0,1.0,43.10925,1.1071725,0.3511562,0.06952637,0.60983723,0.0
1966,0.49962783,0.88833886,0.91204643,0.74853116,0.0,0.0,1.0,49.057415,0.19373299,0.6245348,0.091486774,0.80245876,0.0
1967,1.9555895,1.2481337,1.2035781,0.6827336,0.0,0.0,1.0,46.162968,1.9555895,0.49150556,0.107811436,0.9456474,0.0
1968,0.2712757,0.63253754,0.7876088,0.728542,0.0,0.0,1.0,42.846813,0.0,0.3390946,0.07499843,0.6578344,0.0
1969,0.2712757,0.8420328,0.87956697,0.78912103,0.0,0.0,1.0,42.846813,0.0,0.3390946,0.087854534,0.77059925,0.0
1970,1.2075176,1.0953673,0.9622316,0.7870976,0.0,0.0,1.0,23.357273,1.2075176,0.0,0.10843009,0.9510738,0.0
1971,0.91287875,1.0351981,0.9547991,0.84175074,0.0,0.0,1.0,24.10226,0.91287875,0.0,0.085777596,0.7523818,0.0
1972,0.0772524,0.86455196,0.7912317,0.7559694,0.0,0.0,1.0,24.10226,0.0772524,0.0,0.082176186,0.7207927,0.0
1973,0.5520031,0.96150243,0.82975376,0.8202279,0.0,0.0,1.0,24.10226,0.5520031,0.0,0.106119886,0.93081033,0.0
1974,0.7320568,0.9982718,0.87968504,0.7514062,0.0,0.0,1.0,27.455667,0.7320568,0.0,0.055407133,0.4859931,0.0
1975,0.58235306,0.9677003,0.8281853,0.8715679,0.0,0.0,1.0,26.832712,0.58235306,0.0,0.09127265,0.8005806,0.0
1976,0.6034503,0.97200865,0.8655591,0.76742804,0.0,0.0,1.0,27.6044,0.6034503,0.0,0.08558089,0.7506564,0.0
1977,0.36745334,0.9238149,0.93219316,0.74886405,0.0,0.0,1.0,30.005508,0.36745334,0.0,0.07086036,0.62153816,0.0
1978,0.91011935,1.0346346,0.88494086,0.65625495,0.0,0.0,1.0,30.005508,0.91011935,0.0,0.08747797,0.76729625,0.0
1979,1.3024328,1.1147503,0.88243395,0.80764914,0.0,0.0,1.0,31.423481,1.3024328,0.0,0.09002514,0.78963834,0.0
1980,0.30007532,0.9100554,0.8335138,0.7004091,0.0,0.0,1.0,31.423481,0.30007532,0.0,0.06540061,0.5736489,0.0
1981,1.4145972,1.1376557,1.0449699,0.853174,0.0,0.0,1.0,35.431644,1.4145972,0.0,0.08415961,0.73819,0.0
1982,0.6284768,0.9771194,0.84454083,0.93508166,0.0,0.0,1.0,38.93709,0.6284768,0.15940322,0.09950816,0.8728168,0.0
1983,1.3969364,1.054761,0.9826515,0.65093213,0.0,0.0,1.0,73.461945,1.0086753,1.7461705,0.08562111,0.7510092,0.0
1984,1.3969364,1.1109308,1.1112536,0.67150545,0.0,0.0,1.0,73.461945,1.2837296,1.7461705,0.10484433,0.919622,0.0
1985,1.3969364,0.95970017,0.94855684,0.7928717,0.0,0.0,1.0,73.461945,0.54317766,1.7461705,0.10429062,0.91476524,0.0
1986,1.4028009,0.9943501,0.952119,0.61970794,0.0,0.0,1.0,73.621445,0.71285266,1.7535012,0.087725505,0.76946753,0.0
1987,1.440929,1.0712854,1.0794649,0.61037576,0.0,0.0,1.0,74.65843,1.0895922,1.8011613,0.089491576,0.78495824,0.0
1988,1.896471,1.2360609,1.1357832,1.0056442,0.0,0.0,1.0,74.045525,1.896471,1.772992,0.11015297,0.9661857,0.0
1989,1.4183936,1.0232513,1.0059199,0.70152223,0.0,0.0,1.0,74.045525,0.8543772,1.772992,0.1280661,1.1233072,1.0
1990,1.4359742,0.8625036,1.0610293,0.81485045,0.0,0.0,1.0,74.523674,0.06722185,1.7949678,0.11616571,1.0189253,1.0
1991,1.5205357,1.0891258,1.1045891,0.74340165,0.0,0.0,1.0,76.82353,1.1769537,1.9006696,0.13551314,1.1886276,1.0
1992,1.6777796,1.1914011,1.1497208,0.6138058,0.0,0.0,1.0,76.82353,1.6777796,1.9006696,0.083680585,0.7339883,0.0
1993,1.572626,1.0696236,1.1256169,0.57804686,0.0,0.0,1.0,78.24026,1.0814548,1.9657825,0.10152388,0.8904973,0.0
1994,1.3563286,0.84473467,0.97342706,0.6953583,0.0,0.0,1.0,72.35751,0.0,1.6954107,0.11361201,0.99652606,0.0
1995,1.1867421,0.9947299,0.9321331,0.71664435,0.0,0.0,1.0,67.745186,0.7147125,1.4834275,0.12734954,1.1170222,1.0
1996,1.2564694,1.0002437,1.0684688,0.8740919,0.0,0.0,1.0,69.641594,0.74171257,1.5705867,0.0961647,0.8434903,0.0
1997,1.2564694,1.0297302,0.9762219,0.7205539,0.0,0.0,1.0,69.641594,0.8861034,1.5705867,0.097168334,0.8522935,0.0
1998,1.4668479,1.148326,1.0619946,0.81581384,0.0,0.0,1.0,73.58465,1.4668479,1.7518101,0.109019645,0.956245,0.0
1999,1.2564694,0.90005326,0.8861324,0.7541731,0.0,0.0,1.0,69.641594,0.2510965,1.5705867,0.08790025,0.77100027,0.0
2000,1.2564694,1.0155262,0.9567556,0.7691602,0.0,0.0,1.0,69.641594,0.8165486,1.5705867,0.078651555,0.6898771,0.0
2001,1.3563286,1.0970182,0.92309326,0.95951307,0.0,0.0,1.0,72.35751,1.2156019,1.6954107,0.11051685,0.96937746,0.0
2002,1.3563286,1.0514009,0.8990753,0.6668144,0.0,0.0,1.0,72.35751,0.99222124,1.6954107,0.06549292,0.57445866,0.0
2003,1.4014481,1.0326601,0.88749456,0.64579153,0.0,0.0,1.0,73.58465,0.90045077,1.7518101,0.060316898,0.52905816,0.0
2004,1.68079,1.1920159,1.0671868,0.88857627,0.0,0.0,1.0,39.114403,1.68079,0.16755246,0.09376782,0.82246655,0.0
2005,0.62202984,0.97580284,1.0488573,0.7794274,0.0,0.0,1.0,36.45404,0.62202984,0.04528182,0.09571134,0.8395138,0.0
2006,0.7833417,1.0057675,0.8899571,0.78479433,0.0,0.0,1.0,34.986794,0.76876175,0.0,0.120185845,1.0541872,1.0
2007,0.423112,0.93518114,0.7992706,0.7511531,0.0,0.0,1.0,31.19964,0.423112,0.0,0.10310399,0.90435696,0.0
2008,0.31300682,0.9126962,0.76984406,0.7617891,0.0,0.0,1.0,32.574482,0.31300682,0.0,0.09895717,0.86798394,0.0
2009,0.46900222,0.94455254,0.83105934,0.67811733,0.0,0.0,1.0,32.213852,0.46900222,0.0,0.09761618,0.8562217,0.0
2010,0.38544592,0.9274892,0.7821566,0.7018242,0.0,0.0,1.0,29.266468,0.38544592,0.0,0.08995874,0.78905594,0.0
2011,0.19807637,0.88922584,0.8047129,0.63397306,0.0,0.0,1.0,26.520357,0.19807637,0.0,0.08152697,0.71509826,0.0
2012,0.471787,0.9451212,0.83625394,0.71884215,0.0,0.0,1.0,43.17787,0.471787,0.3543101,0.08570805,0.7517718,0.0
2013,0.39766523,0.92998457,0.9017972,0.699606,0.0,0.0,1.0,43.17787,0.39766523,0.3543101,0.04866631,0.42686725,0.0
2014,0.73673266,0.9992267,1.0138535,0.88371694,0.0,0.0,1.0,43.17787,0.73673266,0.3543101,0.10190215,0.8938152,0.0
2015,0.71066916,0.9939042,0.92904603,0.7845147,0.0,0.0,1.0,41.653152,0.71066916,0.28423378,0.09743211,0.8546071,0.0
2016,1.426435,1.1400732,0.9691113,0.72600317,0.0,0.0,1.0,43.17787,1.426435,0.3543101,0.059028976,0.5177614,0.0
2017,1.3113886,1.1165792,1.0109619,0.7175462,0.0,0.0,1.0,41.653152,1.3113886,0.28423378,0.096140735,0.8432801,0.0
2018,0.81032175,1.0142546,1.0919642,0.6539492,0.0,0.0,1.0,47.273403,0.81032175,0.5425413,0.065716386,0.5764187,0.0
2019,0.85194886,1.0227554,1.4156103,0.73926246,0.0,0.0,1.0,45.067226,0.85194886,0.44114512,0.11366777,0.9970151,0.0
2020,0.98668385,1.0502701,1.0670203,0.67070657,0.0,0.0,1.0,40.99331,0.98668385,0.25390726,0.0849357,0.74499726,0.0
2021,0.8400573,1.0176452,1.0030777,0.71787775,0.0,0.0,1.0,38.917023,0.8269253,0.15848084,0.11918096,1.0453731,1.0
2022,1.4123328,1.1371933,0.94496346,0.7997523,0.0,0.0,1.0,37.49802,1.4123328,0.093263276,0.09866848,0.8654517,0.0
2023,1.7148377,1.1989689,1.0720291,0.7908758,0.0,0.0,1.0,34.4663,1.7148377,0.0,0.08507657,0.74623287,0.0
2024,1.743275,1.2047762,1.0322064,0.82352066,0.0,0.0,1.0,36.22128,1.743275,0.03458407,0.10792567,0.9466494,0.0
2025,1.215965,1.0970924,0.96107006,0.75376594,0.0,0.0,1.0,34.4663,1.215965,0.0,0.10064115,0.88275456,0.0
2026,1.0389866,1.0585805,0.8888384,0.6842233,0.0,0.0,1.0,32.551975,1.0273787,0.0,0.11768844,1.0322816,1.0
2027,1.4028744,1.1352618,0.9817264,0.7522102,0.0,0.0,1.0,31.74439,1.4028744,0.0,0.10670203,0.9359165,0.0
2028,0.74306166,1.0005192,0.987917,0.9573244,0.0,0.0,1.0,30.394476,0.74306166,0.0,0.09581082,0.84038633,0.0
2029,0.9334944,1.0394081,1.0290579,0.73181117,0.0,0.0,1.0,30.83942,0.9334944,0.0,0.09168063,0.80415916,0.0
2030,0.5354751,0.9565641,0.84655327,0.7449502,0.0,0.0,1.0,29.18826,0.527821,0.0,0.11873165,1.041432,1.0
2031,0.32270464,0.9146766,1.0297704,0.8180537,0.0,0.0,1.0,29.18826,0.32270464,0.0,0.1053452,0.9240153,0.0
2032,1.190279,1.091847,0.8250494,0.78241456,0.0,0.0,1.0,31.185495,1.190279,0.0,0.06615183,0.5802381,0.0
2033,0.7494461,1.001823,1.0245216,0.7869417,0.0,0.0,1.0,17.422638,0.7494461,0.0,0.1055598,0.92589766,0.0
2034,0.18023352,0.8855821,0.8958708,0.75492543,0.0,0.0,1.0,17.422638,0.18023352,0.0,0.06686903,0.5865289,0.0
2035,0.44517916,0.93968755,0.9173029,0.9357158,0.0,0.0,1.0,17.9504,0.44517916,0.0,0.090321474,0.7922376,0.0
2036,0.0,0.7395322,0.7459001,0.7995989,0.0,0.0,1.0,17.9504,0.0,0.0,0.077188596,0.67704505,0.0
2037,0.61654085,0.9746819,0.9461217,0.7315392,0.0,0.0,1.0,17.9504,0.61654085,0.0,0.10574676,0.9275375,0.0
2038,0.3723437,0.92481357,0.86979717,0.6742763,0.0,0.0,1.0,17.9504,0.3723437,0.0,0.09248472,0.81121206,0.0
2039,0.50444716,0.95179087,0.7350323,0.65122855,0.0,0.0,1.0,16.521318,0.50444716,0.0,0.068033904,0.5967464,0.0
2040,0.9976813,1.0482837,0.8710141,0.70597833,0.0,0.0,1.0,14.044352,0.97695684,0.0,0.12091802,1.0606093,1.0
2041,0.67544544,0.986711,0.8919437,0.71658003,0.0,0.0,1.0,13.864634,0.67544544,0.0,0.113144465,0.9924251,0.0
2042,0.0,0.826582,0.9112428,0.8911413,0.0,0.0,1.0,14.951009,0.0,0.0,0.14281437,1.252669,1.0
2043,1.243034,1.1026202,0.9134203,0.7461393,0.0,0.0,1.0,26.834194,1.243034,0.0,0.11071473,0.97111315,0.0
2044,1.2446796,1.1004106,0.89416784,0.71612215,0.0,0.0,1.0,24.838936,1.2322137,0.0,0.11730343,1.0289047,1.0
2045,0.6572935,0.98300415,0.8965904,0.80326426,0.0,0.0,1.0,24.168814,0.6572935,0.0,0.107362434,0.9417091,0.0
2046,0.6243196,0.97268754,0.96717286,0.8446893,0.0,0.0,1.0,21.272018,0.60677475,0.0,0.12342673,1.082614,1.0
2047,1.5145297,1.1580633,1.0411227,0.809106,0.0,0.0,1.0,21.272018,1.5145297,0.0,0.110233575,0.9668927,0.0
2048,1.6763949,1.1911184,1.0810064,0.77482986,0.0,0.0,1.0,24.168814,1.6763949,0.0,0.091610275,0.803542,0.0
2049,0.65673953,0.982891,0.9792999,0.74535257,0.0,0.0,1.0,21.24171,0.65673953,0.0,0.09972368,0.8747072,0.0
2050,2.0193074,1.2611457,1.2219881,1.0260199,0.0,0.0,1.0,21.24171,2.0193074,0.0,0.10465776,0.91798556,0.0
2051,1.2145869,1.0968109,0.9700674,0.83772993,0.0,0.0,1.0,21.24171,1.2145869,0.0,0.09339005,0.81915295,0.0
2052,0.7984226,1.0118246,1.0157375,0.74591804,0.0,0.0,1.0,21.24171,0.7984226,0.0,0.07818136,0.68575287,0.0
2053,1.154709,1.0814579,0.96079504,0.7726982,0.0,0.0,1.0,24.518974,1.1394053,0.0,0.118383124,1.038375,1.0
2054,0.5500861,0.96111095,0.99339616,0.73235744,0.0,0.0,1.0,21.710087,0.5500861,0.0,0.09852142,0.8641618,0.0
2055,0.9093821,1.034484,0.92996407,0.74840015,0.0,0.0,1.0,21.710087,0.9093821,0.0,0.097776465,0.8576276,0.0
2056,0.6070199,0.9727376,0.98667926,0.7547423,0.0,0.0,1.0,21.79351,0.6070199,0.0,0.11118336,0.9752236,0.0
2057,0.6349917,0.9784498,0.9559053,0.78619087,0.0,0.0,1.0,25.415562,0.6349917,0.0,0.09475374,0.83111435,0.0
2058,0.962359,1.0453026,0.9522346,0.7628454,0.0,0.0,1.0,25.437767,0.962359,0.0,0.103779785,0.9102846,0.0
2059,0.9173064,1.0328965,0.9343496,0.62765837,0.0,0.0,1.0,25.437767,0.9016083,0.0,0.11967958,1.0497465,1.0
2060,0.24250752,0.8982993,0.9441658,0.8004789,0.0,0.0,1.0,25.437767,0.24250752,0.0,0.10857594,0.9523531,0.0
2061,0.862266,1.0248623,0.9022957,0.8690887,0.0,0.0,1.0,21.79351,0.862266,0.0,0.09142091,0.8018811,0.0
2062,0.5260604,0.9562046,1.0469433,0.7475412,0.0,0.0,1.0,18.996645,0.5260604,0.0,0.0719112,0.63075536,0.0
2063,0.2702522,0.9039651,0.746816,0.7347304,0.0,0.0,1.0,21.79351,0.2702522,0.0,0.07890497,0.69209987,0.0
2064,1.1275458,1.079036,0.8837576,0.7503745,0.0,0.0,1.0,12.124879,1.1275458,0.0,0.08838097,0.7752168,0.0
2065,0.37375316,0.9251014,0.80075604,0.77195054,0.0,0.0,1.0,12.124879,0.37375316,0.0,0.091228396,0.8001925,0.0
2066,0.21906184,0.89351135,0.89525366,0.7392538,0.0,0.0,1.0,14.1979065,0.21906184,0.0,0.10817016,0.9487939,0.0
2067,0.91975296,1.0366019,0.95784557,0.8193133,0.0,0.0,1.0,14.1979065,0.91975296,0.0,0.08267803,0.7251945,0.0
2068,1.0267955,1.0584614,0.9466533,0.81318945,0.0,0.0,1.0,17.078783,1.0267955,0.0,0.06509158,0.57093835,0.0
2069,0.61727405,0.97483164,0.8558307,0.74341863,0.0,0.0,1.0,21.359772,0.61727405,0.0,0.10747177,0.94266814,0.0
2070,0.0,0.7672603,0.82363707,0.7591576,0.0,0.0,1.0,21.402374,0.0,0.0,0.06928404,0.6077117,0.0
2071,0.0,0.68616194,0.8950001,0.7354723,0.0,0.0,1.0,23.797667,0.0,0.0,0.11208517,0.9831337,0.0
2072,0.19409695,0.8884132,0.82931477,0.7188676,0.0,0.0,1.0,23.785042,0.19409695,0.0,0.0856217,0.7510144,0.0
2073,0.26477227,0.90284604,0.75556964,0.6751279,0.0,0.0,1.0,26.575397,0.26477227,0.0,0.079370655,0.6961845,0.0
2074,0.19092079,0.8877646,0.8494727,0.75085527,0.0,0.0,1.0,26.942654,0.19092079,0.0,0.076235786,0.66868764,0.0
2075,0.0,0.753259,0.7547358,0.6344195,0.0,0.0,1.0,28.11199,0.0,0.0,0.071638234,0.6283611,0.0
2076,0.0,0.6924644,0.6797272,0.7031273,0.0,0.0,1.0,28.005604,0.0,0.0,0.09330148,0.8183761,0.0
2077,0.16248026,0.88195664,0.78063077,0.7040944,0.0,0.0,1.0,28.005604,0.16248026,0.0,0.101279184,0.888351,0.0
2078,0.6953777,0.95512336,0.87824214,0.7824413,0.0,0.0,1.0,54.381317,0.52076584,0.8692221,0.09610923,0.84300375,0.0
2079,0.7776534,0.8974006,1.0925119,0.6670791,0.0,0.0,1.0,56.619007,0.23810692,0.9720667,0.090343475,0.7924305,0.0
2080,0.72813886,0.961608,0.86922204,0.704628,0.0,0.0,1.0,55.27234,0.55252,0.9101736,0.06625149,0.58111227,0.0
2081,0.82829124,1.0179242,0.99087006,0.73552364,0.0,0.0,1.0,55.53644,0.82829124,0.9223118,0.079026006,0.69316155,0.0
2082,1.2632912,1.106757,1.2311863,0.7563282,0.0,0.0,1.0,55.53644,1.2632912,0.9223118,0.10306166,0.9039857,0.0
2083,0.7776534,0.8596547,0.8823079,0.7467132,0.0,0.0,1.0,56.619007,0.053271428,0.9720667,0.12034854,1.0556142,1.0
2084,1.6543409,1.1866146,1.0943934,0.7349587,0.0,0.0,1.0,55.53644,1.6543409,0.9223118,0.107386954,0.94192415,0.0
2085,1.6993514,1.1958064,1.0791379,0.8135386,0.0,0.0,1.0,58.42298,1.6993514,1.0549775,0.10712934,0.93966454,0.0
2086,0.85846806,0.91105413,0.9534332,0.68456745,0.0,0.0,1.0,58.816963,0.30496597,1.0730851,0.086481154,0.7585529,0.0
2087,0.9789756,1.0378813,0.95650476,0.67878324,0.0,0.0,1.0,62.094463,0.92601776,1.2237195,0.085816294,0.75272125,0.0
2088,1.0756923,0.8600259,0.8848794,0.7818088,0.0,0.0,1.0,64.724915,0.05508893,1.3446153,0.08829564,0.7744683,0.0
2089,1.0756923,0.8657522,0.90610635,0.68672436,0.0,0.0,1.0,64.724915,0.083129875,1.3446153,0.09336578,0.8189401,0.0
2090,1.139779,1.0178727,1.0181001,0.7879052,0.0,0.0,1.0,66.46791,0.82803905,1.4247237,0.10691222,0.9377601,0.0
2091,1.6536527,1.1864741,1.1030325,0.75000715,0.0,0.0,1.0,75.00973,1.6536527,1.8173069,0.103124626,0.904538,0.0
2092,1.4702595,1.1153461,1.088961,0.73673975,0.0,0.0,1.0,75.45615,1.3053504,1.8378243,0.09027127,0.7917972,0.0
2093,1.7724425,1.034531,0.88517326,0.6727337,0.0,0.0,1.0,83.67476,0.9096121,2.215553,0.07754898,0.68020606,0.0
2094,1.7724425,1.2095912,1.0084274,0.6594991,0.0,0.0,1.0,83.67476,1.7668532,2.215553,0.082916826,0.7272891,0.0
2095,1.7724425,0.9378656,0.923802,0.70403963,0.0,0.0,1.0,83.67476,0.43625742,2.215553,0.09440434,0.82804966,0.0
2096,1.7724425,1.092261,0.8941572,0.7039398,0.0,0.0,1.0,83.67476,1.1923063,2.215553,0.103065416,0.90401864,0.0
2097,0.79446477,1.0110164,0.9302635,0.6919935,0.0,0.0,1.0,53.13196,0.79446477,0.81180155,0.077702574,0.6815533,0.0
2098,0.7119155,0.84123135,0.86724144,0.8081501,0.0,0.0,1.0,54.831104,0.0,0.88989437,0.06213702,0.54502296,0.0
2099,0.64944124,0.88663036,0.87381226,0.68260854,0.0,0.0,1.0,53.13196,0.1853667,0.81180155,0.10410384,0.91312695,0.0
2100,0.7119155,0.899036,0.7905604,0.7283701,0.0,0.0,1.0,54.831104,0.24611507,0.88989437,0.096968,0.8505363,0.0
2101,0.502967,0.88641447,0.6689482,0.68182504,0.0,0.0,1.0,49.14823,0.18430954,0.6287087,0.09733679,0.8537711,0.0
2102,0.26868874,0.8755381,0.8084746,0.70153576,0.0,0.0,1.0,42.776455,0.13104978,0.3358609,0.07998476,0.70157105,0.0
2103,0.73382646,0.9986332,0.8957827,0.7150527,0.0,0.0,1.0,48.06431,0.73382646,0.57889146,0.07923911,0.6950307,0.0
2104,0.61177516,0.9737087,0.8453253,0.7055412,0.0,0.0,1.0,49.14823,0.61177516,0.6287087,0.07984103,0.70031035,0.0
2105,0.48127437,0.9470587,0.75846165,0.7938203,0.0,0.0,1.0,48.06431,0.48127437,0.57889146,0.070424445,0.6177146,0.0
2106,0.6269935,0.9768165,0.776709,0.6877284,0.0,0.0,1.0,48.06431,0.6269935,0.57889146,0.06872767,0.60283166,0.0
2107,1.870161,0.97858095,0.8321265,0.7162535,0.0,0.0,1.0,86.33246,0.6356338,2.3377013,0.07714788,0.6766879,0.0
2108,2.6411264,0.96547115,0.8520037,0.80223167,0.0,0.0,1.0,107.300766,0.57143724,3.3014078,0.08491945,0.74485475,0.0
2109,2.6411264,0.99603367,0.8456077,0.78298193,0.0,0.0,1.0,107.300766,0.72109693,3.3014078,0.073636614,0.6458895,0.0
2110,2.6411264,0.96888036,0.8269772,0.76227754,0.0,0.0,1.0,107.300766,0.58813155,3.3014078,0.085924484,0.7536702,0.0
2111,2.6411264,1.0360577,0.9320677,0.69344515,0.0,0.0,1.0,107.300766,0.91708815,3.3014078,0.09147902,0.80239075,0.0
2112,2.6411264,1.10289,0.9460855,0.72652185,0.0,0.0,1.0,107.300766,1.2443551,3.3014078,0.061939284,0.5432886,0.0
2113,2.6411264,1.088779,0.9302743,0.8163266,0.0,0.0,1.0,107.300766,1.1752557,3.3014078,0.083661154,0.7338178,0.0
2114,1.8710814,1.0128525,0.9981609,0.6998835,0.0,0.0,1.0,86.35749,0.80345625,2.3388517,0.07675679,0.6732575,0.0
2115,1.8710814,1.0802664,0.9774486,0.7272886,0.0,0.0,1.0,86.35749,1.1335707,2.3388517,0.090531826,0.79408264,0.0
2116,1.3692113,1.1283873,0.9561788,0.7681492,0.0,0.0,1.0,67.91325,1.3692113,1.4911519,0.091005355,0.7982361,0.0
2117,2.062788,1.270025,1.2587231,0.6827864,0.0,0.0,1.0,58.14422,2.062788,1.0421656,0.09415043,0.82582253,0.0
2118,1.5589594,1.1671364,0.9974485,0.7589355,0.0,0.0,1.0,60.067608,1.5589594,1.1305649,0.08324577,0.73017436,0.0
2119,1.4164412,1.1380323,0.9669186,0.750406,0.0,0.0,1.0,56.614994,1.4164412,0.9718822,0.10541726,0.92464733,0.0
2120,1.4574513,1.1464071,0.99625003,0.7595603,0.0,0.0,1.0,56.614994,1.4574513,0.9718822,0.0732803,0.64276415,0.0
2121,1.0337491,1.0598814,1.0825601,0.6857974,0.0,0.0,1.0,60.067608,1.0337491,1.1305649,0.0880154,0.77201027,0.0
2122,1.4519652,1.1452868,1.061329,0.790512,0.0,0.0,1.0,56.599865,1.4519652,0.9711869,0.08768008,0.7690691,0.0
2123,1.2236192,1.0986555,0.96742874,0.7827893,0.0,0.0,1.0,56.599865,1.2236192,0.9711869,0.10054047,0.8818715,0.0
2124,0.7493096,0.9131272,0.86800236,0.77244383,0.0,0.0,1.0,55.84813,0.31511736,0.936637,0.108074926,0.9479586,0.0
2125,0.9468402,1.0229802,0.806479,0.8743645,0.0,0.0,1.0,61.220463,0.85304976,1.1835502,0.10021909,0.87905264,0.0
2126,0.65869045,0.9832894,0.82579,0.77319,0.0,0.0,1.0,34.41747,0.65869045,0.0,0.09238487,0.81033623,0.0
2127,0.8645082,1.022188,0.9555144,0.71173286,0.0,0.0,1.0,31.57754,0.8491702,0.0,0.11989165,1.0516068,1.0
2128,0.9212713,1.036912,0.9855803,0.7570705,0.0,0.0,1.0,31.57754,0.9212713,0.0,0.08450514,0.7412207,0.0
2129,1.452404,1.1404197,1.0451679,0.79415244,0.0,0.0,1.0,29.569363,1.4281319,0.0,0.11954421,1.0485592,1.0
2130,0.6885083,0.98937863,0.7931381,0.77969193,0.0,0.0,1.0,25.32469,0.6885083,0.0,0.093404084,0.8192761,0.0
2131,0.8400164,1.0203186,0.9283554,0.7846023,0.0,0.0,1.0,25.303022,0.8400164,0.0,0.09395517,0.8241098,0.0
2132,0.2950046,0.9090199,0.9336084,0.7672645,0.0,0.0,1.0,22.86886,0.2950046,0.0,0.08694039,0.76258105,0.0
2133,0.0,0.8193408,0.75370926,0.67354757,0.0,0.0,1.0,22.903833,0.0,0.0,0.09254115,0.811707,0.0
2134,0.761103,1.0042034,0.8224221,0.7627879,0.0,0.0,1.0,25.72186,0.761103,0.0,0.09028663,0.7919319,0.0
2135,0.73357254,0.99858135,0.9101305,0.71300524,0.0,0.0,1.0,25.72186,0.73357254,0.0,0.09334253,0.81873614,0.0
2136,0.6731061,0.9862333,1.0200161,0.77537286,0.0,0.0,1.0,43.528683,0.6731061,0.37043342,0.08396154,0.7364526,0.0
2137,0.83715373,1.019734,0.94973606,0.6228821,0.0,0.0,1.0,43.528683,0.83715373,0.37043342,0.09910368,0.869269,0.0
2138,1.3424926,1.122931,1.0665499,0.59331435,0.0,0.0,1.0,43.528683,1.3424926,0.37043342,0.08676063,0.7610043,0.0
2139,0.53937835,0.9589243,1.0031551,0.8555366,0.0,0.0,1.0,42.30665,0.53937835,0.31426853,0.107924655,0.9466405,0.0
2140,2.1384332,1.2635384,1.0992666,0.8321079,0.0,0.0,1.0,42.69165,2.031024,0.3319633,0.13123442,1.1510977,1.0
2141,1.0330825,1.0597453,1.4133124,0.6603856,0.0,0.0,1.0,44.935123,1.0330825,0.43507364,0.095952675,0.8416306,0.0
2142,1.4437668,1.1152984,1.1001991,0.74314994,0.0,0.0,1.0,44.935123,1.3051169,0.43507364,0.14861296,1.3035302,1.0
2143,1.5924922,1.1640596,1.212228,0.7777615,0.0,0.0,1.0,42.69165,1.5438927,0.3319633,0.12426181,1.0899388,1.0
2144,1.0912321,1.0716202,1.0578552,0.83867353,0.0,0.0,1.0,42.69165,1.0912321,0.3319633,0.09536427,0.8364695,0.0
2145,2.0283818,1.2629988,1.0452676,0.7506072,0.0,0.0,1.0,42.69165,2.0283818,0.3319633,0.10511184,0.9219684,0.0
2146,1.8074126,1.2178739,1.3516637,0.7548092,0.0,0.0,1.0,41.565575,1.8074126,0.28020868,0.073675886,0.646234,0.0
2147,1.8281718,1.2221133,1.2348275,0.80704963,0.0,0.0,1.0,42.350056,1.8281718,0.31626356,0.0819761,0.7190377,0.0
2148,1.614398,1.1404507,1.0012189,0.8276729,0.0,0.0,1.0,43.524174,1.4282837,0.37022617,0.15645368,1.3723036,1.0
2149,1.5505624,1.1646178,1.0650985,0.7118119,0.0,0.0,1.0,43.524174,1.5466259,0.37022617,0.114837155,1.0072721,1.0
2150,2.3972905,1.3383349,1.3537902,0.5317882,0.0,0.0,1.0,43.432083,2.3972905,0.36599368,0.07373517,0.64675397,0.0
2151,2.0129995,1.2598575,1.3847222,0.648713,0.0,0.0,1.0,43.432083,2.0129995,0.36599368,0.08413166,0.7379448,0.0
2152,1.8210151,1.2206517,1.1913071,0.7500941,0.0,0.0,1.0,45.120777,1.8210151,0.44360632,0.11273724,0.98885316,0.0
2153,2.1332653,1.2505019,1.0309901,0.84216565,0.0,0.0,1.0,45.120777,1.9671863,0.44360632,0.14150834,1.2412133,1.0
2154,1.8924228,1.2352341,1.1656362,0.79945487,0.0,0.0,1.0,41.47249,1.8924228,0.27593043,0.11300455,0.9911978,0.0
2155,0.61943394,0.9752727,1.0161246,0.81125116,0.0,0.0,1.0,40.668278,0.61943394,0.23896879,0.08579629,0.7525458,0.0
2156,1.2119045,1.0962632,1.1613325,0.8151173,0.0,0.0,1.0,40.668278,1.2119045,0.23896879,0.1129777,0.9909623,0.0
2157,1.4727712,1.1495357,1.0575804,0.8202831,0.0,0.0,1.0,35.147026,1.4727712,0.0,0.09356636,0.82069945,0.0
2158,1.1923729,1.0922745,0.9653953,0.80345815,0.0,0.0,1.0,40.668278,1.1923729,0.23896879,0.10975294,0.96267694,0.0
2159,0.9512976,1.0430437,1.0347364,0.7235924,0.0,0.0,1.0,35.147026,0.9512976,0.0,0.0879181,0.77115685,0.0
2160,1.3230146,1.1189533,1.0006286,0.67226386,0.0,0.0,1.0,30.784445,1.3230146,0.0,0.07800839,0.6842357,0.0
2161,0.9642854,1.045696,1.0122823,0.83141595,0.0,0.0,1.0,33.37513,0.9642854,0.0,0.1033066,0.9061341,0.0
2162,0.41130862,0.9327707,0.89413136,0.8668203,0.0,0.0,1.0,31.70293,0.41130862,0.0,0.07729661,0.6779924,0.0
2163,1.3935899,1.1333658,0.9206013,0.8026937,0.0,0.0,1.0,36.593388,1.3935899,0.05168623,0.08467239,0.7426877,0.0
2164,0.54614574,0.9603063,0.8979077,0.79370373,0.0,0.0,1.0,36.593388,0.54614574,0.05168623,0.10366088,0.9092416,0.0
2165,1.8292173,1.2223268,1.0489782,0.78474855,0.0,0.0,1.0,41.19873,1.8292173,0.26334846,0.092269,0.8093199,0.0
2166,1.4857252,1.152181,1.0121915,0.70512605,0.0,0.0,1.0,43.226616,1.4857252,0.3565504,0.09372062,0.82205254,0.0
2167,2.4803128,1.3552892,1.2445692,0.780167,0.0,0.0,1.0,41.19873,2.4803128,0.26334846,0.10853046,0.9519542,0.0
2168,1.333326,1.1210591,1.224765,0.76097715,0.0,0.0,1.0,42.97857,1.333326,0.3451501,0.09810266,0.8604887,0.0
2169,1.4915557,1.1533717,1.2561038,0.64405614,0.0,0.0,1.0,43.432083,1.4915557,0.36599368,0.09496962,0.83300793,0.0
2170,1.1416603,1.0819184,1.1780078,0.7734941,0.0,0.0,1.0,46.55909,1.1416603,0.5097114,0.10057191,0.88214725,0.0
2171,1.6976084,1.1954504,1.0940986,0.74797225,0.0,0.0,1.0,42.97857,1.6976084,0.3451501,0.105787106,0.9278914,0.0
2172,0.73202735,0.9982658,1.0960004,0.80025524,0.0,0.0,1.0,40.701843,0.73202735,0.24051146,0.11302244,0.99135476,0.0
2173,1.2545601,1.104974,1.2275608,0.7290583,0.0,0.0,1.0,42.577065,1.2545601,0.3266969,0.07924232,0.6950589,0.0
2174,2.1483378,1.2800592,1.0181513,0.79042983,0.0,0.0,1.0,43.226616,2.111924,0.3565504,0.11962444,1.049263,1.0
2175,1.6406304,1.1838148,1.1894867,0.6761292,0.0,0.0,1.0,43.226616,1.6406304,0.3565504,0.10293138,0.90284294,0.0
2176,2.2291157,1.2919213,1.0855776,0.8508868,0.0,0.0,1.0,44.964367,2.1700103,0.43641767,0.122880325,1.0778213,1.0
2177,1.3502233,1.1061418,0.97527266,0.77722955,0.0,0.0,1.0,44.964367,1.2602786,0.43641767,0.13725561,1.2039113,1.0
2178,1.199894,1.0922989,1.1185945,0.76931745,0.0,0.0,1.0,50.57578,1.1924919,0.694319,0.116029985,1.0177349,1.0
2179,1.3082592,1.1159401,1.2039616,0.78868866,0.0,0.0,1.0,50.57578,1.3082592,0.694319,0.09359657,0.82096446,0.0
2180,1.0641788,1.0660956,1.0907266,0.74183613,0.0,0.0,1.0,51.675472,1.0641788,0.74486107,0.09700737,0.85088164,0.0
2181,1.6524454,1.1862276,0.9999063,0.7667971,0.0,0.0,1.0,53.11544,1.6524454,0.81104225,0.08526641,0.74789804,0.0
2182,1.4047266,1.1292323,1.0645199,0.80564386,0.0,0.0,1.0,53.94861,1.373349,0.8493348,0.12145038,1.0652788,1.0
2183,1.7325323,1.2025824,1.1216426,0.8401548,0.0,0.0,1.0,53.94861,1.7325323,0.8493348,0.10008292,0.8778582,0.0
2184,0.67946786,0.94822925,0.9198171,0.8012157,0.0,0.0,1.0,53.94861,0.4870065,0.8493348,0.08955236,0.7854914,0.0
2185,0.937834,1.0402943,0.98734117,0.76748145,0.0,0.0,1.0,53.96209,0.937834,0.84995437,0.1081424,0.9485504,0.0
2186,2.103836,1.2784076,1.099611,0.7135281,0.0,0.0,1.0,55.542988,2.103836,0.92261267,0.089502856,0.7850572,0.0
2187,1.1123222,1.0759271,0.9735006,0.90985274,0.0,0.0,1.0,57.22212,1.1123222,0.9997858,0.09921804,0.8702721,0.0
2188,0.79982865,0.99836284,1.0175525,0.7814293,0.0,0.0,1.0,57.22212,0.7325025,0.9997858,0.078276575,0.68658805,0.0
2189,1.913868,1.2396135,1.0677844,0.7475061,0.0,0.0,1.0,55.823235,1.913868,0.9354929,0.075014986,0.6579796,0.0
2190,1.5254118,1.1602856,1.1098765,0.7961576,0.0,0.0,1.0,57.22212,1.5254118,0.9997858,0.07922607,0.6949163,0.0
2191,1.0270845,1.0585204,0.99246484,0.8269902,0.0,0.0,1.0,57.22212,1.0270845,0.9997858,0.07389545,0.6481598,0.0
2192,0.8637744,1.0251703,0.8988344,0.79676455,0.0,0.0,1.0,58.71683,0.8637744,1.068483,0.085775025,0.7523593,0.0
2193,0.14040552,0.8774487,0.9278278,0.84536827,0.0,0.0,1.0,32.93034,0.14040552,0.0,0.09005784,0.78992516,0.0
2194,0.17680663,0.8848823,1.0062184,0.6759851,0.0,0.0,1.0,32.93034,0.17680663,0.0,0.06712929,0.58881176,0.0
2195,0.20148459,0.88992184,0.88857883,0.83263415,0.0,0.0,1.0,32.092056,0.20148459,0.0,0.07040057,0.6175052,0.0
2196,0.0,0.7718606,0.84143883,0.7373316,0.0,0.0,1.0,32.092056,0.0,0.0,0.071596324,0.62799346,0.0
2197,0.35373846,0.92101413,0.7809069,0.74574363,0.0,0.0,1.0,33.133156,0.35373846,0.0,0.10887999,0.95502007,0.0
2198,0.29526496,0.90907305,0.78361917,0.68686885,0.0,0.0,1.0,32.092056,0.29526496,0.0,0.10449416,0.9165506,0.0
2199,0.31933698,0.9139889,0.9203147,0.7519096,0.0,0.0,1.0,31.150345,0.31933698,0.0,0.09652063,0.8466123,0.0
2200,0.41500083,0.9335247,0.866103,0.813828,0.0,0.0,1.0,32.092056,0.41500083,0.0,0.10134292,0.88891006,0.0
2201,0.08231292,0.8655854,0.780524,0.7255645,0.0,0.0,1.0,32.092056,0.08231292,0.0,0.10614803,0.93105716,0.0
2202,0.80049706,0.9689395,0.904536,0.7910926,0.0,0.0,1.0,57.2403,0.5884211,1.0006213,0.0697647,0.61192775,0.0
2203,1.4655117,1.1480532,0.9772206,0.7358594,0.0,0.0,1.0,57.2403,1.4655117,1.0006213,0.08741101,0.76670897,0.0
2204,0.7655317,0.80179405,0.78551286,0.6848323,0.0,0.0,1.0,56.28933,0.0,0.95691466,0.089405626,0.78420436,0.0
2205,0.6742678,0.8966802,0.90548754,0.7524215,0.0,0.0,1.0,53.807182,0.23457904,0.8428348,0.09170581,0.80437994,0.0
2206,0.79521257,1.0111691,0.9156408,0.76966745,0.0,0.0,1.0,51.344173,0.79521257,0.7296345,0.10148353,0.8901434,0.0
2207,1.5736575,1.170138,0.95143455,0.76990557,0.0,0.0,1.0,51.344173,1.5736575,0.7296345,0.07279603,0.6385165,0.0
2208,0.44297168,0.823265,0.84583455,0.7501499,0.0,0.0,1.0,47.51651,0.0,0.5537146,0.08382959,0.73529524,0.0
2209,0.40702856,0.9318967,0.9007222,0.7508409,0.0,0.0,1.0,44.971615,0.40702856,0.4367508,0.09240099,0.8104776,0.0
2210,0.28549686,0.90053666,0.9702011,0.8217082,0.0,0.0,1.0,43.233593,0.2534636,0.35687107,0.103040114,0.9037967,0.0
2211,0.44154796,0.938946,0.8907119,0.7880363,0.0,0.0,1.0,39.694695,0.44154796,0.19422276,0.071516074,0.6272896,0.0
2212,1.2913871,1.1124946,0.9691074,0.81129307,0.0,0.0,1.0,39.694695,1.2913871,0.19422276,0.07369359,0.64638925,0.0
2213,0.39810684,0.93007475,0.81103355,0.66967845,0.0,0.0,1.0,38.84331,0.39810684,0.15509306,0.099294156,0.87093973,0.0
2214,0.6290897,0.97724456,0.8985337,0.74664223,0.0,0.0,1.0,40.38434,0.6290897,0.22591889,0.066500045,0.5832924,0.0
2215,0.87610203,1.0276878,0.97553027,0.7074305,0.0,0.0,1.0,37.943794,0.87610203,0.11375112,0.07784606,0.6828118,0.0
2216,0.24649552,0.8005296,0.8150655,0.7501941,0.0,0.0,1.0,42.172855,0.0,0.3081194,0.07138977,0.6261817,0.0
2217,0.70832247,0.99342495,0.87005866,0.7444025,0.0,0.0,1.0,41.26393,0.70832247,0.2663451,0.090616755,0.7948276,0.0
2218,0.2821659,0.90639806,0.82576823,0.711238,0.0,0.0,1.0,41.26393,0.2821659,0.2663451,0.11065842,0.9706192,0.0
2219,0.6413563,0.97974956,0.9427034,0.7866692,0.0,0.0,1.0,40.283783,0.6413563,0.22129735,0.100673564,0.88303894,0.0
2220,0.26778325,0.9034609,0.8607865,0.7364033,0.0,0.0,1.0,40.283783,0.26778325,0.22129735,0.08329074,0.7305688,0.0
2221,0.0,0.6947338,0.92529684,0.822739,0.0,0.0,1.0,22.582113,0.0,0.0,0.07886068,0.69171137,0.0
2222,0.066914216,0.86244076,0.8060102,0.8059792,0.0,0.0,1.0,22.201017,0.066914216,0.0,0.07559439,0.66306174,0.0
2223,0.050567504,0.85910255,0.8178578,0.79051703,0.0,0.0,1.0,22.201017,0.050567504,0.0,0.09524965,0.8354641,0.0
2224,1.6140424,1.1783851,1.2039964,0.77803737,0.0,0.0,1.0,22.586943,1.6140424,0.0,0.08226568,0.7215777,0.0
2225,0.8917389,1.030881,0.9766509,0.81165546,0.0,0.0,1.0,20.365496,0.8917389,0.0,0.09383586,0.8230633,0.0
2226,1.6970135,1.195329,1.1784637,0.7715157,0.0,0.0,1.0,18.333057,1.6970135,0.0,0.100282416,0.87960804,0.0
2227,0.409926,0.9324884,1.03384,0.74581033,0.0,0.0,1.0,17.745485,0.409926,0.0,0.0705371,0.61870265,0.0
2228,0.44803983,0.94027174,0.75043386,0.7358831,0.0,0.0,1.0,16.191109,0.44803983,0.0,0.09653194,0.8467115,0.0
2229,1.1992646,1.0936819,1.0629239,0.76645476,0.0,0.0,1.0,14.867582,1.1992646,0.0,0.07831512,0.68692607,0.0
2230,0.7758963,1.0072244,1.0378724,0.772847,0.0,0.0,1.0,25.687864,0.7758963,0.0,0.08085827,0.70923287,0.0
2231,0.4947225,0.94980496,0.9680145,0.7809614,0.0,0.0,1.0,25.211071,0.4947225,0.0,0.07283436,0.63885266,0.0
2232,0.41381493,0.93328255,1.0200751,0.7510886,0.0,0.0,1.0,21.82607,0.41381493,0.0,0.08139393,0.71393126,0.0
2233,1.1428652,1.0821644,0.9981124,0.81146663,0.0,0.0,1.0,22.243216,1.1428652,0.0,0.0898972,0.7885161,0.0
2234,0.0,0.83507085,0.88977027,0.7535273,0.0,0.0,1.0,23.6218,0.0,0.0,0.09047295,0.7935662,0.0
2235,1.0935436,1.0720923,1.0032693,0.91060424,0.0,0.0,1.0,26.713556,1.0935436,0.0,0.07547193,0.6619876,0.0
2236,0.8817842,1.0288482,1.0602643,0.6613716,0.0,0.0,1.0,27.949846,0.8817842,0.0,0.08625583,0.75657654,0.0
2237,1.5370425,1.1626607,1.1931711,0.7539104,0.0,0.0,1.0,26.224815,1.5370425,0.0,0.092865825,0.81455487,0.0
2238,1.2862431,1.1114441,1.0234346,0.7495759,0.0,0.0,1.0,23.6218,1.2862431,0.0,0.10393093,0.9116103,0.0
2239,0.80136174,1.0124248,1.0466592,0.8024648,0.0,0.0,1.0,26.713556,0.80136174,0.0,0.08163262,0.71602494,0.0
2240,0.73746014,0.9925617,1.191236,0.7646586,0.0,0.0,1.0,26.224815,0.70409524,0.0,0.12944373,1.135391,1.0
2241,1.1568214,1.0850145,0.8669994,0.78037566,0.0,0.0,1.0,29.138899,1.1568214,0.0,0.11166355,0.9794355,0.0
2242,1.7035007,1.1966537,0.99554753,0.8145063,0.0,0.0,1.0,26.713556,1.7035007,0.0,0.110717215,0.9711349,0.0
2243,1.1127893,1.0760225,0.97648907,0.7368474,0.0,0.0,1.0,26.713556,1.1127893,0.0,0.09541615,0.83692455,0.0
2244,0.6233564,0.97607374,0.89771813,0.7490892,0.0,0.0,1.0,26.713556,0.6233564,0.0,0.09031007,0.7921375,0.0
2245,1.0040355,1.0390556,0.9037054,0.810893,0.0,0.0,1.0,26.224815,0.93176824,0.0,0.13927202,1.2215979,1.0
2246,1.2479936,1.103633,0.88902617,0.8269421,0.0,0.0,1.0,20.815718,1.2479936,0.0,0.110045314,0.96524143,0.0
2247,1.427338,1.1402576,1.0516287,0.89737344,0.0,0.0,1.0,26.224815,1.427338,0.0,0.10598044,0.9295872,0.0
2248,1.385272,1.1316671,1.0607305,0.7805186,0.0,0.0,1.0,23.188288,1.385272,0.0,0.091090776,0.79898536,0.0
2249,0.0,0.78100514,0.8805095,0.8751078,0.0,0.0,1.0,17.647282,0.0,0.0,0.09968977,0.87440974,0.0
2250,1.0870215,1.0707604,0.8875988,0.74680716,0.0,0.0,1.0,17.389877,1.0870215,0.0,0.10550968,0.925458,0.0
2251,0.8689686,1.026231,0.9338181,0.74067205,0.0,0.0,1.0,17.389877,0.8689686,0.0,0.06417234,0.56287545,0.0
2252,0.9162686,1.0358903,0.99576074,0.79892546,0.0,0.0,1.0,21.123322,0.9162686,0.0,0.07857626,0.6892167,0.0
2253,0.79410344,1.0109426,0.9436896,0.734918,0.0,0.0,1.0,17.647282,0.79410344,0.0,0.06664654,0.5845774,0.0
2254,1.1889077,1.0915669,0.8778491,0.8007294,0.0,0.0,1.0,21.123322,1.1889077,0.0,0.08755568,0.7679779,0.0
2255,0.46519035,0.9437741,0.97406864,0.7075096,0.0,0.0,1.0,26.713556,0.46519035,0.0,0.086306155,0.75701797,0.0
2256,1.0698464,1.067253,0.9888113,0.8562383,0.0,0.0,1.0,21.123322,1.0698464,0.0,0.10474498,0.9187506,0.0
2257,0.38982493,0.92838347,0.8492288,0.7675748,0.0,0.0,1.0,23.188288,0.38982493,0.0,0.10271842,0.900975,0.0
2258,0.92330575,1.0370289,0.94260025,0.8395438,0.0,0.0,1.0,26.768902,0.92184395,0.0,0.114524595,1.0045307,1.0
2259,0.69956213,0.991636,1.0720736,0.73621947,0.0,0.0,1.0,25.84923,0.69956213,0.0,0.10405372,0.91268736,0.0
2260,1.2323647,1.0840073,0.98765296,0.79406697,0.0,0.0,1.0,23.267717,1.1518893,0.0,0.13676532,1.1996108,1.0
2261,0.90528125,1.0336466,0.8159897,0.7811653,0.0,0.0,1.0,22.93168,0.90528125,0.0,0.08575793,0.7522093,0.0
2262,1.8821306,1.2331324,1.2679884,0.60047734,0.0,0.0,1.0,24.352818,1.8821306,0.0,0.07333516,0.6432454,0.0
2263,0.57960886,0.9671399,0.85241604,0.7917792,0.0,0.0,1.0,25.477634,0.57960886,0.0,0.08985845,0.78817624,0.0
2264,0.56867844,0.96490777,0.92056304,0.7348933,0.0,0.0,1.0,25.477634,0.56867844,0.0,0.08393634,0.73623157,0.0
2265,1.1499478,1.0836108,0.896999,0.87926185,0.0,0.0,1.0,23.6705,1.1499478,0.0,0.092022195,0.80715513,0.0
2266,0.7816574,1.0074502,0.98922634,0.7868401,0.0,0.0,1.0,22.324697,0.7770019,0.0,0.11595976,1.0171189,1.0
2267,0.61568886,0.9745079,0.7905569,0.7936491,0.0,0.0,1.0,23.199627,0.61568886,0.0,0.09731464,0.8535768,0.0
2268,1.7859645,1.213494,0.9867865,0.8227089,0.0,0.0,1.0,20.9051,1.7859645,0.0,0.08354461,0.7327956,0.0
2269,1.371269,1.1288075,1.059333,0.77210855,0.0,0.0,1.0,20.9051,1.371269,0.0,0.07065462,0.6197335,0.0
2270,1.1739235,1.0885069,1.0217198,0.7786765,0.0,0.0,1.0,22.324697,1.1739235,0.0,0.06643998,0.5827656,0.0
2271,3.4333453,1.5499113,1.4819713,0.7614043,0.0,0.0,1.0,22.680876,3.4333453,0.0,0.06841139,0.6000574,0.0
2272,0.8182356,1.0158707,0.9634134,0.73127466,0.0,0.0,1.0,24.85596,0.8182356,0.0,0.08133771,0.7134382,0.0
2273,0.5690059,0.96497464,0.98441416,0.7854752,0.0,0.0,1.0,28.518969,0.5690059,0.0,0.07199175,0.63146186,0.0
2274,1.9047871,1.2377591,1.1396688,0.84445703,0.0,0.0,1.0,24.85596,1.9047871,0.0,0.081663154,0.71629274,0.0
2275,1.4895312,1.1529583,0.9114,0.8052582,0.0,0.0,1.0,25.68445,1.4895312,0.0,0.098151185,0.86091435,0.0
2276,0.7865702,1.0094042,0.90917695,0.79958177,0.0,0.0,1.0,27.136068,0.7865702,0.0,0.07925436,0.69516444,0.0
2277,0.86045694,1.0244929,0.83484185,0.8260621,0.0,0.0,1.0,31.259064,0.86045694,0.0,0.087448314,0.7670362,0.0
2278,0.84776217,1.0219004,0.9235304,0.8263332,0.0,0.0,1.0,34.42498,0.84776217,0.0,0.10412617,0.9133228,0.0
2279,0.58553886,0.9683509,0.9082162,0.75389755,0.0,0.0,1.0,31.259064,0.58553886,0.0,0.073481515,0.64452904,0.0
2280,0.9663711,1.046122,1.0198829,0.7469637,0.0,0.0,1.0,27.136068,0.9663711,0.0,0.07420409,0.650867,0.0
2281,0.9262571,1.0379301,0.8590089,0.75994265,0.0,0.0,1.0,25.68445,0.9262571,0.0,0.07846594,0.688249,0.0
2282,1.4807966,1.1511745,1.109083,0.759309,0.0,0.0,1.0,31.2183,1.4807966,0.0,0.060450796,0.5302326,0.0
2283,1.1686972,1.0874397,1.0318569,0.64955324,0.0,0.0,1.0,27.136068,1.1686972,0.0,0.08223252,0.72128683,0.0
2284,1.5093682,1.1570092,1.3457211,0.9571976,0.0,0.0,1.0,12.721334,1.5093682,0.0,0.08196048,0.7189007,0.0
2285,1.3221874,1.1187844,1.0584993,0.6053872,0.0,0.0,1.0,15.146309,1.3221874,0.0,0.09393175,0.8239044,0.0
2286,0.0,0.83640563,0.7487227,0.6657817,0.0,0.0,1.0,16.02352,0.0,0.0,0.09823748,0.86167127,0.0
2287,0.6373226,0.9789258,1.0708357,0.6011158,0.0,0.0,1.0,17.477957,0.6373226,0.0,0.07907151,0.6935606,0.0
2288,0.7438421,1.0006785,0.82578224,0.7072712,0.0,0.0,1.0,17.494814,0.7438421,0.0,0.100248195,0.87930787,0.0
2289,1.1168008,1.0768417,1.0820893,0.76771647,0.0,0.0,1.0,18.211695,1.1168008,0.0,0.08802782,0.7721192,0.0
2290,0.3538984,0.9210468,0.8998686,0.73234445,0.0,0.0,1.0,18.294483,0.3538984,0.0,0.096462354,0.8461011,0.0
2291,0.32921198,0.9160055,0.8395043,0.77247614,0.0,0.0,1.0,18.294483,0.32921198,0.0,0.08232403,0.72208947,0.0
2292,0.16883291,0.88325393,0.7366908,0.81932324,0.0,0.0,1.0,21.426546,0.16883291,0.0,0.08947939,0.7848514,0.0
2293,1.2028044,1.0944048,1.0594512,0.74696016,0.0,0.0,1.0,26.097357,1.2028044,0.0,0.075474456,0.6620098,0.0
2294,1.2175195,1.0974098,0.92664784,0.7192036,0.0,0.0,1.0,51.838203,1.2175195,0.7523402,0.09721182,0.85267496,0.0
2295,0.60277194,0.96442187,0.8665141,0.84493536,0.0,0.0,1.0,51.862675,0.5662991,0.75346494,0.0832385,0.7301106,0.0
2296,1.223273,1.0985848,1.1241626,0.70730674,0.0,0.0,1.0,51.862675,1.223273,0.75346494,0.0751824,0.6594481,0.0
2297,1.2083623,1.0955398,0.88783574,0.7848345,0.0,0.0,1.0,51.838203,1.2083623,0.7523402,0.08774275,0.7696188,0.0
2298,1.0474573,1.0626808,0.9009091,0.77388346,0.0,0.0,1.0,49.913254,1.0474573,0.66386926,0.08570737,0.7517658,0.0
2299,1.5857744,1.1726124,0.94382787,0.808609,0.0,0.0,1.0,46.604362,1.5857744,0.5117921,0.08349398,0.7323515,0.0
2300,1.230086,1.0999761,1.0057214,0.7584034,0.0,0.0,1.0,49.913254,1.230086,0.66386926,0.09770376,0.85698986,0.0
2301,0.5349909,0.9580283,0.9844639,0.7037614,0.0,0.0,1.0,49.913254,0.5349909,0.66386926,0.062240724,0.5459326,0.0
2302,0.81087923,1.0143684,0.9133037,0.70735353,0.0,0.0,1.0,55.598576,0.81087923,0.9251675,0.07540368,0.661389,0.0
2303,0.8252324,1.0172995,0.88744384,0.74719405,0.0,0.0,1.0,51.838203,0.8252324,0.7523402,0.06767644,0.59361094,0.0
2304,0.60187215,0.9033319,0.8750246,0.7130545,0.0,0.0,1.0,51.838203,0.26715133,0.7523402,0.0929918,0.8156598,0.0
2305,0.6206776,0.9755267,1.0723627,0.7740263,0.0,0.0,1.0,50.850117,0.6206776,0.7069276,0.09134915,0.8012516,0.0
2306,0.5655421,0.95425826,0.9965092,0.6363567,0.0,0.0,1.0,50.850117,0.51652956,0.7069276,0.07007915,0.61468583,0.0
2307,0.92071676,1.0367987,0.97365004,0.7065923,0.0,0.0,1.0,46.863823,0.92071676,0.523717,0.08380313,0.7350632,0.0
2308,0.36039934,0.76387966,0.91646093,0.7465884,0.0,0.0,1.0,45.270752,0.0,0.45049918,0.075156584,0.65922165,0.0
2309,1.2651109,1.1071286,1.1341996,0.6649932,0.0,0.0,1.0,44.546787,1.2651109,0.41722566,0.07596945,0.6663515,0.0
2310,1.0921345,1.0718045,0.86559826,0.7435246,0.0,0.0,1.0,44.546787,1.0921345,0.41722566,0.10087764,0.884829,0.0
2311,0.7130675,0.99439394,0.95691866,0.63903356,0.0,0.0,1.0,40.945988,0.7130675,0.25173238,0.08759166,0.76829356,0.0
2312,1.1740843,1.0797354,1.4388987,0.9059859,0.0,0.0,1.0,38.91977,1.1309707,0.15860708,0.12642547,1.1089169,1.0
2313,0.81476814,1.0151626,0.7872528,0.7947729,0.0,0.0,1.0,44.546787,0.81476814,0.41722566,0.0882047,0.7736707,0.0
2314,0.8106398,1.0123783,0.9037198,0.68805146,0.0,0.0,1.0,45.421898,0.8011341,0.45744586,0.11787302,1.0339007,1.0
2315,0.52680707,0.95635706,0.8224826,0.6862087,0.0,0.0,1.0,23.968098,0.52680707,0.0,0.104373656,0.9154936,0.0
2316,0.38305384,0.9261457,0.8124794,0.78443676,0.0,0.0,1.0,24.775846,0.3788668,0.0,0.11760795,1.0315757,1.0
2317,0.65752995,0.98305243,0.8490884,0.6777462,0.0,0.0,1.0,25.184507,0.65752995,0.0,0.106215574,0.9316496,0.0
2318,1.3828652,1.1311756,0.94464207,0.7074541,0.0,0.0,1.0,25.184507,1.3828652,0.0,0.07981133,0.7000498,0.0
2319,0.38849747,0.9281124,0.8047867,0.7032051,0.0,0.0,1.0,26.173113,0.38849747,0.0,0.09350498,0.82016104,0.0
2320,0.7144188,0.9946699,0.8165218,0.76630527,0.0,0.0,1.0,26.173113,0.7144188,0.0,0.097719975,0.8571321,0.0
2321,0.61253107,0.97386307,0.93156916,0.6495093,0.0,0.0,1.0,24.775846,0.61253107,0.0,0.0930932,0.81654924,0.0
2322,0.4606071,0.94112617,0.832814,0.7019653,0.0,0.0,1.0,23.231434,0.45222384,0.0,0.12004655,1.0529654,1.0
2323,0.9849781,1.0499218,1.0244654,0.69461447,0.0,0.0,1.0,37.48748,0.9849781,0.09277886,0.09848646,0.8638552,0.0
2324,1.176663,1.0890664,0.9589886,0.6916836,0.0,0.0,1.0,37.48748,1.176663,0.09277886,0.07380754,0.6473887,0.0
2325,1.0324123,1.0596085,0.83626854,0.7481183,0.0,0.0,1.0,34.927643,1.0324123,0.0,0.08020338,0.7034886,0.0
2326,1.1555982,1.0774611,1.0238593,0.73383033,0.0,0.0,1.0,33.634808,1.119834,0.0,0.124411196,1.091249,1.0
2327,0.86957526,1.0201308,0.9748061,0.74463296,0.0,0.0,1.0,30.371868,0.8390964,0.0,0.12583995,1.1037811,1.0
2328,1.5650257,1.1683753,1.1829073,0.6932006,0.0,0.0,1.0,30.365444,1.5650257,0.0,0.0844824,0.7410213,0.0
2329,0.9403173,1.0408014,1.0453745,0.74038464,0.0,0.0,1.0,31.539059,0.9403173,0.0,0.10133165,0.88881123,0.0
2330,1.4771651,1.150433,1.1240635,0.74339956,0.0,0.0,1.0,33.624405,1.4771651,0.0,0.09256119,0.8118828,0.0
2331,2.1285667,1.2798446,1.1860776,0.69350284,0.0,0.0,1.0,31.905302,2.1108732,0.0,0.116738416,1.0239487,1.0
2332,1.632383,1.1773766,1.0574932,0.7576334,0.0,0.0,1.0,33.643917,1.6091039,0.0,0.11872057,1.0413347,1.0
2333,1.5285803,1.1601766,1.049173,0.7536825,0.0,0.0,1.0,37.528645,1.5248784,0.09467078,0.11479886,1.0069363,1.0
2334,1.2571917,1.1055114,1.1270887,0.73833215,0.0,0.0,1.0,34.565063,1.2571917,0.0,0.09592131,0.84135544,0.0
2335,1.7757324,1.2076405,1.084137,0.75447047,0.0,0.0,1.0,31.913944,1.7573013,0.0,0.11742449,1.0299665,1.0
2336,1.7171954,1.1994504,1.1207056,0.71518344,0.0,0.0,1.0,30.653725,1.7171954,0.0,0.10121714,0.88780683,0.0
2337,1.1717689,1.0880669,1.1279665,0.7323665,0.0,0.0,1.0,30.644245,1.1717689,0.0,0.11239936,0.98588955,0.0
2338,0.3973614,0.9299225,1.0566062,0.71870935,0.0,0.0,1.0,30.653725,0.3973614,0.0,0.09770542,0.8570044,0.0
2339,0.34848145,0.9188271,1.0027337,0.77323663,0.0,0.0,1.0,28.95416,0.343029,0.0,0.119185664,1.0454143,1.0
2340,0.17017947,0.882749,0.9668555,0.73577434,0.0,0.0,1.0,24.842268,0.16636044,0.0,0.12148584,1.0655898,1.0
2341,0.3580334,0.9218912,0.9573048,0.7352278,0.0,0.0,1.0,22.471483,0.3580334,0.0,0.100282915,0.87961245,0.0
2342,0.42867017,0.9363162,0.8584687,0.71852225,0.0,0.0,1.0,22.471483,0.42867017,0.0,0.10941422,0.95970595,0.0
2343,0.4445944,0.93924975,0.8665584,0.6631946,0.0,0.0,1.0,12.5293,0.44303533,0.0,0.11515435,1.0100543,1.0
2344,0.6581982,0.98155,0.9596204,0.76999664,0.0,0.0,1.0,12.5293,0.65017265,0.0,0.11802885,1.0352675,1.0
2345,1.1034948,1.0741245,0.905875,0.77127904,0.0,0.0,1.0,13.858088,1.1034948,0.0,0.10438411,0.9155853,0.0
2346,0.048270103,0.858533,0.9429586,0.68467504,0.0,0.0,1.0,13.858088,0.047778647,0.0,0.117358625,1.0293888,1.0
2347,0.7170927,0.99521595,0.79894525,0.76097536,0.0,0.0,1.0,13.858088,0.7170927,0.0,0.1080606,0.9478329,0.0
2348,0.6496429,0.9814418,0.9168494,0.7461893,0.0,0.0,1.0,13.858088,0.6496429,0.0,0.10525505,0.92322457,0.0
2349,0.58881867,0.96902066,0.83796626,0.7610633,0.0,0.0,1.0,14.171179,0.58881867,0.0,0.092536144,0.8116631,0.0
2350,1.2886277,1.1119311,1.001613,0.7702953,0.0,0.0,1.0,12.728227,1.2886277,0.0,0.09609439,0.84287363,0.0
2351,0.7845603,1.0089937,0.87424475,0.781498,0.0,0.0,1.0,12.084805,0.7845603,0.0,0.09757654,0.855874,0.0
2352,0.75985956,1.0039495,0.8265214,0.7400898,0.0,0.0,1.0,12.728227,0.75985956,0.0,0.111372,0.9768782,0.0
2353,0.6149081,0.9743485,0.85029995,0.6743659,0.0,0.0,1.0,12.728227,0.6149081,0.0,0.11208631,0.9831437,0.0
2354,1.1396317,1.0815041,1.0133578,0.7839371,0.0,0.0,1.0,14.264396,1.1396317,0.0,0.102348484,0.8977302,0.0
2355,0.94096345,1.0409334,0.8067494,0.80010325,0.0,0.0,1.0,25.593468,0.94096345,0.0,0.09395967,0.82414925,0.0
2356,0.80897444,1.0139794,0.88629836,0.69282347,0.0,0.0,1.0,22.979834,0.80897444,0.0,0.08652126,0.7589047,0.0
2357,0.8443041,1.0211942,0.82992905,0.70417297,0.0,0.0,1.0,22.471483,0.8443041,0.0,0.07526164,0.6601431,0.0
2358,1.7627786,1.2087591,1.109619,0.75555736,0.0,0.0,1.0,22.471483,1.7627786,0.0,0.08579543,0.75253826,0.0
2359,0.52851075,0.95167726,0.9063891,0.79298705,0.0,0.0,1.0,23.867884,0.5038908,0.0,0.1299235,1.1395991,1.0
2360,0.6019092,0.97169393,0.96383774,0.77589864,0.0,0.0,1.0,26.747227,0.6019092,0.0,0.102721095,0.9009985,0.0
2361,0.2843836,0.90685093,0.9393561,0.630028,0.0,0.0,1.0,23.867884,0.2843836,0.0,0.098319404,0.86238986,0.0
2362,1.1934079,1.0924859,1.0524529,0.73553854,0.0,0.0,1.0,23.882927,1.1934079,0.0,0.08612543,0.7554328,0.0
2363,1.4695092,1.1488695,1.0414649,0.72085255,0.0,0.0,1.0,26.747227,1.4695092,0.0,0.07068831,0.620029,0.0
2364,0.87799746,1.0280749,1.029914,0.7694435,0.0,0.0,1.0,25.937952,0.87799746,0.0,0.0887844,0.77875537,0.0
2365,0.67181367,0.98596936,0.9194151,0.8714383,0.0,0.0,1.0,27.079142,0.67181367,0.0,0.1124858,0.9866477,0.0
2366,0.7768144,1.0051477,0.95593596,0.72096217,0.0,0.0,1.0,27.079142,0.76572686,0.0,0.11872465,1.0413706,1.0
2367,0.9255846,1.0377928,0.9511406,0.6786806,0.0,0.0,1.0,27.079142,0.9255846,0.0,0.07136021,0.62592244,0.0
2368,0.07504612,0.8641014,1.0360276,0.7981822,0.0,0.0,1.0,25.937952,0.07504612,0.0,0.10467808,0.9181638,0.0
2369,1.3063526,1.1155508,0.98490685,0.74732476,0.0,0.0,1.0,25.308622,1.3063526,0.0,0.076075025,0.6672776,0.0
2370,1.4213325,1.1374149,1.0952009,0.68713033,0.0,0.0,1.0,25.308622,1.4134179,0.0,0.11583207,1.0159988,1.0
2371,0.79910696,1.0079988,0.97512746,0.6529933,0.0,0.0,1.0,23.099676,0.77968836,0.0,0.12212076,1.0711589,1.0
2372,0.75667137,0.99376553,0.82580036,0.70749617,0.0,0.0,1.0,23.867884,0.70999026,0.0,0.13542493,1.1878539,1.0
2373,0.71577346,0.99494654,0.93034357,0.7180884,0.0,0.0,1.0,23.867884,0.71577346,0.0,0.08923161,0.782678,0.0
2374,0.08408401,0.86594707,0.86523265,0.7134607,0.0,0.0,1.0,23.867884,0.08408401,0.0,0.09326574,0.81806266,0.0
2375,1.0572327,1.0646771,0.853136,0.7017811,0.0,0.0,1.0,23.889853,1.0572327,0.0,0.087839164,0.7704644,0.0
2376,0.31624255,0.91335696,0.7109213,0.7483283,0.0,0.0,1.0,13.329852,0.31624255,0.0,0.090707034,0.7956194,0.0
2377,0.4354936,0.9377096,0.8832155,0.7392662,0.0,0.0,1.0,12.293993,0.4354936,0.0,0.0942047,0.82629853,0.0
2378,0.0,0.7909989,0.785402,0.66860616,0.0,0.0,1.0,12.273732,0.0,0.0,0.087632515,0.76865184,0.0
2379,0.25264385,0.90008414,0.77712023,0.71519804,0.0,0.0,1.0,12.273732,0.2512477,0.0,0.11581812,1.0158765,1.0
2380,0.46627378,0.94399536,0.81643486,0.75845915,0.0,0.0,1.0,11.637713,0.46627378,0.0,0.08014749,0.7029984,0.0
2381,0.2501625,0.8998625,0.7893465,0.6980813,0.0,0.0,1.0,11.637713,0.2501625,0.0,0.09708178,0.8515343,0.0
2382,0.60975975,0.9732971,0.7840957,0.7748494,0.0,0.0,1.0,11.167546,0.60975975,0.0,0.09978458,0.8752414,0.0
2383,0.5699259,0.9651625,0.9291925,0.67989343,0.0,0.0,1.0,12.245489,0.5699259,0.0,0.07237271,0.6348034,0.0
2384,0.11874992,0.8730263,0.8550051,0.7384342,0.0,0.0,1.0,13.329852,0.11874992,0.0,0.075115666,0.6588627,0.0
2385,0.9086781,1.0343403,0.8727153,0.6995939,0.0,0.0,1.0,12.293993,0.9086781,0.0,0.08647615,0.758509,0.0
2386,0.5933631,0.9699487,0.8478177,0.90854436,0.0,0.0,1.0,13.497514,0.5933631,0.0,0.10604284,0.93013453,0.0
2387,0.18288082,0.8861227,0.8015924,0.6994985,0.0,0.0,1.0,15.486675,0.18288082,0.0,0.106881,0.9374863,0.0
2388,0.60886693,0.9731148,0.9031604,0.6810866,0.0,0.0,1.0,16.196356,0.60886693,0.0,0.082416184,0.7228978,0.0
2389,0.605867,0.9725022,0.85377383,0.80852616,0.0,0.0,1.0,31.56552,0.605867,0.0,0.08146356,0.71454203,0.0
2390,0.8306198,1.0183997,0.9496029,0.656974,0.0,0.0,1.0,30.687918,0.8306198,0.0,0.08472525,0.74315137,0.0
2391,1.2658464,1.1072788,0.9887532,0.79684895,0.0,0.0,1.0,30.687918,1.2658464,0.0,0.07608145,0.6673339,0.0
2392,0.96139467,1.0451057,0.96586996,0.7147137,0.0,0.0,1.0,28.972921,0.96139467,0.0,0.107795104,0.9455042,0.0
2393,0.7313945,0.9981366,0.92793375,0.7591795,0.0,0.0,1.0,28.592545,0.7313945,0.0,0.081802845,0.71751803,0.0
2394,1.3018099,1.1146231,0.9516347,0.82854563,0.0,0.0,1.0,28.972921,1.3018099,0.0,0.08716481,0.7645495,0.0
2395,0.64505816,0.9805055,0.9627065,0.7586763,0.0,0.0,1.0,28.591436,0.64505816,0.0,0.08666836,0.76019496,0.0
2396,1.050627,1.0633281,0.9033843,0.72635996,0.0,0.0,1.0,24.515577,1.050627,0.0,0.092219755,0.80888796,0.0
2397,0.65766007,0.98288214,0.7839058,0.76393294,0.0,0.0,1.0,24.515577,0.656696,0.0,0.11448629,1.0041946,1.0
2398,0.20047033,0.8897147,0.92231506,0.7453912,0.0,0.0,1.0,28.025414,0.20047033,0.0,0.10852145,0.95187515,0.0
2399,0.6532998,0.9821886,0.87339133,0.65344423,0.0,0.0,1.0,28.025414,0.6532998,0.0,0.08455294,0.74164,0.0
2400,0.6887981,0.9894378,0.8849314,0.77752733,0.0,0.0,1.0,26.656693,0.6887981,0.0,0.075599365,0.66310537,0.0
2401,0.4849989,0.9438848,0.91035706,0.7482298,0.0,0.0,1.0,22.80564,0.46573237,0.0,0.12748326,1.118195,1.0
2402,0.89426184,1.0313963,0.87388736,0.78510624,0.0,0.0,1.0,26.656693,0.89426184,0.0,0.08118509,0.7120995,0.0
2403,1.0406269,1.061286,0.94652516,0.683154,0.0,0.0,1.0,34.252502,1.0406269,0.0,0.08755671,0.76798695,0.0
2404,0.7089135,0.99354565,0.8750889,0.76136965,0.0,0.0,1.0,41.114513,0.7089135,0.25947785,0.0798578,0.7004574,0.0
2405,0.6548161,0.9824982,0.97656715,0.6217086,0.0,0.0,1.0,41.114513,0.6548161,0.25947785,0.1014164,0.8895546,0.0
2406,1.0001713,1.0530244,0.8512253,0.66023576,0.0,0.0,1.0,41.150066,1.0001713,0.26111186,0.10421221,0.91407746,0.0
2407,0.5866999,0.968588,0.8054584,0.80027884,0.0,0.0,1.0,46.11546,0.5866999,0.48932207,0.08752508,0.7677095,0.0
2408,0.7156692,0.99492526,0.7151008,0.8009788,0.0,0.0,1.0,25.779325,0.7156692,0.0,0.10392892,0.9115927,0.0
2409,0.7307659,0.9980082,0.76656145,0.7921811,0.0,0.0,1.0,25.779325,0.7307659,0.0,0.07437472,0.65236366,0.0
2410,0.63520503,0.9784934,0.78570944,0.6841711,0.0,0.0,1.0,22.416739,0.63520503,0.0,0.10664511,0.9354172,0.0
2411,0.94725394,1.042218,1.0288088,0.89725536,0.0,0.0,1.0,25.779325,0.94725394,0.0,0.08213631,0.72044295,0.0
2412,0.0,0.8383972,0.9303073,0.7033902,0.0,0.0,1.0,28.95113,0.0,0.0,0.09960646,0.87367904,0.0
2413,0.003089489,0.8494069,0.73481476,0.6744612,0.0,0.0,1.0,27.77512,0.003089489,0.0,0.0951921,0.83495927,0.0
2414,0.27223432,0.9043699,0.79300904,0.72130156,0.0,0.0,1.0,27.77512,0.27223432,0.0,0.08424895,0.7389736,0.0
2415,0.51469105,0.9538828,0.8565061,0.67307615,0.0,0.0,1.0,25.779325,0.51469105,0.0,0.08703675,0.76342624,0.0
2416,0.55377537,0.96186435,0.8103072,0.72322166,0.0,0.0,1.0,24.66944,0.55377537,0.0,0.10464446,0.9178689,0.0
2417,0.59537065,0.97035867,1.0814794,0.6716124,0.0,0.0,1.0,39.642242,0.59537065,0.19181205,0.09109521,0.7990242,0.0
2418,0.5102998,0.95298606,0.9108302,0.69022906,0.0,0.0,1.0,32.14171,0.5102998,0.0,0.08835483,0.7749875,0.0
2419,0.23891601,0.89756584,0.9738555,0.55758804,0.0,0.0,1.0,32.14171,0.23891601,0.0,0.09380925,0.8228299,0.0
2420,0.4880298,0.9484382,0.8637633,0.7286343,0.0,0.0,1.0,32.14171,0.4880298,0.0,0.08269435,0.7253377,0.0
2421,0.59825146,0.97094697,0.8368193,0.7467517,0.0,0.0,1.0,32.14171,0.59825146,0.0,0.07269457,0.6376265,0.0
2422,0.81582415,1.0153782,0.9267459,0.70245385,0.0,0.0,1.0,32.14171,0.81582415,0.0,0.08745627,0.767106,0.0
2423,0.7020133,0.99213654,0.90359026,0.70518005,0.0,0.0,1.0,32.14171,0.7020133,0.0,0.07195845,0.6311698,0.0
2424,0.6238932,0.97618335,0.8552879,0.7078997,0.0,0.0,1.0,28.454384,0.6238932,0.0,0.08975306,0.78725183,0.0
2425,0.64440054,0.98037124,0.9448807,0.70990855,0.0,0.0,1.0,40.023632,0.64440054,0.20934078,0.08502713,0.74579924,0.0
2426,1.0764679,1.0686052,1.0073357,0.6406548,0.0,0.0,1.0,28.454384,1.0764679,0.0,0.08030149,0.7043492,0.0
2427,1.6492933,1.1682855,0.930446,0.75128126,0.0,0.0,1.0,22.148014,1.564586,0.0,0.13164361,1.1546868,1.0
2428,0.487437,0.94831717,0.92462534,0.7293822,0.0,0.0,1.0,19.51848,0.487437,0.0,0.088513255,0.7763771,0.0
2429,0.4189607,0.9343334,0.887593,0.7534309,0.0,0.0,1.0,18.05334,0.4189607,0.0,0.09067227,0.7953145,0.0
2430,1.2081072,1.0954877,0.9809417,0.6263947,0.0,0.0,1.0,18.05334,1.2081072,0.0,0.085818045,0.75273657,0.0
2431,1.1339852,1.080351,0.885674,0.83630925,0.0,0.0,1.0,19.51848,1.1339852,0.0,0.09174727,0.80474365,0.0
2432,0.17269294,0.8840422,0.79201245,0.7148525,0.0,0.0,1.0,24.445223,0.17269294,0.0,0.06546187,0.57418627,0.0
2433,0.58616143,0.968478,0.7869151,0.64794916,0.0,0.0,1.0,19.881104,0.58616143,0.0,0.09612179,0.8431139,0.0
2434,0.2711585,0.9041502,0.7478495,0.6854534,0.0,0.0,1.0,11.0653105,0.2711585,0.0,0.06518148,0.5717269,0.0
2435,0.640502,0.9795751,0.7298517,0.7514348,0.0,0.0,1.0,13.605581,0.640502,0.0,0.09157854,0.8032637,0.0
2436,0.6687688,0.98534757,0.8553845,0.7189032,0.0,0.0,1.0,13.605581,0.6687688,0.0,0.076345265,0.66964793,0.0
2437,0.38557115,0.9275148,0.95404047,0.76513773,0.0,0.0,1.0,13.605581,0.38557115,0.0,0.08522445,0.74753,0.0
2438,1.3076761,1.115821,0.9552182,0.7078704,0.0,0.0,1.0,14.115546,1.3076761,0.0,0.09113988,0.79941607,0.0
2439,1.4173623,1.1382204,1.0972052,0.6498684,0.0,0.0,1.0,14.115546,1.4173623,0.0,0.112694286,0.9884764,0.0
2440,1.1919088,1.0921798,1.0207673,0.81507385,0.0,0.0,1.0,18.695694,1.1919088,0.0,0.09569624,0.8393813,0.0
2441,0.98111266,1.0470223,1.1359723,0.75346094,0.0,0.0,1.0,21.278114,0.9707802,0.0,0.11747504,1.0304099,1.0
2442,1.262435,1.1065822,1.0863307,0.59295446,0.0,0.0,1.0,18.413147,1.262435,0.0,0.09274906,0.8135307,0.0
2443,1.2523783,1.1017655,1.0877712,0.76238203,0.0,0.0,1.0,21.38821,1.2388486,0.0,0.11756551,1.0312034,1.0
2444,1.2704604,1.108221,1.1528342,0.4755105,0.0,0.0,1.0,22.529373,1.2704604,0.0,0.088474184,0.7760344,0.0
2445,1.1748662,1.0886995,0.9725608,0.83246654,0.0,0.0,1.0,22.529373,1.1748662,0.0,0.06809925,0.5973196,0.0
2446,1.3358483,1.1215742,1.071408,0.7178637,0.0,0.0,1.0,22.883081,1.3358483,0.0,0.1029859,0.9033212,0.0
2447,1.0809965,1.06953,1.1205777,0.75768125,0.0,0.0,1.0,22.883081,1.0809965,0.0,0.11358648,0.99630207,0.0
2448,1.4528093,1.1454592,1.221824,0.7168961,0.0,0.0,1.0,22.206274,1.4528093,0.0,0.088776566,0.7786867,0.0
2449,1.6163886,1.1788642,1.1497077,0.6755049,0.0,0.0,1.0,42.832844,1.6163886,0.33845255,0.085734785,0.7520063,0.0
2450,1.5128812,1.1577266,1.1356082,0.82128674,0.0,0.0,1.0,41.06449,1.5128812,0.2571788,0.103834465,0.91076416,0.0
2451,2.2580175,1.3098935,1.2013317,0.7700496,0.0,0.0,1.0,41.06449,2.2580175,0.2571788,0.1005692,0.88212353,0.0
2452,1.3070158,1.1156862,1.1639103,0.8410261,0.0,0.0,1.0,36.024563,1.3070158,0.025542961,0.09735752,0.8539529,0.0
2453,1.707768,1.1975251,1.3913332,0.7757225,0.0,0.0,1.0,37.192284,1.707768,0.079211585,0.08903966,0.78099436,0.0
2454,2.4178479,1.342533,1.4649811,0.7555886,0.0,0.0,1.0,42.39634,2.4178479,0.31839076,0.07443737,0.6529132,0.0
2455,1.7585973,1.2079052,1.3106111,0.8153059,0.0,0.0,1.0,45.74688,1.7585973,0.47238207,0.08496624,0.7452652,0.0
2456,1.5071616,1.1565586,1.304995,0.7971407,0.0,0.0,1.0,45.74688,1.5071616,0.47238207,0.090582736,0.79452914,0.0
2457,2.136059,1.2849879,1.2214415,0.7776636,0.0,0.0,1.0,45.77223,2.136059,0.4735471,0.07361167,0.6456707,0.0
2458,1.2663496,1.1073816,1.1153667,0.71913576,0.0,0.0,1.0,41.264996,1.2663496,0.26639402,0.09310891,0.816687,0.0
2459,1.8037058,1.217117,1.2788936,0.72169894,0.0,0.0,1.0,41.264996,1.8037058,0.26639402,0.08296818,0.7277396,0.0
2460,1.3035308,1.1149745,1.0915169,0.7741805,0.0,0.0,1.0,45.77223,1.3035308,0.4735471,0.10022983,0.8791468,0.0
2461,1.7972647,1.2158016,1.209227,0.6901592,0.0,0.0,1.0,45.804554,1.7972647,0.4750328,0.104568094,0.9171991,0.0
2462,1.7128547,1.1985639,1.081334,0.7745063,0.0,0.0,1.0,38.98948,1.7128547,0.16181095,0.075286485,0.66036105,0.0
2463,1.3862381,1.1318644,1.1897825,0.80897176,0.0,0.0,1.0,38.499146,1.3862381,0.13927515,0.088450536,0.775827,0.0
2464,1.9631772,1.2496831,1.2114677,0.7027007,0.0,0.0,1.0,45.872887,1.9631772,0.47817338,0.078627005,0.68966174,0.0
2465,1.6799506,1.1918445,1.242249,0.76792294,0.0,0.0,1.0,45.872887,1.6799506,0.47817338,0.08154644,0.715269,0.0
2466,1.6354508,1.182757,1.3397142,0.76434916,0.0,0.0,1.0,38.499146,1.6354508,0.13927515,0.0891753,0.7821841,0.0
2467,2.6602073,1.3920261,1.4134398,0.7711945,0.0,0.0,1.0,19.789703,2.6602073,0.0,0.087806895,0.7701814,0.0
2468,1.292474,1.1127166,1.1484748,0.68897516,0.0,0.0,1.0,19.789703,1.292474,0.0,0.056577932,0.49626252,0.0
2469,2.425586,1.3441132,1.2947576,0.746557,0.0,0.0,1.0,19.812822,2.425586,0.0,0.083625704,0.7335069,0.0
2470,1.0272689,1.0585581,1.1509095,0.84656566,0.0,0.0,1.0,19.789703,1.0272689,0.0,0.0972414,0.85293436,0.0
2471,1.6675318,1.1893084,1.230423,0.77173764,0.0,0.0,1.0,19.760231,1.6675318,0.0,0.08196581,0.71894747,0.0
2472,2.1842473,1.2948287,1.2792352,0.68136805,0.0,0.0,1.0,21.594788,2.1842473,0.0,0.10051504,0.8816485,0.0
2473,0.8550947,1.0233978,1.261491,0.7510505,0.0,0.0,1.0,21.594788,0.8550947,0.0,0.071315385,0.6255293,0.0
2474,1.1666033,1.087012,1.1363549,0.6566111,0.0,0.0,1.0,25.71399,1.1666033,0.0,0.07008619,0.61474764,0.0
2475,1.5300136,1.1612253,0.9957388,0.782864,0.0,0.0,1.0,25.71399,1.5300136,0.0,0.09154943,0.8030083,0.0
2476,1.5047069,1.1560574,1.3068789,0.78568697,0.0,0.0,1.0,21.594788,1.5047069,0.0,0.0981865,0.8612241,0.0
2477,1.1577892,1.0852121,1.1029152,0.63190335,0.0,0.0,1.0,25.744028,1.1577892,0.0,0.06808153,0.5971641,0.0
2478,1.522004,1.1595896,1.0844979,0.7903763,0.0,0.0,1.0,34.06879,1.522004,0.0,0.07015504,0.6153515,0.0
2479,0.8491375,1.0221813,1.1082164,0.64873236,0.0,0.0,1.0,38.376102,0.8491375,0.13362007,0.07780767,0.68247515,0.0
2480,1.5941805,0.9757864,1.0870821,0.7734788,0.0,0.0,1.0,78.826485,0.6219493,1.9927256,0.0752449,0.6599963,0.0
2481,1.7296273,1.1762371,1.3055915,0.86840445,0.0,0.0,1.0,82.51029,1.6035239,2.162034,0.09414771,0.8257987,0.0
2482,1.7296273,1.0489099,1.1501801,0.6794321,0.0,0.0,1.0,82.51029,0.98002326,2.162034,0.095138505,0.8344892,0.0
2483,1.8827047,1.1282437,1.2255863,0.6276561,0.0,0.0,1.0,86.673615,1.3685079,2.353381,0.07782543,0.6826309,0.0
2484,2.3839657,1.0898138,1.0592335,0.73430574,0.0,0.0,1.0,100.30665,1.1803231,2.979957,0.05996309,0.5259548,0.0
2485,2.3839657,1.1553556,1.173717,0.7166355,0.0,0.0,1.0,100.30665,1.5012704,2.979957,0.068680525,0.6024181,0.0
2486,1.9881979,1.2418673,1.1969889,0.83159405,0.0,0.0,1.0,89.54276,1.9249042,2.4852474,0.10525361,0.92321193,0.0
2487,1.7747952,1.1471252,1.0975167,0.79994154,0.0,0.0,1.0,83.73875,1.4609678,2.218494,0.11858394,1.0401363,1.0
2488,1.9881979,1.1791196,1.247933,0.76604426,0.0,0.0,1.0,89.54276,1.617639,2.4852474,0.094838694,0.83185947,0.0
2489,1.9881979,1.1087136,1.1077077,0.78030664,0.0,0.0,1.0,89.54276,1.2728723,2.4852474,0.058050744,0.509181,0.0
2490,2.6362798,1.0165795,1.1075045,0.7440689,0.0,0.0,1.0,107.16895,0.8217066,3.2953496,0.08614465,0.75560135,0.0
2491,3.1734009,1.2919049,1.2200947,0.7846205,0.0,0.0,1.0,121.77729,2.1699305,3.966751,0.07665338,0.6723505,0.0
2492,3.1734009,1.3468877,1.2672967,0.7629947,0.0,0.0,1.0,121.77729,2.439172,3.966751,0.08474724,0.74334425,0.0
2493,3.2382448,1.151809,1.1708945,0.7544352,0.0,0.0,1.0,123.54088,1.4839033,4.047806,0.11128998,0.9761588,0.0
2494,3.2382448,1.4020299,1.325169,0.7476158,0.0,0.0,1.0,123.54088,2.7091942,4.047806,0.105067834,0.92158246,0.0
2495,3.2382448,1.1851971,1.1917135,0.83009505,0.0,0.0,1.0,123.54088,1.6473995,4.047806,0.08536084,0.7487263,0.0
2496,2.7435045,1.1279037,1.2233589,0.79607177,0.0,0.0,1.0,110.0852,1.366843,3.4293807,0.09350158,0.8201313,0.0
2497,2.7435045,1.0865608,1.0203544,0.71821547,0.0,0.0,1.0,110.0852,1.1643938,3.4293807,0.08293436,0.72744286,0.0
2498,1.1297845,1.0794932,1.1085144,0.74141264,0.0,0.0,1.0,61.884045,1.1297845,1.2140486,0.081768215,0.7172143,0.0
2499,1.6588299,1.1875314,1.0901926,0.8678287,0.0,0.0,1.0,70.404655,1.6588299,1.6056571,0.08495228,0.7451427,0.0
2500,1.4050266,1.1357013,0.9468624,0.8760467,0.0,0.0,1.0,70.404655,1.4050266,1.6056571,0.07912509,0.69403064,0.0
2501,1.9531816,1.2476419,1.2286288,0.75424623,0.0,0.0,1.0,73.7391,1.9531816,1.7589085,0.07412904,0.6502087,0.0
2502,2.0290403,1.2631333,1.1887376,0.80302536,0.0,0.0,1.0,70.404655,2.0290403,1.6056571,0.0889554,0.7802553,0.0
2503,2.2951252,1.3174714,1.1918535,0.70774627,0.0,0.0,1.0,69.48485,2.2951252,1.5633826,0.08970932,0.78686816,0.0
2504,1.2507061,0.8362354,0.8312721,0.7705352,0.0,0.0,1.0,69.48485,0.0,1.5633826,0.080621324,0.7071546,0.0
2505,1.3021998,1.1147027,1.1178173,0.76980025,0.0,0.0,1.0,69.48485,1.3021998,1.5633826,0.078619994,0.6896003,0.0
2506,1.8753235,1.2317423,1.202666,0.7720413,0.0,0.0,1.0,69.48485,1.8753235,1.5633826,0.08366669,0.7338664,0.0
2507,1.4795822,0.9677266,1.1093336,0.7694393,0.0,0.0,1.0,75.7097,0.58248174,1.8494778,0.07911444,0.6939372,0.0
2508,3.7234228,1.178031,1.1505545,0.59706503,0.0,0.0,1.0,136.7365,1.6123081,4.6542783,0.091340914,0.8011794,0.0
2509,3.8123448,1.1247813,1.1425288,0.7201112,0.0,0.0,1.0,139.15495,1.3515528,4.765431,0.0655381,0.5748549,0.0
2510,3.2983742,1.3076353,1.2004001,0.73187506,0.0,0.0,1.0,125.17625,2.2469594,4.1229677,0.10292111,0.9027529,0.0
2511,2.8473492,1.1075345,0.99917644,0.8408738,0.0,0.0,1.0,112.90951,1.2670985,3.5591865,0.11614215,1.0187186,1.0
2512,2.6464329,1.2123427,1.0766314,0.8745856,0.0,0.0,1.0,107.44509,1.7803273,3.308041,0.06287925,0.55153334,0.0
2513,2.6464329,1.1676079,1.1772732,0.73371184,0.0,0.0,1.0,107.44509,1.5612681,3.308041,0.08098704,0.7103624,0.0
2514,2.7382877,1.1616012,1.1335223,0.75823873,0.0,0.0,1.0,109.943306,1.5318542,3.4228594,0.097953305,0.8591787,0.0
2515,2.6464329,1.2291025,1.2446259,0.7709563,0.0,0.0,1.0,107.44509,1.8623971,3.308041,0.08662351,0.75980157,0.0
2516,2.8806343,1.1872936,1.1446117,0.7435351,0.0,0.0,1.0,113.81478,1.657666,3.600793,0.07349029,0.64460605,0.0
2517,2.8806343,1.1366749,1.1410869,0.72213995,0.0,0.0,1.0,113.81478,1.4097941,3.600793,0.07726568,0.67772114,0.0
2518,3.001461,1.1495657,1.1948789,0.739884,0.0,0.0,1.0,117.10096,1.4729183,3.7518263,0.0834449,0.731921,0.0
2519,3.001461,1.3737804,1.2193267,0.889186,0.0,0.0,1.0,117.10096,2.570861,3.7518263,0.10043395,0.8809372,0.0
2520,2.8390534,1.2624072,1.2183155,0.7571456,0.0,0.0,1.0,112.68388,2.0254848,3.5488167,0.092994094,0.8156799,0.0
2521,2.4777505,0.9279993,1.0949101,0.7374119,0.0,0.0,1.0,102.85736,0.38794377,3.0971882,0.0847493,0.74336225,0.0
2522,2.8390534,1.2477138,1.2137613,0.76573396,0.0,0.0,1.0,112.68388,1.9535336,3.5488167,0.084351175,0.7398702,0.0
2523,2.8795974,1.3113604,1.1538941,0.8492332,0.0,0.0,1.0,113.78658,2.2652004,3.5994968,0.092887506,0.814745,0.0
2524,2.4777505,1.2290562,1.2448155,0.7050491,0.0,0.0,1.0,102.85736,1.8621706,3.0971882,0.08486278,0.7443577,0.0
2525,2.8252313,1.302565,1.221096,0.7388324,0.0,0.0,1.0,112.30796,2.222131,3.5315392,0.10493295,0.9203993,0.0
2526,1.8022505,1.2168198,1.1951807,0.73508495,0.0,0.0,1.0,63.12388,1.8022505,1.2710315,0.09241508,0.81060123,0.0
2527,2.3374178,1.3261081,1.2571317,0.6896748,0.0,0.0,1.0,57.775127,2.3374178,1.0252022,0.080841444,0.7090853,0.0
2528,2.2984917,1.3181589,1.2812611,0.63673353,0.0,0.0,1.0,48.092865,2.2984917,0.5802039,0.082300335,0.7218817,0.0
2529,0.9639813,1.0456339,1.1416057,0.7335669,0.0,0.0,1.0,49.125942,0.9639813,0.6276843,0.090822026,0.79662806,0.0
2530,2.0495362,1.2673188,1.2030873,0.75843006,0.0,0.0,1.0,49.125942,2.0495362,0.6276843,0.09365379,0.8214663,0.0
2531,2.2017558,1.2984041,1.1681857,0.75792944,0.0,0.0,1.0,49.125942,2.2017558,0.6276843,0.107775524,0.9453324,0.0
2532,0.3021414,0.89010036,0.8610663,0.79195124,0.0,0.0,1.0,43.686283,0.20235875,0.37767676,0.119339496,1.0467635,1.0
2533,1.7490424,1.205954,1.2754813,0.72246283,0.0,0.0,1.0,43.686283,1.7490424,0.37767676,0.094163656,0.8259385,0.0
2534,0.96981233,1.0468247,1.1899815,0.6817039,0.0,0.0,1.0,43.686283,0.96981233,0.37767676,0.0774795,0.6795966,0.0
2535,0.9090091,1.0344079,1.0540401,0.7639936,0.0,0.0,1.0,48.092865,0.9090091,0.5802039,0.10068826,0.8831678,0.0
2536,1.3962517,1.1339093,1.2974602,0.7158055,0.0,0.0,1.0,45.038776,1.3962517,0.43983755,0.10329763,0.9060554,0.0
2537,0.77912444,1.0078837,1.2076023,0.7038629,0.0,0.0,1.0,44.66019,0.77912444,0.4224377,0.08144443,0.71437424,0.0
2538,1.8246303,1.22139,1.3365234,0.7696059,0.0,0.0,1.0,43.150776,1.8246303,0.35306478,0.10852513,0.9519074,0.0
2539,1.4031272,1.0267173,1.2817866,0.7583364,0.0,0.0,1.0,73.63032,0.8713497,1.753909,0.11100246,0.97363687,0.0
2540,1.5115665,1.1574582,1.2481564,0.688944,0.0,0.0,1.0,70.7323,1.5115665,1.6207157,0.097490095,0.8551158,0.0
2541,2.5037546,1.3600763,1.3610393,0.6967305,0.0,0.0,1.0,66.155014,2.5037546,1.4103429,0.07551889,0.66239953,0.0
2542,2.1382656,1.2854385,1.5178617,0.6913798,0.0,0.0,1.0,65.24857,2.1382656,1.3686829,0.09015483,0.79077584,0.0
2543,3.0133693,1.4641465,1.5091267,0.6833652,0.0,0.0,1.0,65.24857,3.0133693,1.3686829,0.113618426,0.9965823,0.0
2544,2.5631065,1.3721968,1.4555348,0.7025873,0.0,0.0,1.0,65.24857,2.5631065,1.3686829,0.08396939,0.7365215,0.0
2545,1.0949463,0.9953976,1.2153672,0.62094843,0.0,0.0,1.0,65.24857,0.71798235,1.3686829,0.10048607,0.8813944,0.0
2546,1.3231573,1.0913804,1.3231133,0.71569765,0.0,0.0,1.0,71.45534,1.1879941,1.6539466,0.091346055,0.80122447,0.0
2547,1.6080607,1.1771636,1.1885421,0.676058,0.0,0.0,1.0,66.155014,1.6080607,1.4103429,0.090563044,0.79435647,0.0
2548,1.637439,1.183163,1.3831396,0.78184193,0.0,0.0,1.0,66.155014,1.637439,1.4103429,0.10837086,0.9505543,0.0
2549,2.7377455,1.4078604,1.3580946,0.7621007,0.0,0.0,1.0,65.24857,2.7377455,1.3686829,0.102471754,0.8988114,0.0
2550,2.5741909,1.3744603,1.3382411,0.74659914,0.0,0.0,1.0,64.26351,2.5741909,1.3234092,0.09758578,0.85595506,0.0
2551,2.442698,1.3476077,1.3002924,0.7392768,0.0,0.0,1.0,64.26351,2.442698,1.3234092,0.09651738,0.8465837,0.0
2552,1.8995777,1.2366953,1.3147846,0.6959968,0.0,0.0,1.0,65.24857,1.8995777,1.3686829,0.10511786,0.9220212,0.0
2553,1.0901568,1.0714006,1.2574756,0.6863492,0.0,0.0,1.0,64.26351,1.0901568,1.3234092,0.10162548,0.8913885,0.0
2554,1.5600802,1.1673653,1.2278464,0.75922126,0.0,0.0,1.0,62.703503,1.5600802,1.251711,0.08988543,0.78841287,0.0
2555,2.7943935,1.4194287,1.2368679,0.7101642,0.0,0.0,1.0,58.781918,2.7943935,1.0714743,0.0962299,0.8440622,0.0
2556,2.2140775,1.3009204,1.3723333,0.5987822,0.0,0.0,1.0,62.84178,2.2140775,1.2580663,0.08541494,0.7492008,0.0
2557,0.93586224,0.97071147,0.9632591,0.6762505,0.0,0.0,1.0,60.92189,0.59709823,1.1698278,0.114473894,1.0040859,1.0
2558,1.9213539,1.2411423,1.1015503,0.71354353,0.0,0.0,1.0,60.92189,1.9213539,1.1698278,0.097671285,0.856705,0.0
2559,0.85717946,0.88484466,0.96760243,0.787716,0.0,0.0,1.0,58.781918,0.17662245,1.0714743,0.07737318,0.678664,0.0
2560,1.8626534,1.2291548,1.0743389,0.7190741,0.0,0.0,1.0,32.893867,1.8626534,0.0,0.10286446,0.90225595,0.0
2561,0.5824149,0.96771294,0.9869488,0.7667963,0.0,0.0,1.0,35.418556,0.5824149,0.0,0.100841306,0.8845103,0.0
2562,0.27494466,0.9049234,0.8146686,0.7530642,0.0,0.0,1.0,35.418556,0.27494466,0.0,0.106135756,0.9309495,0.0
2563,1.1487902,1.0833744,1.0470859,0.81855005,0.0,0.0,1.0,35.65718,1.1487902,0.008658027,0.0716726,0.6286625,0.0
2564,1.2446394,1.1029481,1.031223,0.76147753,0.0,0.0,1.0,34.8714,1.2446394,0.0,0.06839382,0.59990335,0.0
2565,2.677056,1.3954668,1.3114731,0.6176159,0.0,0.0,1.0,34.8714,2.677056,0.0,0.1059879,0.92965263,0.0
2566,0.75829923,1.0036309,0.984609,0.6506322,0.0,0.0,1.0,35.183773,0.75829923,0.0,0.04934445,0.43281543,0.0
2567,1.4748645,1.1499631,1.1297262,0.63751143,0.0,0.0,1.0,36.880383,1.4748645,0.064876564,0.10685139,0.9372266,0.0
2568,0.7963906,1.0114096,1.0407985,0.7223091,0.0,0.0,1.0,36.880383,0.7963906,0.064876564,0.11163018,0.9791428,0.0
2569,1.6283512,1.1813072,1.167895,0.76268685,0.0,0.0,1.0,39.051403,1.6283512,0.16465698,0.10093922,0.8853691,0.0
2570,2.1902788,1.2960603,1.1438956,0.9632871,0.0,0.0,1.0,40.572567,2.1902788,0.2345699,0.085247286,0.74773026,0.0
2571,2.150568,1.2879509,1.2341434,0.6762184,0.0,0.0,1.0,39.051403,2.150568,0.16465698,0.09644051,0.8459095,0.0
2572,1.6221501,1.1800408,1.1455764,0.6922654,0.0,0.0,1.0,38.13237,1.6221501,0.12241809,0.08498293,0.7454116,0.0
2573,2.2788165,1.3141409,1.2489921,0.73232126,0.0,0.0,1.0,64.21208,2.2788165,1.3210455,0.09182765,0.8054487,0.0
2574,1.701582,1.1962619,1.287249,0.75671935,0.0,0.0,1.0,66.1931,1.701582,1.4120934,0.090565234,0.79437566,0.0
2575,1.2062179,1.0046813,1.21625,0.8401108,0.0,0.0,1.0,68.27488,0.76344323,1.5077723,0.09651417,0.84655565,0.0
2576,1.4802082,1.1510544,1.1171885,0.7814649,0.0,0.0,1.0,68.01914,1.4802082,1.4960185,0.085566655,0.75053155,0.0
2577,2.0825584,1.2740624,1.4229411,0.63739437,0.0,0.0,1.0,68.27488,2.0825584,1.5077723,0.08296498,0.72771144,0.0
2578,2.807946,1.4102268,1.3975098,0.7616914,0.0,0.0,1.0,66.24418,2.7493334,1.414441,0.120952375,1.0609107,1.0
2579,1.6217458,1.1773709,1.5263426,0.7808304,0.0,0.0,1.0,67.86454,1.6090759,1.488913,0.11657292,1.022497,1.0
2580,2.336478,1.3259162,1.2537328,0.7706433,0.0,0.0,1.0,67.86454,2.336478,1.488913,0.103939526,0.9116857,0.0
2581,1.5134871,1.1578504,1.2634306,0.7970295,0.0,0.0,1.0,70.62838,1.5134871,1.6159395,0.08673466,0.7607765,0.0
2582,2.77128,1.4147086,1.391425,0.74719775,0.0,0.0,1.0,67.33713,2.77128,1.464673,0.09944879,0.8722961,0.0
2583,1.1717385,0.9925397,1.1945789,0.8030817,0.0,0.0,1.0,67.33713,0.70398754,1.464673,0.11159458,0.9788305,0.0
2584,1.1717385,0.99082726,1.329037,0.7952635,0.0,0.0,1.0,67.33713,0.695602,1.464673,0.108313985,0.9500554,0.0
2585,1.9825746,1.2536443,1.177863,0.764748,0.0,0.0,1.0,63.195965,1.9825746,1.2743446,0.11145428,0.9775999,0.0
2586,1.9107798,1.2389829,1.1189399,0.831955,0.0,0.0,1.0,61.967106,1.9107798,1.2178661,0.06850095,0.600843,0.0
2587,1.4752544,1.1500428,1.2845836,0.69471085,0.0,0.0,1.0,60.51496,1.4752544,1.1511253,0.09704459,0.85120803,0.0
2588,2.2641897,1.2985497,1.241444,0.7504488,0.0,0.0,1.0,63.195965,2.2024684,1.2743446,0.123136446,1.0800679,1.0
2589,2.2899485,1.3164142,1.1069559,0.7510315,0.0,0.0,1.0,60.51496,2.2899485,1.1511253,0.1113088,0.97632384,0.0
2590,2.2994945,1.3183637,1.1914712,0.705685,0.0,0.0,1.0,65.62642,2.2994945,1.3860487,0.07953704,0.697644,0.0
2591,1.7549068,1.2071515,1.1473925,0.6822208,0.0,0.0,1.0,60.53469,1.7549068,1.152032,0.10392884,0.911592,0.0
2592,1.4093353,1.1365812,0.9859718,0.8037204,0.0,0.0,1.0,64.213066,1.4093353,1.3210907,0.11314801,0.99245614,0.0
2593,1.0568726,1.0260438,1.0145209,0.6456223,0.0,0.0,1.0,64.213066,0.8680515,1.3210907,0.08153633,0.71518034,0.0
2594,1.1722627,1.0881678,0.99149895,0.68169445,0.0,0.0,1.0,64.213066,1.1722627,1.3210907,0.09692079,0.85012215,0.0
2595,1.5053561,1.1561899,0.98340064,0.73979884,0.0,0.0,1.0,65.66832,1.5053561,1.3879744,0.083370335,0.731267,0.0
2596,1.5535871,1.1660393,1.0104603,0.7039354,0.0,0.0,1.0,65.66832,1.5535871,1.3879744,0.100710064,0.8833591,0.0
2597,1.2777157,1.1097027,0.9507191,0.73476714,0.0,0.0,1.0,66.24418,1.2777157,1.414441,0.10609679,0.93060774,0.0
2598,1.3575819,1.1260124,0.9542972,0.722031,0.0,0.0,1.0,65.66832,1.3575819,1.3879744,0.10696247,0.9382009,0.0
2599,0.9216256,1.0337315,0.90253985,0.7911796,0.0,0.0,1.0,60.53469,0.90569687,1.152032,0.09595862,0.84168273,0.0
2600,0.92103577,0.99891424,0.8562385,0.83291626,0.0,0.0,1.0,60.518646,0.7352026,1.1512947,0.070087835,0.61476207,0.0
2601,0.92103577,0.87616503,0.9609485,0.8915518,0.0,0.0,1.0,60.518646,0.13411972,1.1512947,0.08053263,0.7063766,0.0
2602,0.86801404,0.8394298,0.7760035,0.66444004,0.0,0.0,1.0,59.07659,0.0,1.0850176,0.07282825,0.6387991,0.0
2603,0.86801404,0.94150066,0.9368032,0.7689412,0.0,0.0,1.0,59.07659,0.4540577,1.0850176,0.068203226,0.59823155,0.0
2604,1.0843303,1.0702108,0.9786953,0.7515821,0.0,0.0,1.0,59.07659,1.0843303,1.0850176,0.08454245,0.741548,0.0
2605,0.86801404,0.94049275,1.2731003,0.8874958,0.0,0.0,1.0,59.07659,0.44912207,1.0850176,0.089121364,0.78171104,0.0
2606,1.1796968,1.0896859,1.0717137,0.6934251,0.0,0.0,1.0,61.482838,1.1796968,1.1956091,0.094591014,0.829687,0.0
2607,1.3331053,1.121014,0.98756146,0.88836837,0.0,0.0,1.0,59.07659,1.3331053,1.0850176,0.106250525,0.9319562,0.0
2608,0.7285319,0.871558,0.940179,0.6260474,0.0,0.0,1.0,55.283028,0.11155988,0.91066486,0.10465395,0.9179521,0.0
2609,0.7285319,0.97756493,1.2000965,0.82677656,0.0,0.0,1.0,55.283028,0.6306585,0.91066486,0.1289737,1.1312681,1.0
2610,0.8453466,1.0214071,0.85191923,0.76695204,0.0,0.0,1.0,55.283028,0.8453466,0.91066486,0.08757414,0.76813984,0.0
2611,0.8103846,0.99432546,0.9261769,0.7634191,0.0,0.0,1.0,57.509212,0.71273214,1.0129807,0.06441349,0.5649906,0.0
2612,1.452999,1.1454979,1.0122937,0.8117576,0.0,0.0,1.0,57.509212,1.452999,1.0129807,0.08836684,0.77509284,0.0
2613,1.3008894,1.1144351,0.96673924,0.78016233,0.0,0.0,1.0,57.627335,1.3008894,1.0184096,0.08783533,0.7704308,0.0
2614,1.4105955,1.1368386,0.9418804,0.817746,0.0,0.0,1.0,53.97404,1.4105955,0.8505036,0.101814926,0.8930502,0.0
2615,1.2172067,1.097346,0.9835938,0.80736375,0.0,0.0,1.0,54.392323,1.2172067,0.8697279,0.10886174,0.9548599,0.0
2616,0.9948388,1.0519354,1.05782,0.79030544,0.0,0.0,1.0,51.772045,0.9948388,0.7492996,0.096103534,0.8429538,0.0
2617,1.6044655,1.1764294,1.0221417,0.85431886,0.0,0.0,1.0,52.15697,1.6044655,0.76699084,0.08836206,0.77505094,0.0
2618,1.2811071,1.1078314,1.0209976,0.77977306,0.0,0.0,1.0,51.39692,1.2685521,0.73205876,0.11723192,1.0282774,1.0
2619,1.8815037,1.2330043,1.1354346,0.7860125,0.0,0.0,1.0,51.39692,1.8815037,0.73205876,0.0851584,0.7469506,0.0
2620,1.3268645,1.1197395,1.0764961,0.7000467,0.0,0.0,1.0,27.819628,1.3268645,0.0,0.103808776,0.91053885,0.0
2621,0.99892795,1.0527705,1.0405451,0.62231994,0.0,0.0,1.0,27.820333,0.99892795,0.0,0.093071215,0.81635636,0.0
2622,0.017888097,0.852429,0.9567062,0.7057256,0.0,0.0,1.0,27.820333,0.017888097,0.0,0.09060187,0.794697,0.0
2623,1.1568145,1.085013,1.0490469,0.63985693,0.0,0.0,1.0,27.236973,1.1568145,0.0,0.08518991,0.747227,0.0
2624,0.59875596,0.9635817,1.0762314,0.7042291,0.0,0.0,1.0,28.376328,0.5621848,0.0,0.13519788,1.1858623,1.0
2625,1.3038039,1.1061594,1.0981518,0.6589642,0.0,0.0,1.0,28.169138,1.260365,0.0,0.1252347,1.0984722,1.0
2626,1.0933365,1.07205,1.0675242,0.622584,0.0,0.0,1.0,28.739887,1.0933365,0.0,0.085608825,0.75090146,0.0
2627,0.26062772,0.89960825,0.8278316,0.72588,0.0,0.0,1.0,28.739887,0.24891737,0.0,0.12933241,1.1344146,1.0
2628,1.5579437,1.1478815,1.0212644,0.8730562,0.0,0.0,1.0,29.220276,1.4646711,0.0,0.13475156,1.1819476,1.0
2629,1.0740441,1.0681102,1.1875925,0.9008694,0.0,0.0,1.0,28.526192,1.0740441,0.0,0.09869646,0.86569715,0.0
2630,1.5594555,1.1672378,1.0700347,0.6314107,0.0,0.0,1.0,25.510227,1.5594555,0.0,0.11068493,0.9708517,0.0
2631,1.8218563,1.2208235,1.0370818,0.7973079,0.0,0.0,1.0,25.510227,1.8218563,0.0,0.07590725,0.665806,0.0
2632,0.16739543,0.8829604,1.0210311,0.6845601,0.0,0.0,1.0,28.392147,0.16739543,0.0,0.09040324,0.79295474,0.0
2633,1.2224102,1.0984086,0.9861631,0.65727085,0.0,0.0,1.0,44.361145,1.2224102,0.40869352,0.112392195,0.9858267,0.0
2634,1.2428526,1.1025832,1.1926174,0.6976806,0.0,0.0,1.0,46.084232,1.2428526,0.48788688,0.09384551,0.82314795,0.0
2635,0.4347569,0.9375592,1.2384877,0.72428316,0.0,0.0,1.0,43.20789,0.4347569,0.35568973,0.0995663,0.87332684,0.0
2636,1.6535219,1.1864474,1.1089228,0.9219848,0.0,0.0,1.0,40.672817,1.6535219,0.23917742,0.107404545,0.9420785,0.0
2637,0.8000892,1.012165,0.920971,0.77641165,0.0,0.0,1.0,41.325798,0.8000892,0.26918852,0.08144455,0.71437526,0.0
2638,1.306843,1.1156509,1.1187652,0.6611126,0.0,0.0,1.0,40.351124,1.306843,0.22439234,0.10952948,0.9607169,0.0
2639,1.378424,1.1302687,1.0075673,0.8327929,0.0,0.0,1.0,40.351124,1.378424,0.22439234,0.076151654,0.6679497,0.0
2640,1.5542678,1.1661783,1.1367166,0.7452626,0.0,0.0,1.0,41.325798,1.5542678,0.26918852,0.11290132,0.9902924,0.0
2641,1.5674477,1.1688699,1.182121,0.71583235,0.0,0.0,1.0,40.351124,1.5674477,0.22439234,0.09649486,0.84638625,0.0
2642,1.513368,1.1578261,1.1475145,0.7300396,0.0,0.0,1.0,40.351124,1.513368,0.22439234,0.08838944,0.7752911,0.0
2643,2.184188,1.2948165,1.2185373,0.7457265,0.0,0.0,1.0,40.351124,2.184188,0.22439234,0.08357547,0.73306626,0.0
2644,0.52274126,0.95552677,1.0281518,0.8210644,0.0,0.0,1.0,35.68255,0.52274126,0.009823932,0.08617538,0.7558709,0.0
2645,2.1420424,1.2862098,1.0824373,0.84499323,0.0,0.0,1.0,35.2431,2.1420424,0.0,0.0640562,0.56185675,0.0
2646,0.69671404,0.99105436,0.95232797,0.74045545,0.0,0.0,1.0,40.351124,0.69671404,0.22439234,0.09161247,0.80356133,0.0
2647,1.30823,1.1159341,1.1376736,0.7446715,0.0,0.0,1.0,40.351124,1.30823,0.22439234,0.10294534,0.9029654,0.0
2648,1.4417205,1.1431947,1.0887716,0.77580947,0.0,0.0,1.0,43.415726,1.4417205,0.36524191,0.078173496,0.6856839,0.0
2649,1.0322752,1.0595804,0.924528,0.78094083,0.0,0.0,1.0,41.325798,1.0322752,0.26918852,0.08652925,0.7589748,0.0
2650,1.4903193,1.1404204,1.0876114,0.7644337,0.0,0.0,1.0,41.325798,1.4281354,0.26918852,0.12819132,1.1244057,1.0
2651,1.1954007,1.0928929,0.99120724,0.70695645,0.0,0.0,1.0,41.325798,1.1954007,0.26918852,0.08863464,0.7774418,0.0
2652,2.1582472,1.2895191,1.09544,0.7705625,0.0,0.0,1.0,39.950047,2.1582472,0.20595877,0.09085129,0.7968848,0.0
2653,0.9231428,1.0372941,1.0339434,0.700429,0.0,0.0,1.0,41.325798,0.9231428,0.26918852,0.0842181,0.73870295,0.0
2654,1.6492244,1.1855698,1.0788265,0.8140632,0.0,0.0,1.0,22.019047,1.6492244,0.0,0.085351124,0.7486411,0.0
2655,1.1858705,1.0909467,1.0817168,0.58509344,0.0,0.0,1.0,22.5072,1.1858705,0.0,0.10229669,0.89727587,0.0
2656,0.67525303,0.98412794,0.85401314,0.7586647,0.0,0.0,1.0,22.019047,0.6627965,0.0,0.12012994,1.0536969,1.0
2657,1.0055091,1.0541145,0.9276432,0.7750531,0.0,0.0,1.0,22.019047,1.0055091,0.0,0.11156021,0.9785291,0.0
2658,0.3426916,0.9187582,0.8574201,0.75436175,0.0,0.0,1.0,23.050858,0.3426916,0.0,0.10809832,0.94816375,0.0
2659,0.05760807,0.8598591,0.947041,0.67109346,0.0,0.0,1.0,22.270367,0.054272264,0.0,0.13402928,1.1756122,1.0
2660,0.15471962,0.8803718,0.8489923,0.89522284,0.0,0.0,1.0,23.050858,0.15471962,0.0,0.08333869,0.7309894,0.0
2661,0.22752678,0.89524,0.8666949,0.7150111,0.0,0.0,1.0,22.019047,0.22752678,0.0,0.0837567,0.7346559,0.0
2662,0.028494807,0.854595,1.058041,0.57558286,0.0,0.0,1.0,22.5072,0.028494807,0.0,0.103227064,0.90543646,0.0
2663,0.0,0.70304817,0.76864386,0.82063574,0.0,0.0,1.0,24.231426,0.0,0.0,0.09656429,0.84699523,0.0
2664,0.0,0.79469013,0.74680686,0.62363756,0.0,0.0,1.0,25.300941,0.0,0.0,0.065696485,0.5762442,0.0
2665,0.7669568,1.0053989,1.0425311,0.7356342,0.0,0.0,1.0,25.625734,0.7669568,0.0,0.070725314,0.6203536,0.0
2666,0.61547524,0.96898335,0.990742,0.6809646,0.0,0.0,1.0,52.20817,0.5886359,0.76934403,0.083455004,0.73200965,0.0
2667,0.61547524,0.9309493,0.95816004,0.6395624,0.0,0.0,1.0,52.20817,0.40238923,0.76934403,0.09559555,0.8384981,0.0
2668,1.475945,1.1501838,1.0474061,0.71528906,0.0,0.0,1.0,56.619022,1.475945,0.97206736,0.07350934,0.6447732,0.0
2669,1.0028492,1.044404,1.0921129,0.7893175,0.0,0.0,1.0,62.743767,0.9579587,1.2535615,0.08399672,0.7367612,0.0
2670,0.74467444,0.9072749,0.97098565,0.41854212,0.0,0.0,1.0,55.722065,0.28645968,0.93084306,0.06351659,0.5571236,0.0
2671,0.74467444,0.99988586,1.0425265,0.7861587,0.0,0.0,1.0,55.722065,0.7399605,0.93084306,0.09363693,0.82131845,0.0
2672,2.2660809,1.3115401,1.0820966,0.8757901,0.0,0.0,1.0,55.722065,2.2660809,0.93084306,0.09646462,0.84612095,0.0
2673,2.0522223,1.2678673,1.1579136,0.6934434,0.0,0.0,1.0,55.06782,2.0522223,0.90077394,0.08650244,0.75873965,0.0
2674,1.7072266,1.1806197,1.134763,0.72188586,0.0,0.0,1.0,52.581085,1.6249847,0.78648317,0.13049394,1.1446027,1.0
2675,1.9532663,1.2476592,1.1580682,0.7904507,0.0,0.0,1.0,47.406162,1.9532663,0.54864293,0.11321979,0.99308574,0.0
2676,1.6392096,1.1835246,1.2297575,0.6984391,0.0,0.0,1.0,43.694965,1.6392096,0.3780758,0.08964305,0.78628695,0.0
2677,1.8891374,1.2345632,1.2160662,0.71271837,0.0,0.0,1.0,43.55779,1.8891374,0.37177116,0.08907554,0.7813091,0.0
2678,1.3026949,1.1148038,1.1603382,0.72193015,0.0,0.0,1.0,43.55779,1.3026949,0.37177116,0.09998719,0.8770185,0.0
2679,2.3765028,1.3332633,1.2335752,0.68059176,0.0,0.0,1.0,43.55779,2.3724554,0.37177116,0.114563785,1.0048743,1.0
2680,1.5374893,1.1605558,1.057293,0.69397783,0.0,0.0,1.0,48.91888,1.5267352,0.6181677,0.11630251,1.0201253,1.0
2681,1.8085492,1.218106,1.2206337,0.7536903,0.0,0.0,1.0,45.854713,1.8085492,0.47733814,0.062090196,0.5446123,0.0
2682,2.056195,1.2686787,1.0696527,0.7954426,0.0,0.0,1.0,45.854713,2.056195,0.47733814,0.11108591,0.9743688,0.0
2683,1.7383908,1.2037787,1.1324837,0.7013049,0.0,0.0,1.0,45.854713,1.7383908,0.47733814,0.10291001,0.90265554,0.0
2684,0.7680122,1.0056144,0.98036814,0.63482493,0.0,0.0,1.0,45.854713,0.7680122,0.47733814,0.1004398,0.88098854,0.0
2685,1.6559777,1.1869489,1.1426061,0.7326143,0.0,0.0,1.0,45.854713,1.6559777,0.47733814,0.09703292,0.8511057,0.0
2686,1.3826714,1.1311361,1.2168571,0.66232336,0.0,0.0,1.0,45.854713,1.3826714,0.47733814,0.10024977,0.8793217,0.0
2687,1.684613,1.1927966,1.272966,0.605023,0.0,0.0,1.0,45.854713,1.684613,0.47733814,0.10266814,0.900534,0.0
2688,1.6238307,1.180384,1.082609,0.7065244,0.0,0.0,1.0,42.370476,1.6238307,0.31720206,0.11296631,0.99086237,0.0
2689,1.1397357,1.0815253,0.91294706,0.6609268,0.0,0.0,1.0,42.370476,1.1397357,0.31720206,0.07790349,0.6833156,0.0
2690,0.86452,1.0243219,0.88844436,0.6634271,0.0,0.0,1.0,41.641293,0.85961986,0.2836887,0.115864895,1.0162868,1.0
2691,1.2989769,1.1112895,1.0565298,0.74109834,0.0,0.0,1.0,40.034664,1.285486,0.20984781,0.11742664,1.0299853,1.0
2692,1.0410775,1.061378,0.89518946,0.80052614,0.0,0.0,1.0,38.423096,1.0410775,0.13577989,0.07482833,0.6563424,0.0
2693,1.8519217,1.2269633,1.3231215,0.7081562,0.0,0.0,1.0,41.641293,1.8519217,0.2836887,0.1131641,0.9925973,0.0
2694,1.1805636,1.089863,1.0454865,0.7478787,0.0,0.0,1.0,43.55779,1.1805636,0.37177116,0.105697215,0.9271029,0.0
2695,1.6564372,1.1870427,1.1471927,0.6009113,0.0,0.0,1.0,45.854713,1.6564372,0.47733814,0.11023995,0.9669487,0.0
2696,1.0538931,1.0639951,0.974767,0.7468037,0.0,0.0,1.0,42.7975,1.0538931,0.33682817,0.09673194,0.84846574,0.0
2697,1.3626102,1.1236775,1.1702336,0.74700797,0.0,0.0,1.0,42.7975,1.346148,0.33682817,0.11799152,1.0349401,1.0
2698,1.667796,1.187442,1.2658999,0.7767567,0.0,0.0,1.0,42.7975,1.6583921,0.33682817,0.1158552,1.0162017,1.0
2699,1.2066426,1.0951886,1.2715262,0.7376518,0.0,0.0,1.0,43.55779,1.2066426,0.37177116,0.08276857,0.7259887,0.0
2700,0.75695777,1.0033569,0.9233046,0.75543594,0.0,0.0,1.0,43.55779,0.75695777,0.37177116,0.07569791,0.66396976,0.0
2701,1.5757271,1.1661338,1.1266638,0.7161013,0.0,0.0,1.0,43.55779,1.5540494,0.37177116,0.11855182,1.0398546,1.0
2702,2.4278593,1.274538,1.1745653,0.7431893,0.0,0.0,1.0,49.5825,2.0848875,0.6486678,0.16759308,1.4700106,1.0
2703,0.54485714,0.96004313,0.95673984,0.6981782,0.0,0.0,1.0,46.43784,0.54485714,0.5041387,0.11005356,0.9653138,0.0
2704,0.9067418,1.0339448,1.0906761,0.78539693,0.0,0.0,1.0,43.55779,0.9067418,0.37177116,0.08818431,0.77349186,0.0
2705,2.0044544,1.2547337,1.2991639,0.7888916,0.0,0.0,1.0,42.100376,1.9879088,0.30478823,0.116719194,1.0237801,1.0
2706,2.527724,1.3274517,1.2844976,0.71712106,0.0,0.0,1.0,39.80611,2.3439972,0.19934344,0.13953994,1.223948,1.0
2707,1.9268363,1.2205412,1.1440914,0.7125088,0.0,0.0,1.0,37.901287,1.820474,0.11179748,0.13303944,1.1669301,1.0
2708,1.380921,1.1258136,1.1182263,0.64769346,0.0,0.0,1.0,39.80611,1.3566082,0.19934344,0.119845875,1.0512052,1.0
2709,1.1812038,1.0881646,0.9474772,0.70749587,0.0,0.0,1.0,37.901287,1.1722469,0.11179748,0.11649696,1.0218308,1.0
2710,0.71361035,0.9945048,0.9642623,0.6965194,0.0,0.0,1.0,35.163124,0.71361035,0.0,0.10001598,0.8772711,0.0
2711,1.9712551,1.18331,1.0886221,0.9315887,0.0,0.0,1.0,29.431173,1.6381588,0.0,0.18024212,1.5809593,1.0
2712,1.2560349,1.0974171,0.98190284,0.8429882,0.0,0.0,1.0,25.527569,1.2175552,0.0,0.12430268,1.0902972,1.0
2713,0.6007417,0.9714555,0.86307526,0.72591513,0.0,0.0,1.0,14.206827,0.6007417,0.0,0.10813477,0.94848347,0.0
2714,0.74999636,0.99214715,0.9265902,0.8255162,0.0,0.0,1.0,16.396439,0.7020653,0.0,0.13624664,1.1950613,1.0
2715,0.662934,0.984156,0.9629547,0.69941294,0.0,0.0,1.0,16.396439,0.662934,0.0,0.082292154,0.7218099,0.0
2716,0.8454396,1.0053536,0.82936764,0.76847875,0.0,0.0,1.0,14.240399,0.76673496,0.0,0.14744471,1.2932831,1.0
2717,1.4464613,1.1213558,1.0152653,0.685187,0.0,0.0,1.0,14.502248,1.3347789,0.0,0.14126289,1.2390604,1.0
2718,1.3626394,1.1022199,0.91431403,0.851611,0.0,0.0,1.0,16.549883,1.2410738,0.0,0.14591464,1.2798624,1.0
2719,2.020832,1.1818398,0.94010687,0.9070209,0.0,0.0,1.0,15.380151,1.6309595,0.0,0.19187394,1.6829855,1.0
2720,1.1222937,1.0680223,0.9183345,0.65683615,0.0,0.0,1.0,17.032278,1.0736133,0.0,0.12877785,1.1295503,1.0
2721,1.4470103,1.1406645,0.9661681,0.7737866,0.0,0.0,1.0,17.012913,1.4293303,0.0,0.11803726,1.0353413,1.0
2722,1.1486061,1.0818846,0.91739684,0.6872712,0.0,0.0,1.0,16.397985,1.1414951,0.0,0.11603727,1.0177988,1.0
2723,0.96956307,1.0467738,0.9215706,0.6689032,0.0,0.0,1.0,16.397985,0.96956307,0.0,0.107854165,0.9460222,0.0
2724,1.2837056,1.1109259,0.87318623,0.7654201,0.0,0.0,1.0,16.397985,1.2837056,0.0,0.11229066,0.98493606,0.0
2725,0.9197751,1.0366064,1.029823,0.7811412,0.0,0.0,1.0,16.397985,0.9197751,0.0,0.10993314,0.96425754,0.0
2726,1.0680734,1.0597643,0.8463205,0.92166406,0.0,0.0,1.0,29.560001,1.0331753,0.0,0.12501064,1.096507,1.0
2727,1.137399,1.0810481,0.8715864,0.77949244,0.0,0.0,1.0,29.560001,1.137399,0.0,0.09713986,0.8520437,0.0
2728,1.4347569,1.1417726,0.9986509,0.7480784,0.0,0.0,1.0,29.129698,1.4347569,0.0,0.100664385,0.8829584,0.0
2729,0.9355675,1.031851,1.0826961,0.80171984,0.0,0.0,1.0,31.100664,0.89648885,0.0,0.12820722,1.1245451,1.0
2730,1.1920296,1.0922045,0.9876087,0.786982,0.0,0.0,1.0,29.758408,1.1920296,0.0,0.11392482,0.99926984,0.0
2731,1.6750034,1.1738448,1.040533,0.8037035,0.0,0.0,1.0,31.100664,1.5918092,0.0,0.13103239,1.1493256,1.0
2732,0.47327483,0.9422757,0.95918524,0.786101,0.0,0.0,1.0,29.758408,0.45785293,0.0,0.12497991,1.0962374,1.0
2733,1.1611772,1.0786079,1.0020311,0.7802058,0.0,0.0,1.0,29.758408,1.1254495,0.0,0.12434867,1.0907006,1.0
2734,1.8284396,1.2007664,1.0671929,0.7583842,0.0,0.0,1.0,31.100664,1.7236401,0.0,0.1338133,1.1737179,1.0
2735,1.5988998,1.157692,1.0719068,0.74700546,0.0,0.0,1.0,31.100664,1.5127113,0.0,0.13256733,1.162789,1.0
2736,1.621439,1.1730691,1.0162297,0.79353607,0.0,0.0,1.0,30.408825,1.5880108,0.0,0.120864965,1.060144,1.0
2737,1.841016,1.2247362,1.0886322,0.80848294,0.0,0.0,1.0,27.408533,1.841016,0.0,0.096913435,0.85005766,0.0
2738,1.6363043,1.1771001,1.0328168,0.7991177,0.0,0.0,1.0,30.57479,1.6077496,0.0,0.119793355,1.0507445,1.0
2739,1.2601116,1.1061077,1.0469733,0.7498659,0.0,0.0,1.0,29.473555,1.2601116,0.0,0.107893795,0.9463698,0.0
2740,1.4528514,1.1454678,0.99839133,0.75944483,0.0,0.0,1.0,28.732203,1.4528514,0.0,0.11275681,0.9890248,0.0
2741,1.6272519,1.1608732,1.0633132,0.7186722,0.0,0.0,1.0,28.732203,1.5282892,0.0,0.13510083,1.1850111,1.0
2742,1.3129116,1.0890995,0.94471675,0.80494624,0.0,0.0,1.0,28.732203,1.1768253,0.0,0.15167585,1.3303957,1.0
2743,1.2803495,1.1036221,0.93675566,0.82227963,0.0,0.0,1.0,27.798103,1.2479398,0.0,0.12246767,1.0742017,1.0
2744,1.357914,1.1260803,0.92446846,0.8055412,0.0,0.0,1.0,24.574507,1.357914,0.0,0.108615264,0.95269805,0.0
2745,1.4538461,1.1456709,0.9115998,0.7930096,0.0,0.0,1.0,25.853659,1.4538461,0.0,0.105881415,0.9287186,0.0
2746,1.1109841,1.0753297,0.91233975,0.7341978,0.0,0.0,1.0,27.832312,1.1093965,0.0,0.11447424,1.0040889,1.0
2747,1.0686132,1.0608163,0.9907485,0.78420985,0.0,0.0,1.0,15.442563,1.0383269,0.0,0.123509295,1.0833381,1.0
2748,1.1401262,1.0816051,0.85980874,0.7848354,0.0,0.0,1.0,16.116917,1.1401262,0.0,0.10045514,0.88112307,0.0
2749,1.1601462,1.0847794,0.9790672,0.7483112,0.0,0.0,1.0,16.773497,1.1556703,0.0,0.11526963,1.0110656,1.0
2750,0.261618,0.9022019,0.95101565,0.6417018,0.0,0.0,1.0,17.092384,0.261618,0.0,0.11078935,0.9717676,0.0
2751,0.36023325,0.92234045,1.0542022,0.7534562,0.0,0.0,1.0,18.33766,0.36023325,0.0,0.09442854,0.8282619,0.0
2752,0.89431703,1.0227637,0.8524387,0.7616285,0.0,0.0,1.0,19.571861,0.8519897,0.0,0.13019088,1.1419444,1.0
2753,0.28689262,0.90406215,1.0735677,0.7030689,0.0,0.0,1.0,20.099817,0.27072737,0.0,0.13345803,1.1706016,1.0
2754,0.02053371,0.8528236,1.0705589,0.7901863,0.0,0.0,1.0,21.310421,0.019820597,0.0,0.12572758,1.1027955,1.0
2755,1.1569899,1.0755994,1.1057106,0.80740404,0.0,0.0,1.0,20.90956,1.1107175,0.0,0.12757829,1.1190286,1.0
2756,1.0897498,1.0713176,0.9295095,0.7007525,0.0,0.0,1.0,21.847118,1.0897498,0.0,0.106121995,0.9308288,0.0
2757,1.2852933,1.1112502,1.0950965,0.69772863,0.0,0.0,1.0,21.847118,1.2852933,0.0,0.082989536,0.72792685,0.0
2758,1.4178556,1.1383212,1.0096838,0.7565128,0.0,0.0,1.0,21.724861,1.4178556,0.0,0.09259435,0.81217366,0.0
2759,1.8374908,1.2240163,1.2312199,0.7666888,0.0,0.0,1.0,21.724861,1.8374908,0.0,0.102477744,0.898864,0.0
2760,1.5108433,1.1573105,1.2314434,0.8186266,0.0,0.0,1.0,22.409296,1.5108433,0.0,0.091893345,0.8060249,0.0
2761,1.9211968,1.2411102,1.3519078,0.77982587,0.0,0.0,1.0,42.713333,1.9211968,0.33295983,0.094076924,0.8251778,0.0
2762,2.9642713,1.45412,1.5633173,0.6850901,0.0,0.0,1.0,43.760674,2.9642713,0.38109577,0.092932716,0.81514156,0.0
2763,2.0552595,1.2618473,1.5156986,0.78296554,0.0,0.0,1.0,46.05382,2.0227427,0.48648918,0.11924449,1.0459303,1.0
2764,2.5256388,1.3591881,1.4242257,0.867087,0.0,0.0,1.0,47.525604,2.499405,0.5541325,0.117427036,1.0299888,1.0
2765,2.6099997,1.358409,1.4101999,0.68856514,0.0,0.0,1.0,47.525604,2.4955902,0.5541325,0.12894139,1.1309848,1.0
2766,2.760217,1.4124494,1.5924336,0.81452894,0.0,0.0,1.0,47.525604,2.760217,0.5541325,0.11084863,0.9722876,0.0
2767,2.6523967,1.390431,1.4819939,0.7439557,0.0,0.0,1.0,46.05382,2.6523967,0.48648918,0.08848625,0.7761402,0.0
2768,2.18436,1.2948517,1.3991587,0.7396824,0.0,0.0,1.0,46.05382,2.18436,0.48648918,0.09374505,0.8222668,0.0
2769,3.7757196,1.6198287,1.6484344,0.7347276,0.0,0.0,1.0,47.525604,3.7757196,0.5541325,0.09465703,0.8302661,0.0
2770,1.6990677,1.1957484,1.266832,0.82398134,0.0,0.0,1.0,50.387096,1.6990677,0.68564713,0.10772979,0.94493127,0.0
2771,2.4420676,1.327213,1.6491115,0.8135403,0.0,0.0,1.0,50.41848,2.3428285,0.6870895,0.12780586,1.1210247,1.0
2772,2.1111054,1.2798921,1.4546611,0.76909906,0.0,0.0,1.0,47.555206,2.1111054,0.55549306,0.095851116,0.8407397,0.0
2773,2.2251167,1.3031747,1.5489879,0.8114279,0.0,0.0,1.0,50.22896,2.2251167,0.67837906,0.10018484,0.87875223,0.0
2774,1.4637446,1.1476923,1.314631,0.76546246,0.0,0.0,1.0,56.574123,1.4637446,0.9700038,0.09314892,0.81703794,0.0
2775,1.8614056,1.2232236,1.2293286,0.84197134,0.0,0.0,1.0,52.999523,1.8336089,0.80571467,0.118946105,1.043313,1.0
2776,2.4737148,1.3539418,1.5649986,0.75009155,0.0,0.0,1.0,52.999523,2.4737148,0.80571467,0.10722117,0.94047004,0.0
2777,1.5656339,1.1684995,1.2585138,0.77115947,0.0,0.0,1.0,52.999523,1.5656339,0.80571467,0.09097181,0.79794186,0.0
2778,1.7638656,1.208981,1.1742339,0.77150553,0.0,0.0,1.0,54.437534,1.7638656,0.87180585,0.108232364,0.9493395,0.0
2779,2.4297307,1.3449596,1.2523389,0.61858267,0.0,0.0,1.0,54.437534,2.4297307,0.87180585,0.09243389,0.8107662,0.0
2780,2.77495,1.4154581,1.4463822,0.788998,0.0,0.0,1.0,56.574123,2.77495,0.9700038,0.099346414,0.8713981,0.0
2781,2.681742,1.3961426,1.3447393,0.81379384,0.0,0.0,1.0,54.437534,2.6803653,0.87180585,0.11417535,1.0014672,1.0
2782,2.672734,1.3761028,1.2933687,0.7890846,0.0,0.0,1.0,54.437534,2.5822337,0.87180585,0.1254243,1.1001352,1.0
2783,1.9767213,1.252449,1.4257672,0.77629155,0.0,0.0,1.0,56.574123,1.9767213,0.9700038,0.08012107,0.70276666,0.0
2784,3.2622166,1.5149645,1.474898,0.7614134,0.0,0.0,1.0,59.92176,3.2622166,1.1238617,0.08916708,0.782112,0.0
2785,2.9826436,1.4578719,1.4335152,0.7171961,0.0,0.0,1.0,61.100002,2.9826436,1.1780139,0.080751225,0.708294,0.0
2786,3.1547346,1.4930152,1.4707167,0.77447003,0.0,0.0,1.0,62.354355,3.1547346,1.2356641,0.095711954,0.83951914,0.0
2787,1.6916518,1.194234,1.4562902,0.74570465,0.0,0.0,1.0,62.354355,1.6916518,1.2356641,0.0780287,0.68441385,0.0
2788,2.0893672,1.2754529,1.4953423,0.786225,0.0,0.0,1.0,64.16394,2.0893672,1.3188329,0.09657104,0.8470545,0.0
2789,1.9662722,1.2503152,1.4835798,0.78379446,0.0,0.0,1.0,64.75666,1.9662722,1.3460745,0.08542443,0.7492841,0.0
2790,1.3267787,1.119722,1.2805411,0.78801894,0.0,0.0,1.0,57.077824,1.3267787,0.9931539,0.091524675,0.80279124,0.0
2791,2.5892813,1.377542,1.5746344,0.7046195,0.0,0.0,1.0,56.616203,2.5892813,0.97193784,0.093261726,0.81802744,0.0
2792,2.7468016,1.4097098,1.5887293,0.7618756,0.0,0.0,1.0,56.616203,2.7468016,0.97193784,0.081090264,0.71126777,0.0
2793,1.8727667,1.2312201,1.5821192,0.72179794,0.0,0.0,1.0,53.975502,1.8727667,0.8505708,0.070919506,0.6220569,0.0
2794,1.9664764,1.2503569,1.2475827,0.8647304,0.0,0.0,1.0,53.975502,1.9664764,0.8505708,0.10361367,0.9088275,0.0
2795,0.6796079,0.95244664,1.5386304,0.77151936,0.0,0.0,1.0,53.95242,0.50765836,0.8495099,0.09051277,0.79391545,0.0
2796,1.8003772,1.2164372,1.5761781,0.8364344,0.0,0.0,1.0,53.95242,1.8003772,0.8495099,0.082049906,0.7196851,0.0
2797,2.1866665,1.2953227,1.3294594,0.7579638,0.0,0.0,1.0,53.563828,2.1866665,0.83165014,0.11003002,0.96510726,0.0
2798,1.0009046,1.0531741,0.982477,0.68459094,0.0,0.0,1.0,50.788727,1.0009046,0.70410615,0.09994526,0.87665075,0.0
2799,1.8783917,1.2323688,1.3092933,0.80420387,0.0,0.0,1.0,52.876175,1.8783917,0.80004555,0.10016703,0.87859595,0.0
2800,2.208087,1.299697,1.2212199,0.86541516,0.0,0.0,1.0,52.876175,2.208087,0.80004555,0.090035796,0.7897318,0.0
2801,2.0324326,1.263826,1.5289521,0.7235109,0.0,0.0,1.0,52.876175,2.0324326,0.80004555,0.08145308,0.7144501,0.0
2802,2.0869043,1.2749499,1.4895446,0.7371161,0.0,0.0,1.0,52.876175,2.0869043,0.80004555,0.0882176,0.77378386,0.0
2803,1.7150764,1.1990176,1.1597207,0.7296494,0.0,0.0,1.0,50.949383,1.7150764,0.7114899,0.08619331,0.7560281,0.0
2804,2.1742518,1.2927874,1.2373685,0.8159612,0.0,0.0,1.0,47.216484,2.1742518,0.53992534,0.08558819,0.75072044,0.0
2805,1.6558254,1.1869178,1.3374861,0.7621195,0.0,0.0,1.0,46.66556,1.6558254,0.51460487,0.10879335,0.95426005,0.0
2806,1.9526055,1.2475243,1.2451453,0.72285384,0.0,0.0,1.0,46.66556,1.9526055,0.51460487,0.084018834,0.73695517,0.0
2807,1.8685046,1.2282372,1.3220327,0.6383858,0.0,0.0,1.0,50.949383,1.8581597,0.7114899,0.11582155,1.0159066,1.0
2808,0.44847792,0.9403612,1.015587,0.771819,0.0,0.0,1.0,28.495502,0.44847792,0.0,0.10344541,0.9073517,0.0
2809,1.6771339,1.1912693,1.3045398,0.73459053,0.0,0.0,1.0,28.495502,1.6771339,0.0,0.07558099,0.66294426,0.0
2810,0.5993242,0.97053546,0.95865875,0.7621095,0.0,0.0,1.0,28.495502,0.59623635,0.0,0.11569506,1.0147971,1.0
2811,2.096778,1.2769662,1.1806827,0.8629793,0.0,0.0,1.0,28.495502,2.096778,0.0,0.100325756,0.8799882,0.0
2812,0.9478322,1.0301872,0.91068745,0.71646565,0.0,0.0,1.0,29.584349,0.8883415,0.0,0.13582216,1.1913382,1.0
2813,0.46414134,0.9435599,1.0287651,0.7384332,0.0,0.0,1.0,29.584349,0.46414134,0.0,0.07494371,0.6573544,0.0
2814,0.90001184,1.0243891,0.91942763,0.73988026,0.0,0.0,1.0,29.584349,0.8599491,0.0,0.12918332,1.1331068,1.0
2815,0.35608602,0.92149353,0.8658406,0.6606641,0.0,0.0,1.0,29.972908,0.35608602,0.0,0.11027557,0.9672611,0.0
2816,1.1425382,1.0684158,1.0514615,0.74142176,0.0,0.0,1.0,29.972908,1.0755403,0.0,0.134299,1.177978,1.0
2817,2.2219732,1.3025328,1.1241248,0.86668015,0.0,0.0,1.0,28.81038,2.2219732,0.0,0.099608615,0.87369794,0.0
2818,1.358447,1.1261891,1.1347923,0.8000023,0.0,0.0,1.0,51.49286,1.358447,0.73646814,0.10416846,0.9136937,0.0
2819,0.5891745,0.8710188,0.9327502,0.8735355,0.0,0.0,1.0,51.49286,0.10891959,0.73646814,0.106010355,0.92984957,0.0
2820,1.22848,1.0996481,1.0875446,0.74996823,0.0,0.0,1.0,52.16327,1.22848,0.7672803,0.08538677,0.7489537,0.0
2821,1.2679181,1.1077019,1.0803118,0.801161,0.0,0.0,1.0,49.216484,1.2679181,0.6318456,0.11352365,0.99575096,0.0
2822,1.3944501,1.1319456,1.3000206,0.63004,0.0,0.0,1.0,51.792225,1.3866357,0.75022703,0.11584375,1.0161014,1.0
2823,1.95392,1.2477927,1.128034,0.7794425,0.0,0.0,1.0,51.499683,1.95392,0.7367818,0.09073816,0.7958925,0.0
2824,1.7025442,1.1883602,1.1007015,0.75853354,0.0,0.0,1.0,49.765892,1.6628888,0.6570965,0.121776044,1.0681353,1.0
2825,1.9847572,1.2540901,1.0773134,0.7960366,0.0,0.0,1.0,48.875706,1.9847572,0.6161834,0.08180612,0.71754676,0.0
2826,2.0163934,1.2605506,1.0831653,0.878365,0.0,0.0,1.0,48.655334,2.0163934,0.6060551,0.108911134,0.95529324,0.0
2827,1.2509433,1.1042354,1.1572319,0.9614959,0.0,0.0,1.0,48.655334,1.2509433,0.6060551,0.08788968,0.7709075,0.0
2828,1.7921791,1.214763,1.0962946,0.7418065,0.0,0.0,1.0,49.221474,1.7921791,0.63207495,0.08474224,0.7433004,0.0
2829,1.3150482,1.1173265,1.0361307,0.8150987,0.0,0.0,1.0,49.221474,1.3150482,0.63207495,0.07649801,0.67098767,0.0
2830,1.5478051,1.1648586,1.1439326,0.87487346,0.0,0.0,1.0,48.655334,1.5478051,0.6060551,0.09856636,0.864556,0.0
2831,1.0607008,1.0653853,1.0889535,0.80575037,0.0,0.0,1.0,48.655334,1.0607008,0.6060551,0.073019095,0.64047307,0.0
2832,1.9292189,1.2333174,1.2201686,0.78976667,0.0,0.0,1.0,48.875706,1.8830366,0.6161834,0.1219969,1.0700725,1.0
2833,1.1285709,1.0792453,1.0160663,0.7875584,0.0,0.0,1.0,48.875706,1.1285709,0.6161834,0.10856499,0.95225704,0.0
2834,2.474197,1.3540403,1.3275068,0.7446289,0.0,0.0,1.0,48.655334,2.474197,0.6060551,0.07323513,0.64236796,0.0
2835,1.6453576,1.1847801,1.0019836,0.8382668,0.0,0.0,1.0,50.538525,1.6453576,0.6926068,0.08546743,0.7496612,0.0
2836,0.793668,1.0108536,1.1609064,0.74251384,0.0,0.0,1.0,54.69666,0.793668,0.8837153,0.07814872,0.6854666,0.0
2837,1.466026,1.1481582,1.074034,0.7196153,0.0,0.0,1.0,48.006165,1.466026,0.57621914,0.08274647,0.72579485,0.0
2838,1.332288,1.1208471,1.0850874,0.7301984,0.0,0.0,1.0,44.525036,1.332288,0.41622597,0.10377973,0.9102841,0.0
2839,2.118424,1.2813866,1.3885298,0.78964084,0.0,0.0,1.0,40.06479,2.118424,0.21123235,0.097675584,0.85674274,0.0
2840,1.9448497,1.2459404,1.1106886,0.8256084,0.0,0.0,1.0,45.45885,1.9448497,0.45914423,0.100606196,0.882448,0.0
2841,0.76875067,1.0057652,1.0282828,0.69396,0.0,0.0,1.0,45.45885,0.76875067,0.45914423,0.099919885,0.8764282,0.0
2842,1.2587876,1.1058373,1.0595306,0.74834967,0.0,0.0,1.0,40.348373,1.2587876,0.22426593,0.09266221,0.8127689,0.0
2843,1.7568629,1.207551,1.174933,0.7227254,0.0,0.0,1.0,46.691666,1.7568629,0.5158046,0.085295424,0.7481525,0.0
2844,1.4059813,1.1301168,1.0969322,0.75893766,0.0,0.0,1.0,48.871284,1.3776803,0.6159802,0.12069953,1.0586929,1.0
2845,2.1548884,1.2888331,1.2914741,0.67123616,0.0,0.0,1.0,48.750507,2.1548884,0.6104292,0.06058977,0.5314516,0.0
2846,1.5271485,1.1606402,1.1407642,0.8181915,0.0,0.0,1.0,57.041904,1.5271485,0.9915031,0.08290924,0.72722256,0.0
2847,1.2781564,1.1097927,1.1320037,0.88396776,0.0,0.0,1.0,57.041904,1.2781564,0.9915031,0.09303857,0.81607,0.0
2848,2.1159558,1.2808826,1.5249703,0.83537036,0.0,0.0,1.0,52.597233,2.1159558,0.7872253,0.0566457,0.49685693,0.0
2849,0.72437876,0.99670386,1.0235744,0.8095295,0.0,0.0,1.0,48.750507,0.72437876,0.6104292,0.06784033,0.5950485,0.0
2850,2.2879543,1.316007,1.4803454,0.74535894,0.0,0.0,1.0,48.76142,2.2879543,0.61093086,0.10171241,0.892151,0.0
2851,1.9392551,1.244798,1.1917632,0.7258354,0.0,0.0,1.0,50.60844,1.9392551,0.69582015,0.057311635,0.50269806,0.0
2852,1.9383322,1.2446095,1.5987872,0.6945572,0.0,0.0,1.0,46.706448,1.9383322,0.51648396,0.06563562,0.5757103,0.0
2853,0.75142264,1.0022266,0.8745459,0.7549702,0.0,0.0,1.0,42.81772,0.75142264,0.3377574,0.0959866,0.8419281,0.0
2854,0.8226914,1.0167806,1.6707637,0.83862597,0.0,0.0,1.0,42.81772,0.8226914,0.3377574,0.06682882,0.5861762,0.0
2855,0.419423,0.9344278,0.7552834,0.7634916,0.0,0.0,1.0,42.81772,0.419423,0.3377574,0.09574306,0.83979195,0.0
2856,1.2828819,1.1107577,1.5639635,0.89730835,0.0,0.0,1.0,46.706448,1.2828819,0.51648396,0.09237207,0.81022394,0.0
2857,1.1079429,1.0750328,1.5147868,0.88536984,0.0,0.0,1.0,52.598118,1.1079429,0.787266,0.06624547,0.58105946,0.0
2858,0.744669,0.7532785,1.1689017,0.8397906,0.0,0.0,1.0,55.721916,0.0,0.93083626,0.09655216,0.84688884,0.0
2859,1.4244146,1.1396606,0.9465055,0.8569573,0.0,0.0,1.0,57.598198,1.4244146,1.0170704,0.08563166,0.75110173,0.0
2860,0.75093406,0.9762431,1.4823754,0.8706993,0.0,0.0,1.0,55.89231,0.6241856,0.9386676,0.09573462,0.8397179,0.0
2861,1.9411447,1.2269195,1.5886335,0.8831681,0.0,0.0,1.0,55.89231,1.8517075,0.9386676,0.12974115,1.1379997,1.0
2862,1.7025352,1.1964566,1.2025633,0.72306013,0.0,0.0,1.0,58.246857,1.7025352,1.0468829,0.090824254,0.7966476,0.0
2863,0.86745954,1.0238817,0.86281747,0.84454954,0.0,0.0,1.0,55.89231,0.8574641,0.9386676,0.117805205,1.0333059,1.0
2864,0.91048825,1.0207753,1.0103787,0.83204764,0.0,0.0,1.0,60.23178,0.8422528,1.1381103,0.09984132,0.87573904,0.0
2865,1.1221548,1.0769241,1.0137146,0.70367,0.0,0.0,1.0,60.23178,1.1172042,1.1381103,0.11545151,1.0126609,1.0
2866,1.3522335,1.1249202,1.6105602,0.7746231,0.0,0.0,1.0,61.333282,1.3522335,1.1887355,0.078593686,0.6893695,0.0
2867,0.9509884,1.0366929,1.5983511,0.9087652,0.0,0.0,1.0,61.333282,0.9201984,1.1887355,0.104622126,0.917673,0.0
2868,1.0879759,1.0709553,1.3748103,0.9031701,0.0,0.0,1.0,61.333282,1.0879759,1.1887355,0.072253935,0.6337616,0.0
2869,1.575874,1.1705906,1.1762266,0.8007565,0.0,0.0,1.0,57.187355,1.575874,0.998188,0.100623965,0.8826039,0.0
2870,0.9509884,0.92543155,0.99111766,0.7801189,0.0,0.0,1.0,61.333282,0.37536985,1.1887355,0.06448074,0.5655805,0.0
2871,0.7898329,0.9862302,1.2072548,0.75736576,0.0,0.0,1.0,56.95026,0.67309093,0.9872911,0.10056962,0.8821272,0.0
2872,1.3731183,1.1291852,1.0885025,0.7250784,0.0,0.0,1.0,56.95026,1.3731183,0.9872911,0.106063664,0.93031716,0.0
2873,0.90964305,1.0345373,0.9034427,0.75474584,0.0,0.0,1.0,51.409206,0.90964305,0.73262346,0.10184396,0.8933048,0.0
2874,0.72827905,0.9549512,1.0533359,0.777323,0.0,0.0,1.0,55.27615,0.5199229,0.9103488,0.104883835,0.91996855,0.0
2875,0.9705385,1.046973,1.3321475,0.72264963,0.0,0.0,1.0,56.95026,0.9705385,0.9872911,0.091580614,0.80328184,0.0
2876,0.2627195,0.90242684,0.7943995,0.7384065,0.0,0.0,1.0,28.807493,0.2627195,0.0,0.1100239,0.9650536,0.0
2877,1.7418209,1.2044792,1.4045625,0.5965843,0.0,0.0,1.0,26.380293,1.7418209,0.0,0.08846975,0.77599555,0.0
2878,0.0,0.8266957,0.7251762,0.7901564,0.0,0.0,1.0,27.49756,0.0,0.0,0.1016348,0.89147025,0.0
2879,1.2963892,1.1135161,1.0608209,0.9279253,0.0,0.0,1.0,26.15094,1.2963892,0.0,0.103248365,0.9056233,0.0
2880,0.13538587,0.8764236,0.77225846,0.749808,0.0,0.0,1.0,24.668472,0.13538587,0.0,0.09447955,0.82870936,0.0
2881,0.71806353,0.994959,0.8987516,0.62505895,0.0,0.0,1.0,22.041296,0.71583444,0.0,0.11502241,1.0088972,1.0
2882,0.45941502,0.9425947,0.94082034,0.71918386,0.0,0.0,1.0,19.850964,0.45941502,0.0,0.111760765,0.9802882,0.0
2883,0.7199414,0.9957977,0.9730484,0.7851173,0.0,0.0,1.0,40.54678,0.7199414,0.23338471,0.09465063,0.83021,0.0
2884,0.3305905,0.916287,0.8074601,0.76135635,0.0,0.0,1.0,36.6305,0.3305905,0.05339196,0.11359473,0.9963745,0.0
2885,1.197253,1.0932711,0.94795454,0.78888255,0.0,0.0,1.0,38.830444,1.197253,0.15450169,0.10720988,0.94037104,0.0
2886,1.3607633,1.1266621,0.9598555,0.7503431,0.0,0.0,1.0,37.826656,1.3607633,0.10836744,0.084172055,0.73829913,0.0
2887,0.2885215,0.90769595,0.92596126,0.8350873,0.0,0.0,1.0,35.220448,0.2885215,0.0,0.101939216,0.89414036,0.0
2888,0.9450795,1.0417739,1.0225648,0.7551253,0.0,0.0,1.0,27.577066,0.9450795,0.0,0.10041216,0.88074607,0.0
2889,2.1143703,1.2805588,1.36476,0.8243312,0.0,0.0,1.0,26.181534,2.1143703,0.0,0.09037649,0.7927201,0.0
2890,2.2071939,1.2995147,1.1704605,0.79154336,0.0,0.0,1.0,26.181534,2.2071939,0.0,0.09500375,0.8333072,0.0
2891,1.8926405,1.2352786,1.2396622,0.73166955,0.0,0.0,1.0,22.402515,1.8926405,0.0,0.09329317,0.8183032,0.0
2892,1.5952084,1.174539,1.3050096,0.71283454,0.0,0.0,1.0,20.786232,1.5952084,0.0,0.093460634,0.8197721,0.0
2893,2.5877957,1.3772386,1.5967165,0.7441406,0.0,0.0,1.0,20.843346,2.5877957,0.0,0.10641856,0.9334301,0.0
2894,2.8225443,1.4251775,1.4840835,0.7742547,0.0,0.0,1.0,20.843346,2.8225443,0.0,0.06941274,0.6088406,0.0
2895,2.9673688,1.4547526,1.6066452,0.7638689,0.0,0.0,1.0,21.132517,2.9673688,0.0,0.07635932,0.66977113,0.0
2896,3.3459427,1.5263273,1.5399238,0.6941055,0.0,0.0,1.0,20.816502,3.3178585,0.0,0.116765276,1.0241843,1.0
2897,2.7541866,1.4112179,1.4305645,0.7865853,0.0,0.0,1.0,20.816502,2.7541866,0.0,0.094982885,0.8331242,0.0
2898,4.1766453,1.7017031,2.19892,0.8210712,0.0,0.0,1.0,21.992777,4.1766453,0.0,0.07902417,0.69314545,0.0
2899,4.040788,1.6739593,2.0179155,0.80209684,0.0,0.0,1.0,20.800697,4.040788,0.0,0.08038955,0.7051216,0.0
2900,3.1799543,1.4981654,1.9343781,0.8106814,0.0,0.0,1.0,20.800697,3.1799543,0.0,0.08176289,0.71716756,0.0
2901,3.4890034,1.5612774,1.7450686,0.75196326,0.0,0.0,1.0,20.800697,3.4890034,0.0,0.09087955,0.7971326,0.0
2902,3.0931752,1.4586464,1.5336076,0.8327373,0.0,0.0,1.0,19.203102,2.9864364,0.0,0.12565033,1.1021179,1.0
2903,2.1381037,1.2785217,1.5748332,0.75440615,0.0,0.0,1.0,21.233217,2.1043947,0.0,0.119225875,1.045767,1.0
2904,2.0002651,1.257257,1.4225564,0.7559761,0.0,0.0,1.0,10.429081,2.0002651,0.0,0.089816295,0.78780645,0.0
2905,2.5114086,1.3616394,1.4276232,0.75888187,0.0,0.0,1.0,9.287317,2.5114086,0.0,0.0940075,0.8245688,0.0
2906,2.8681624,1.4344933,1.7333442,0.63318694,0.0,0.0,1.0,9.287317,2.8681624,0.0,0.08688815,0.7621228,0.0
2907,3.46069,1.5554954,1.9083854,0.8042343,0.0,0.0,1.0,7.7619715,3.46069,0.0,0.104901105,0.92012,0.0
2908,2.978279,1.4569806,1.4130794,0.7774277,0.0,0.0,1.0,6.477813,2.978279,0.0,0.06638414,0.58227575,0.0
2909,2.1817157,1.2943116,1.9301057,0.8195124,0.0,0.0,1.0,0.6986996,2.1817157,0.0,0.059692856,0.5235845,0.0
2910,2.7294462,1.4061656,1.8808024,0.8176996,0.0,0.0,1.0,0.69356364,2.7294462,0.0,0.09845052,0.86353993,0.0
2911,2.5120063,1.3617615,1.572601,0.8797997,0.0,0.0,1.0,0.69356364,2.5120063,0.0,0.07601495,0.6667506,0.0
2912,2.1744206,1.2928219,1.4825816,0.8798536,0.0,0.0,1.0,0.7009111,2.1744206,0.0,0.09897268,0.86811996,0.0
2913,2.424959,1.3439852,1.51278,0.6626829,0.0,0.0,1.0,0.70595855,2.424959,0.0,0.100732446,0.8835554,0.0
2914,0.64375305,0.97785115,1.0181371,0.7251877,0.0,0.0,1.0,0.70595855,0.6320601,0.0,0.12003412,1.0528563,1.0
2915,2.5155678,1.3624887,1.4254638,0.76148814,0.0,0.0,1.0,13.4330015,2.5155678,0.0,0.07478375,0.6559514,0.0
2916,1.7265669,1.2013642,1.3178486,0.783191,0.0,0.0,1.0,13.4330015,1.7265669,0.0,0.08754191,0.76785713,0.0
2917,1.5862712,1.1727139,1.163112,0.7476438,0.0,0.0,1.0,17.679623,1.5862712,0.0,0.11372081,0.9974804,0.0
2918,1.902734,1.2373399,1.2941864,0.8484028,0.0,0.0,1.0,22.54386,1.902734,0.0,0.08303627,0.7283368,0.0
2919,1.5088872,1.156911,1.3388222,0.89146274,0.0,0.0,1.0,22.970163,1.5088872,0.0,0.084850244,0.74424773,0.0
2920,0.66552377,0.9846849,1.1574507,0.9412337,0.0,0.0,1.0,22.54386,0.66552377,0.0,0.08700029,0.7631064,0.0
2921,1.6153365,1.1786494,1.2865187,0.76443267,0.0,0.0,1.0,22.54386,1.6153365,0.0,0.10491247,0.92021966,0.0
2922,1.5791612,1.1712619,1.1132256,0.8749973,0.0,0.0,1.0,22.54386,1.5791612,0.0,0.1064594,0.9337883,0.0
2923,2.2262247,1.303401,1.3579259,0.78142214,0.0,0.0,1.0,22.54386,2.2262247,0.0,0.07665121,0.67233145,0.0
2924,2.2778876,1.3139513,1.2287776,0.7880612,0.0,0.0,1.0,22.970163,2.2778876,0.0,0.094537474,0.8292174,0.0
2925,2.3462102,1.3279036,1.1871713,0.8212736,0.0,0.0,1.0,24.607473,2.3462102,0.0,0.091678366,0.80413926,0.0
2926,2.2588842,1.3100705,1.2917937,0.80029714,0.0,0.0,1.0,24.607473,2.2588842,0.0,0.087348394,0.7661598,0.0
2927,2.6789212,1.3958477,1.3697841,0.77943605,0.0,0.0,1.0,24.939306,2.6789212,0.0,0.09443812,0.82834595,0.0
2928,2.0094948,1.2591418,1.2082046,0.810243,0.0,0.0,1.0,24.939306,2.0094948,0.0,0.09896657,0.8680664,0.0
2929,1.7669857,1.2096182,1.2159445,0.83406746,0.0,0.0,1.0,24.939306,1.7669857,0.0,0.0719878,0.6314272,0.0
2930,1.9261167,1.2421149,1.2222579,0.74015045,0.0,0.0,1.0,25.16896,1.9261167,0.0,0.09803332,0.8598805,0.0
2931,2.0257971,1.262471,1.253453,0.7504611,0.0,0.0,1.0,25.076918,2.0257971,0.0,0.11170279,0.9797797,0.0
2932,1.8145036,1.2095736,1.2068821,0.68667173,0.0,0.0,1.0,25.076918,1.7667674,0.0,0.12280914,1.077197,1.0
2933,2.4405644,1.347172,1.292793,0.7426113,0.0,0.0,1.0,22.970163,2.4405644,0.0,0.08123762,0.7125603,0.0
2934,2.7676952,1.4139766,1.279055,0.7763606,0.0,0.0,1.0,23.292965,2.7676952,0.0,0.10593123,0.9291555,0.0
2935,2.064197,1.2703128,1.1680287,0.7830318,0.0,0.0,1.0,25.290977,2.064197,0.0,0.07767004,0.6812679,0.0
2936,1.5684353,1.1690716,1.2230039,0.8588921,0.0,0.0,1.0,25.16896,1.5684353,0.0,0.09868257,0.8655753,0.0
2937,2.3911633,1.3370837,1.2825153,0.7696291,0.0,0.0,1.0,25.979315,2.3911633,0.0,0.0886931,0.7779546,0.0
2938,2.7639902,1.4132199,1.3435653,0.7442214,0.0,0.0,1.0,25.788118,2.7639902,0.0,0.09326834,0.81808543,0.0
2939,3.421691,1.5475312,1.3955958,0.81273305,0.0,0.0,1.0,26.365772,3.421691,0.0,0.10053373,0.8818124,0.0
2940,1.8660402,1.2298465,1.1814017,0.819934,0.0,0.0,1.0,26.533531,1.8660402,0.0,0.08430355,0.7394525,0.0
2941,1.5295513,1.1611309,1.1363673,0.807519,0.0,0.0,1.0,26.963455,1.5295513,0.0,0.073308416,0.64301074,0.0
2942,2.4006066,1.3390121,1.227644,0.8350983,0.0,0.0,1.0,26.963455,2.4006066,0.0,0.082744434,0.72577703,0.0
2943,1.421204,1.139005,1.1467043,0.79381263,0.0,0.0,1.0,27.118568,1.421204,0.0,0.09004511,0.78981346,0.0
2944,1.2715151,1.1084365,1.0084442,0.811089,0.0,0.0,1.0,26.533531,1.2715151,0.0,0.092189856,0.8086257,0.0
2945,1.187847,1.0913503,1.0731823,0.8509407,0.0,0.0,1.0,26.533531,1.187847,0.0,0.06166937,0.5409211,0.0
2946,1.3433611,1.1231084,1.045908,0.7753574,0.0,0.0,1.0,26.533531,1.3433611,0.0,0.102008305,0.89474636,0.0
2947,0.8373726,1.0197787,1.0713937,0.83240324,0.0,0.0,1.0,26.543367,0.8373726,0.0,0.08433867,0.7397606,0.0
2948,1.4009415,1.1304923,1.2400539,0.746829,0.0,0.0,1.0,26.543367,1.3795191,0.0,0.11906641,1.0443683,1.0
2949,1.1412085,1.0818261,0.8783289,0.7551971,0.0,0.0,1.0,26.543367,1.1412085,0.0,0.0828076,0.72633106,0.0
2950,0.8836598,1.0292312,1.098496,0.73068786,0.0,0.0,1.0,26.245132,0.8836598,0.0,0.07871812,0.6904609,0.0
2951,0.9274106,1.0381657,0.97902685,0.8664407,0.0,0.0,1.0,26.245132,0.9274106,0.0,0.10301244,0.90355396,0.0
2952,1.3519603,1.1248645,1.133048,0.7553273,0.0,0.0,1.0,26.768644,1.3519603,0.0,0.09837325,0.86286217,0.0
2953,1.4328995,1.1413933,1.0737108,0.7575002,0.0,0.0,1.0,29.255077,1.4328995,0.0,0.11284493,0.9897977,0.0
2954,1.1750875,1.0887446,0.96346074,0.7271826,0.0,0.0,1.0,30.570215,1.1750875,0.0,0.092512235,0.8114534,0.0
2955,1.0947485,1.0723383,1.0355227,0.6376147,0.0,0.0,1.0,30.122347,1.0947485,0.0,0.0989616,0.86802274,0.0
2956,1.0426868,1.0479077,1.0082856,0.7851607,0.0,0.0,1.0,31.210323,0.97511566,0.0,0.1365802,1.1979871,1.0
2957,1.4243615,1.1396497,1.1190946,0.83969176,0.0,0.0,1.0,33.89699,1.4243615,0.0,0.0841089,0.7377451,0.0
2958,1.4905709,1.1531706,1.0639802,0.82393944,0.0,0.0,1.0,34.68199,1.4905709,0.0,0.082369804,0.722491,0.0
2959,1.416495,1.1380433,1.0509923,0.78511745,0.0,0.0,1.0,38.094273,1.416495,0.12066713,0.10809884,0.94816834,0.0
2960,1.7826349,1.212814,1.2732526,0.75574195,0.0,0.0,1.0,38.094273,1.7826349,0.12066713,0.090053685,0.7898887,0.0
2961,1.005376,1.0540873,1.1270366,0.7065625,0.0,0.0,1.0,39.659546,1.005376,0.19260733,0.09036399,0.79261047,0.0
2962,1.1771649,1.0821202,1.1605937,0.7975019,0.0,0.0,1.0,41.462025,1.1426486,0.2754495,0.1238477,1.0863065,1.0
2963,1.2950175,1.113236,1.1821892,0.8032585,0.0,0.0,1.0,41.462025,1.2950175,0.2754495,0.07618735,0.6682628,0.0
2964,2.1802013,1.2940024,1.289177,0.805332,0.0,0.0,1.0,40.14483,2.1802013,0.214911,0.0848555,0.7442938,0.0
2965,0.28790385,0.8342683,0.9183622,0.75122035,0.0,0.0,1.0,43.299057,0.0,0.3598798,0.07670328,0.67278814,0.0
2966,1.2038424,1.0946168,1.1604866,0.6419506,0.0,0.0,1.0,43.299057,1.2038424,0.3598798,0.06908325,0.60595053,0.0
2967,0.3755103,0.9162992,0.99013734,0.7106395,0.0,0.0,1.0,45.681732,0.33065033,0.4693879,0.11919505,1.0454966,1.0
2968,1.6854132,1.19296,1.0513328,0.8183348,0.0,0.0,1.0,25.446768,1.6854132,0.0,0.08030887,0.7044139,0.0
2969,0.5823072,0.96769094,0.9884123,0.7166577,0.0,0.0,1.0,26.026667,0.5823072,0.0,0.08160488,0.7157816,0.0
2970,0.3346379,0.91711354,1.2976311,0.72358245,0.0,0.0,1.0,26.933714,0.3346379,0.0,0.07441268,0.6526966,0.0
2971,0.07165623,0.8619889,0.8274059,0.75888216,0.0,0.0,1.0,28.935457,0.06470152,0.0,0.14902127,1.3071116,1.0
2972,0.81853855,1.0159326,0.91626924,0.7502929,0.0,0.0,1.0,28.935457,0.81853855,0.0,0.108837195,0.9546447,0.0
2973,0.0,0.8434604,0.8389818,0.6481548,0.0,0.0,1.0,28.935457,0.0,0.0,0.12249348,1.0744282,1.0
2974,0.55294967,0.96169573,1.0274208,0.8486678,0.0,0.0,1.0,26.933714,0.55294967,0.0,0.08917665,0.7821959,0.0
2975,0.0,0.8153378,0.85236347,0.76470965,0.0,0.0,1.0,25.446768,0.0,0.0,0.085525244,0.7501683,0.0
2976,0.77405053,1.0068475,1.0250996,0.93624,0.0,0.0,1.0,24.634478,0.77405053,0.0,0.08998656,0.78929996,0.0
2977,0.52767247,0.9565338,1.0279772,0.79606164,0.0,0.0,1.0,23.694092,0.52767247,0.0,0.06942163,0.60891855,0.0
2978,0.7163061,0.9950553,0.9833287,0.85767233,0.0,0.0,1.0,23.694092,0.7163061,0.0,0.090139255,0.7906393,0.0
2979,0.5216552,0.955305,0.87212247,0.71852326,0.0,0.0,1.0,44.22352,0.5216552,0.40236816,0.07851792,0.68870497,0.0
2980,0.77049667,1.0061218,0.9492553,0.77085733,0.0,0.0,1.0,44.21147,0.77049667,0.4018145,0.105693184,0.9270676,0.0
2981,1.0769407,1.0687017,1.010929,0.75934404,0.0,0.0,1.0,43.4524,1.0769407,0.36692747,0.1020622,0.89521915,0.0
2982,0.37120536,0.92064285,0.8434176,0.7603777,0.0,0.0,1.0,43.4524,0.35192037,0.36692747,0.13185826,1.1565695,1.0
2983,0.95814145,1.0444413,0.8918823,0.6981311,0.0,0.0,1.0,43.4524,0.95814145,0.36692747,0.07509182,0.6586535,0.0
2984,0.5513551,0.9613701,0.9770885,0.84467334,0.0,0.0,1.0,44.21147,0.5513551,0.4018145,0.08472311,0.74313253,0.0
2985,0.40641534,0.93177146,0.8952894,0.6713438,0.0,0.0,1.0,40.197857,0.40641534,0.21734817,0.09461952,0.82993704,0.0
2986,0.95635575,1.0440767,0.94696516,0.7712933,0.0,0.0,1.0,36.892635,0.95635575,0.0654397,0.104569264,0.9172093,0.0
2987,0.7565871,1.0032812,0.96681833,0.6922246,0.0,0.0,1.0,38.092354,0.7565871,0.120578945,0.10371788,0.9097416,0.0
2988,0.9206712,1.0367894,0.8292112,0.6897379,0.0,0.0,1.0,37.18106,0.9206712,0.07869578,0.08667725,0.760273,0.0
2989,1.3339052,1.1197743,0.97770566,0.61648744,0.0,0.0,1.0,37.18106,1.3270348,0.07869578,0.1156945,1.0147922,1.0
2990,0.48648024,0.9481218,0.8345784,0.7307993,0.0,0.0,1.0,36.282722,0.48648024,0.037408017,0.08165479,0.71621937,0.0
2991,0.90380496,1.0333451,0.8948014,0.77854884,0.0,0.0,1.0,36.282722,0.90380496,0.037408017,0.102000624,0.894679,0.0
2992,0.4405376,0.9318357,0.8502487,0.6348885,0.0,0.0,1.0,34.852657,0.40672997,0.0,0.14108355,1.2374874,1.0
2993,0.7593955,1.0038548,0.91525173,0.6768918,0.0,0.0,1.0,34.852657,0.7593955,0.0,0.09583153,0.84056795,0.0
2994,0.534718,0.9579726,0.92921746,0.7250298,0.0,0.0,1.0,34.912994,0.534718,0.0,0.10791809,0.9465829,0.0
2995,0.0,0.7245905,0.8272932,0.68722814,0.0,0.0,1.0,34.912994,0.0,0.0,0.15715921,1.378492,1.0
2996,0.0,0.83116573,0.8977936,0.72196263,0.0,0.0,1.0,35.202858,0.0,0.0,0.11176757,0.9803479,0.0
2997,0.0343069,0.8557819,0.80696905,0.79482317,0.0,0.0,1.0,19.609566,0.0343069,0.0,0.09908193,0.8690783,0.0
2998,0.03326345,0.8555688,0.7937765,0.77458274,0.0,0.0,1.0,19.260677,0.03326345,0.0,0.096761554,0.8487255,0.0
2999,0.8475275,1.0218525,0.9763357,0.76908046,0.0,0.0,1.0,18.081778,0.8475275,0.0,0.108320266,0.9501105,0.0
3000,1.3225423,1.1188569,0.9955112,0.71029454,0.0,0.0,1.0,18.778828,1.3225423,0.0,0.08579994,0.7525778,0.0
3001,0.0,0.8341352,0.83201796,0.805482,0.0,0.0,1.0,18.627035,0.0,0.0,0.0805472,0.70650434,0.0
3002,0.0,0.83203065,0.92148966,0.6866572,0.0,0.0,1.0,17.665411,0.0,0.0,0.093065366,0.8163051,0.0
3003,1.0848043,1.0703076,0.89494807,0.74896765,0.0,0.0,1.0,18.627035,1.0848043,0.0,0.09529806,0.83588874,0.0
3004,1.2916527,1.1125488,0.99114144,0.90577084,0.0,0.0,1.0,19.266527,1.2916527,0.0,0.08113255,0.7116387,0.0
3005,1.2924513,1.1127119,1.0298238,0.8228974,0.0,0.0,1.0,17.469961,1.2924513,0.0,0.1045381,0.916936,0.0
3006,1.4667113,1.1482981,1.0701985,0.83755213,0.0,0.0,1.0,31.434345,1.4667113,0.0,0.08571773,0.7518567,0.0
3007,1.7152884,1.1990609,1.0189183,0.8478649,0.0,0.0,1.0,34.604416,1.7152884,0.0,0.09470581,0.83069396,0.0
3008,1.0541645,1.0640506,1.04146,0.7250441,0.0,0.0,1.0,34.604416,1.0541645,0.0,0.08227117,0.72162586,0.0
3009,0.69924694,0.9915716,0.9791403,0.7849524,0.0,0.0,1.0,31.699903,0.69924694,0.0,0.085728005,0.7519468,0.0
3010,1.6566701,1.1870903,1.062834,0.91060144,0.0,0.0,1.0,33.201405,1.6566701,0.0,0.0889908,0.7805658,0.0
3011,0.98815835,1.0505712,1.0039066,0.6000232,0.0,0.0,1.0,33.23184,0.98815835,0.0,0.09452554,0.8291127,0.0
3012,1.0016155,1.0533193,0.9522627,0.734385,0.0,0.0,1.0,34.341515,1.0016155,0.0,0.1105368,0.9695524,0.0
3013,1.190579,1.0919082,1.2103747,0.7135726,0.0,0.0,1.0,34.341515,1.190579,0.0,0.08472337,0.74313486,0.0
3014,1.5734129,1.170088,1.187677,0.79598147,0.0,0.0,1.0,34.341515,1.5734129,0.0,0.09701899,0.8509835,0.0
3015,1.5747136,1.1703537,1.0358908,0.8140159,0.0,0.0,1.0,34.63144,1.5747136,0.0,0.105701946,0.9271444,0.0
3016,2.0042334,1.2580674,1.251298,0.74092436,0.0,0.0,1.0,34.63144,2.0042334,0.0,0.09781386,0.8579556,0.0
3017,1.2705954,1.1057181,1.0219477,0.8160366,0.0,0.0,1.0,34.341515,1.258204,0.0,0.11721608,1.0281385,1.0
3018,1.3309054,1.1144267,0.9883102,0.83748853,0.0,0.0,1.0,34.341515,1.3008485,0.0,0.12153442,1.066016,1.0
3019,1.4308219,1.140969,1.006212,0.78626823,0.0,0.0,1.0,34.641247,1.4308219,0.0,0.07381815,0.6474818,0.0
3020,1.5367717,1.1626054,0.96173316,0.79626065,0.0,0.0,1.0,34.641247,1.5367717,0.0,0.09253408,0.81164503,0.0
3021,0.92085624,1.0368272,0.97755533,0.83267593,0.0,0.0,1.0,34.641247,0.92085624,0.0,0.0968448,0.84945565,0.0
3022,1.1203184,1.0775601,0.91064495,0.81315947,0.0,0.0,1.0,34.40664,1.1203184,0.0,0.078246675,0.6863258,0.0
3023,0.8973084,1.0320184,0.9129835,0.89137185,0.0,0.0,1.0,34.40664,0.8973084,0.0,0.08846609,0.7759634,0.0
3024,1.6545756,1.1866626,1.0276376,0.8856962,0.0,0.0,1.0,34.63208,1.6545756,0.0,0.112877935,0.9900873,0.0
3025,1.2718683,1.1085086,0.8746307,0.83669114,0.0,0.0,1.0,34.419174,1.2718683,0.0,0.07925863,0.69520193,0.0
3026,0.98169744,1.0492518,0.9270096,0.7680515,0.0,0.0,1.0,34.605732,0.98169744,0.0,0.08127259,0.71286696,0.0
3027,1.0322325,1.0595717,0.9929734,0.7555073,0.0,0.0,1.0,34.605732,1.0322325,0.0,0.081462026,0.7145286,0.0
3028,0.6092461,0.9731922,0.95795274,0.6849621,0.0,0.0,1.0,34.605732,0.6092461,0.0,0.0907435,0.79593927,0.0
3029,1.13481,1.0805194,1.0439861,0.84177816,0.0,0.0,1.0,32.642746,1.13481,0.0,0.081784256,0.71735495,0.0
3030,1.2501004,1.1040633,0.9872352,0.80392873,0.0,0.0,1.0,33.546093,1.2501004,0.0,0.09862098,0.8650351,0.0
3031,0.86408263,1.0252333,0.94204867,0.76294476,0.0,0.0,1.0,31.708403,0.86408263,0.0,0.05996303,0.52595425,0.0
3032,2.0514982,1.2677195,1.0649493,0.89375323,0.0,0.0,1.0,33.082253,2.0514982,0.0,0.085639596,0.75117135,0.0
3033,1.2260692,1.0991558,1.065026,0.7289157,0.0,0.0,1.0,33.082253,1.2260692,0.0,0.111826956,0.98086876,0.0
3034,1.3580874,1.1261157,1.1566694,0.71338904,0.0,0.0,1.0,35.142914,1.3580874,0.0,0.10814729,0.9485933,0.0
3035,1.9439669,1.2448921,1.2281108,0.73158395,0.0,0.0,1.0,35.53427,1.9397163,0.0030090867,0.11472186,1.0062609,1.0
3036,1.8084713,1.1996517,1.1247095,0.88500744,0.0,0.0,1.0,35.594646,1.7181814,0.0057839407,0.13112547,1.150142,1.0
3037,1.91299,1.2394342,1.1981041,0.7425645,0.0,0.0,1.0,35.594646,1.91299,0.0057839407,0.09065295,0.79514503,0.0
3038,2.2074163,1.2995601,1.1551509,0.89327574,0.0,0.0,1.0,35.98169,2.2074163,0.023572493,0.07405098,0.64952403,0.0
3039,1.9392668,1.2448003,1.18764,0.7358121,0.0,0.0,1.0,38.33315,1.9392668,0.13164592,0.07707805,0.6760754,0.0
3040,0.75698346,1.0033622,0.95863837,0.82071584,0.0,0.0,1.0,38.33315,0.75698346,0.13164592,0.0762473,0.6687886,0.0
3041,0.105316736,0.8557969,0.906664,0.7707606,0.0,0.0,1.0,38.33315,0.03438016,0.13164592,0.06766824,0.593539,0.0
3042,1.2250044,1.0989383,1.0910866,0.78691435,0.0,0.0,1.0,38.459686,1.2250044,0.1374616,0.08822132,0.77381647,0.0
3043,1.4709936,1.1491727,1.1225196,0.78515536,0.0,0.0,1.0,36.506607,1.4709936,0.047697786,0.09430512,0.8271794,0.0
3044,1.2621051,1.1065148,1.0975957,0.7203867,0.0,0.0,1.0,37.7553,1.2621051,0.10508783,0.07314184,0.6415497,0.0
3045,0.79466033,1.0110563,0.9864987,0.8008823,0.0,0.0,1.0,36.009617,0.79466033,0.024856042,0.08891769,0.7799245,0.0
3046,0.88244504,1.0289831,1.0193892,0.7638301,0.0,0.0,1.0,35.524014,0.88244504,0.0025376403,0.08114115,0.7117141,0.0
3047,1.273107,1.1087615,1.1753399,0.899555,0.0,0.0,1.0,39.675636,1.273107,0.19334684,0.06628136,0.58137435,0.0
3048,0.82564455,1.0173837,0.95129055,0.7194443,0.0,0.0,1.0,37.7553,0.82564455,0.10508783,0.09091398,0.7974346,0.0
3049,1.1057299,1.0745809,0.976159,0.7145419,0.0,0.0,1.0,40.31371,1.1057299,0.22267276,0.07552464,0.66244996,0.0
3050,0.8137092,1.0149463,0.8897083,0.713143,0.0,0.0,1.0,42.39823,0.8137092,0.31847772,0.09534502,0.8363006,0.0
3051,2.2368116,1.305563,1.0597966,0.73188287,0.0,0.0,1.0,42.90209,2.2368116,0.34163505,0.1133949,0.9946217,0.0
3052,0.6395435,0.97937936,0.9501097,1.0134308,0.0,0.0,1.0,42.89965,0.6395435,0.34152302,0.092200615,0.80872005,0.0
3053,0.82404333,1.0170567,0.8837584,0.881241,0.0,0.0,1.0,42.89965,0.82404333,0.34152302,0.078045756,0.68456346,0.0
3054,0.88540345,1.0295873,0.8481017,0.7626409,0.0,0.0,1.0,42.90209,0.88540345,0.34163505,0.0792961,0.6955306,0.0
3055,1.2163439,1.0971698,0.8962283,0.81091195,0.0,0.0,1.0,42.59681,1.2163439,0.32760438,0.08554461,0.7503382,0.0
3056,1.4139259,1.1375186,1.5159947,0.9411399,0.0,0.0,1.0,42.687553,1.4139259,0.33177498,0.08410218,0.7376862,0.0
3057,1.3226293,1.1188747,0.9358026,0.8573043,0.0,0.0,1.0,41.132027,1.3226293,0.26028275,0.077887885,0.6831787,0.0
3058,1.184337,1.0906335,0.8517738,0.8685039,0.0,0.0,1.0,41.047028,1.184337,0.25637618,0.0635155,0.55711406,0.0
3059,0.40976694,0.9324559,0.76000637,0.7753853,0.0,0.0,1.0,42.81826,0.40976694,0.3377823,0.08880317,0.77892005,0.0
3060,0.7219183,0.9962014,0.9483351,0.7478297,0.0,0.0,1.0,41.132027,0.7219183,0.26028275,0.063071065,0.5532158,0.0
3061,0.8388851,1.0200876,0.85747063,0.82743835,0.0,0.0,1.0,10.510961,0.8388851,0.0,0.09574726,0.83982885,0.0
3062,0.3741358,0.92517954,0.889559,0.7035972,0.0,0.0,1.0,11.041769,0.3741358,0.0,0.084023595,0.7369969,0.0
3063,0.449538,0.9405777,0.8745833,0.70031977,0.0,0.0,1.0,11.535592,0.449538,0.0,0.10135618,0.88902634,0.0
3064,1.2882507,1.1118541,1.1252522,0.7198622,0.0,0.0,1.0,25.3733,1.2882507,0.0,0.080284014,0.7041959,0.0
3065,0.18267971,0.88608164,0.8873589,0.6991442,0.0,0.0,1.0,25.3733,0.18267971,0.0,0.09592234,0.8413645,0.0
3066,0.6104652,0.9734412,0.8515254,0.69257826,0.0,0.0,1.0,25.172499,0.6104652,0.0,0.08849214,0.7761919,0.0
3067,0.43265337,0.9371296,0.9623289,0.89444965,0.0,0.0,1.0,25.172499,0.43265337,0.0,0.083930075,0.7361766,0.0
3068,0.70263094,0.99226266,1.2500556,0.74262,0.0,0.0,1.0,24.942331,0.70263094,0.0,0.088659436,0.7776593,0.0
3069,0.9340723,1.0395261,0.9065693,0.78537375,0.0,0.0,1.0,25.172499,0.9340723,0.0,0.09357695,0.8207924,0.0
3070,0.27820927,0.90559006,0.91830957,0.7769938,0.0,0.0,1.0,24.942331,0.27820927,0.0,0.09612437,0.8431366,0.0
3071,0.3296025,0.91608524,0.9193656,0.78877074,0.0,0.0,1.0,42.59681,0.3296025,0.32760438,0.07481264,0.6562048,0.0
3072,0.83845025,1.0199988,1.2554079,0.7461031,0.0,0.0,1.0,42.11994,0.83845025,0.3056875,0.104913354,0.92022747,0.0
3073,1.033932,1.0559555,1.1764419,0.7962948,0.0,0.0,1.0,42.11994,1.0145246,0.3056875,0.12023927,1.0546558,1.0
3074,1.0825261,1.0687212,1.1550432,0.75501966,0.0,0.0,1.0,40.43037,1.0770358,0.22803453,0.11566856,1.0145646,1.0
3075,1.6776335,1.1775748,1.1842076,0.77179337,0.0,0.0,1.0,39.78866,1.610074,0.19854134,0.12767617,1.1198871,1.0
3076,1.7296182,1.2019873,1.2272915,0.78942007,0.0,0.0,1.0,39.78866,1.7296182,0.19854134,0.10836732,0.9505232,0.0
3077,1.6435555,1.1844121,1.3654937,0.6705199,0.0,0.0,1.0,42.595196,1.6435555,0.32753024,0.112948224,0.99070376,0.0
3078,1.3480988,1.092726,1.0302103,0.79614574,0.0,0.0,1.0,42.595196,1.1945835,0.32753024,0.15586838,1.3671697,1.0
3079,1.278774,1.0967808,1.1291294,0.769244,0.0,0.0,1.0,41.497726,1.2144392,0.27709037,0.131264,1.151357,1.0
3080,1.5093862,1.1570129,1.1022909,0.66019714,0.0,0.0,1.0,41.497726,1.5093862,0.27709037,0.07553182,0.6625129,0.0
3081,1.518802,1.1589358,1.1684015,0.77982205,0.0,0.0,1.0,43.081573,1.518802,0.3498842,0.078414574,0.68779844,0.0
3082,1.4395466,1.1427507,1.0509324,0.92496604,0.0,0.0,1.0,43.187717,1.4395466,0.3547626,0.09090428,0.7973495,0.0
3083,1.951337,1.2472652,1.2511204,0.6881093,0.0,0.0,1.0,43.19437,1.951337,0.3550684,0.101091035,0.8867007,0.0
3084,1.9119176,1.2392153,1.1396646,0.7991413,0.0,0.0,1.0,43.55722,1.9119176,0.37174502,0.1048993,0.9201042,0.0
3085,3.1361465,1.4865884,1.3914162,0.74488336,0.0,0.0,1.0,43.55722,3.1232634,0.37174502,0.11535169,1.0117854,1.0
3086,1.0149834,1.0560492,1.0501183,0.7614477,0.0,0.0,1.0,41.689575,1.0149834,0.28590778,0.107292816,0.94109845,0.0
3087,0.83463776,1.0192202,1.1147393,0.79731935,0.0,0.0,1.0,43.31359,0.83463776,0.36054778,0.09145879,0.8022133,0.0
3088,1.3356901,1.1215419,0.995557,0.73216397,0.0,0.0,1.0,40.74137,1.3356901,0.24232817,0.087985165,0.7717451,0.0
3089,1.4740794,1.1498028,1.0004399,0.8295502,0.0,0.0,1.0,37.944298,1.4740794,0.11377426,0.097260185,0.8530991,0.0
3090,1.1178842,1.077063,1.0405122,0.6812127,0.0,0.0,1.0,37.944298,1.1178842,0.11377426,0.10030042,0.8797659,0.0
3091,0.7630509,1.0046012,1.035099,0.71986324,0.0,0.0,1.0,37.944298,0.7630509,0.11377426,0.088664845,0.77770674,0.0
3092,0.45590204,0.9418773,1.0649257,0.9276581,0.0,0.0,1.0,22.465683,0.45590204,0.0,0.09367732,0.82167274,0.0
3093,0.58484626,0.96820945,1.0561724,0.798531,0.0,0.0,1.0,22.465683,0.58484626,0.0,0.09927602,0.87078065,0.0
3094,0.9127678,1.0351754,0.8614026,0.8237495,0.0,0.0,1.0,20.80369,0.9127678,0.0,0.09055423,0.79427916,0.0
3095,1.2497302,1.1039877,0.9333086,0.7287492,0.0,0.0,1.0,20.80369,1.2497302,0.0,0.08943422,0.7844552,0.0
3096,0.34988514,0.9202272,0.80106664,0.7650096,0.0,0.0,1.0,20.80369,0.34988514,0.0,0.08233051,0.72214633,0.0
3097,0.16219918,0.88189924,0.8121048,0.7729973,0.0,0.0,1.0,20.796513,0.16219918,0.0,0.08851188,0.77636504,0.0
3098,0.14528216,0.87844455,0.7693604,0.79053116,0.0,0.0,1.0,20.80369,0.14528216,0.0,0.07946086,0.69697577,0.0
3099,0.7336046,0.9985879,0.9056035,0.78918123,0.0,0.0,1.0,35.85115,0.7336046,0.017572906,0.096442424,0.8459263,0.0
3100,0.67124075,0.98585236,0.8738735,0.6807179,0.0,0.0,1.0,35.85115,0.67124075,0.017572906,0.111957334,0.9820124,0.0
3101,1.40887,1.1364862,1.2167423,0.67060643,0.0,0.0,1.0,36.055344,1.40887,0.026957652,0.0749596,0.65749377,0.0
3102,1.1480314,1.0832194,1.1184679,0.77677065,0.0,0.0,1.0,35.998875,1.1480314,0.02436233,0.0811084,0.71142685,0.0
3103,0.73210585,0.99828184,0.94371593,0.71350354,0.0,0.0,1.0,35.998875,0.73210585,0.02436233,0.101749524,0.8924765,0.0
3104,1.0670812,1.0666883,1.0338365,0.7676458,0.0,0.0,1.0,36.055344,1.0670812,0.026957652,0.1105974,0.970084,0.0
3105,1.278185,1.1097986,1.0605347,0.77255505,0.0,0.0,1.0,36.059902,1.278185,0.027167164,0.09790396,0.8587459,0.0
3106,1.2126961,1.0964248,1.041289,0.79044497,0.0,0.0,1.0,32.15027,1.2126961,0.0,0.10604859,0.93018496,0.0
3107,0.83755124,1.0198152,1.0543936,0.69196045,0.0,0.0,1.0,31.949604,0.83755124,0.0,0.10696261,0.9382021,0.0
3108,0.96068543,1.0449609,0.9582474,0.78738105,0.0,0.0,1.0,31.949604,0.96068543,0.0,0.091906734,0.80614233,0.0
3109,1.9455193,1.2460772,1.0941951,0.81217855,0.0,0.0,1.0,33.339993,1.9455193,0.0,0.1046704,0.9180964,0.0
3110,1.5687255,1.1691308,1.1058677,0.779636,0.0,0.0,1.0,33.339993,1.5687255,0.0,0.1034663,0.9075349,0.0
3111,1.3606507,1.1266391,1.031467,0.8334829,0.0,0.0,1.0,33.368176,1.3606507,0.0,0.090143435,0.79067594,0.0
3112,1.1423596,1.0820612,1.108994,0.78211355,0.0,0.0,1.0,33.368176,1.1423596,0.0,0.10689301,0.9375916,0.0
3113,1.4117111,1.1370664,0.9746596,0.79931957,0.0,0.0,1.0,33.144886,1.4117111,0.0,0.09710722,0.8517574,0.0
3114,0.92312324,1.0307456,1.0540081,0.8197066,0.0,0.0,1.0,31.503252,0.89107573,0.0,0.1257232,1.102757,1.0
3115,1.3893138,1.1324925,1.001352,0.7552213,0.0,0.0,1.0,29.278904,1.3893138,0.0,0.07838739,0.68756,0.0
3116,1.8876833,1.2342663,1.0741465,0.78527147,0.0,0.0,1.0,29.278904,1.8876833,0.0,0.11102911,0.97387064,0.0
3117,1.2386495,1.1017249,0.89425355,0.81910723,0.0,0.0,1.0,28.544691,1.2386495,0.0,0.099572875,0.8733845,0.0
3118,1.0826106,1.0698596,0.8758866,0.8077749,0.0,0.0,1.0,29.115036,1.0826106,0.0,0.11008987,0.96563226,0.0
3119,1.5481938,1.164938,1.0007561,0.7423283,0.0,0.0,1.0,29.115036,1.5481938,0.0,0.09055929,0.7943235,0.0
3120,0.7750201,1.0070455,0.9749825,0.7833481,0.0,0.0,1.0,27.678106,0.7750201,0.0,0.0967874,0.8489522,0.0
3121,1.4266557,1.1401182,1.0291542,0.72521555,0.0,0.0,1.0,27.678106,1.4266557,0.0,0.10710015,0.93940854,0.0
3122,0.26122686,0.902122,0.9135798,0.78431153,0.0,0.0,1.0,27.678106,0.26122686,0.0,0.09530253,0.83592796,0.0
3123,1.2335864,1.0900412,1.0072751,0.6847869,0.0,0.0,1.0,28.153757,1.1814363,0.0,0.12838651,1.1261178,1.0
3124,0.96889174,1.0466367,0.8551796,0.8662673,0.0,0.0,1.0,28.153757,0.96889174,0.0,0.095269464,0.8356379,0.0
3125,1.1257391,1.078667,0.82077956,0.8527389,0.0,0.0,1.0,29.134844,1.1257391,0.0,0.06446147,0.56541145,0.0
3126,0.43867052,0.935865,0.91223264,0.8293943,0.0,0.0,1.0,28.153757,0.42646068,0.0,0.12333413,1.0818018,1.0
3127,0.9345936,1.0396326,0.86949176,0.71180475,0.0,0.0,1.0,25.451952,0.9345936,0.0,0.094423525,0.8282179,0.0
3128,1.0150913,1.0560713,0.9078476,0.6741723,0.0,0.0,1.0,25.451952,1.0150913,0.0,0.085969456,0.7540647,0.0
3129,0.913417,1.035308,1.0315691,0.6568584,0.0,0.0,1.0,25.81228,0.913417,0.0,0.10922534,0.9580492,0.0
3130,0.9991609,1.0528181,0.82228094,0.81364924,0.0,0.0,1.0,25.549585,0.9991609,0.0,0.09090456,0.797352,0.0
3131,1.052627,1.0637366,0.8690769,0.73720765,0.0,0.0,1.0,25.549585,1.052627,0.0,0.09459876,0.82975495,0.0
3132,0.4252164,0.9356109,0.7461595,0.8123572,0.0,0.0,1.0,25.347578,0.4252164,0.0,0.09156162,0.8031153,0.0
3133,0.58927923,0.9691147,0.8634174,0.8117953,0.0,0.0,1.0,25.549585,0.58927923,0.0,0.07778792,0.6823019,0.0
3134,0.58264345,0.9677596,0.85457605,0.7468479,0.0,0.0,1.0,25.75221,0.58264345,0.0,0.07704943,0.67582434,0.0
3135,0.8598399,1.0209992,0.8550117,0.81341,0.0,0.0,1.0,25.75221,0.84334904,0.0,0.12037753,1.0558685,1.0
3136,0.77427816,1.006894,0.8249713,0.85330015,0.0,0.0,1.0,25.517906,0.77427816,0.0,0.07551681,0.6623813,0.0
3137,0.78852683,0.99892354,0.90147716,0.750604,0.0,0.0,1.0,23.940315,0.73524815,0.0,0.13761213,1.2070385,1.0
3138,0.94085723,1.0409117,0.9517717,0.70179063,0.0,0.0,1.0,24.433489,0.94085723,0.0,0.09502233,0.8334702,0.0
3139,0.6005307,0.9714124,0.85165435,0.7321583,0.0,0.0,1.0,24.433489,0.6005307,0.0,0.113228925,0.9931659,0.0
3140,0.4964143,0.9435283,0.91456985,0.8266079,0.0,0.0,1.0,25.75221,0.46398667,0.0,0.13677357,1.1996833,1.0
3141,1.17085,1.0878793,0.9711496,0.6079519,0.0,0.0,1.0,27.444355,1.17085,0.0,0.08707072,0.76372415,0.0
3142,1.4454325,1.1353725,0.9585396,0.6300272,0.0,0.0,1.0,27.444355,1.4034166,0.0,0.1237601,1.085538,1.0
3143,1.0874318,1.0708442,0.8538726,0.7853374,0.0,0.0,1.0,27.646723,1.0874318,0.0,0.11344997,0.99510473,0.0
3144,0.102508865,0.8697097,0.85211354,0.7800958,0.0,0.0,1.0,27.646723,0.102508865,0.0,0.082714535,0.72551477,0.0
3145,1.2129407,1.0964748,0.89322144,0.77427316,0.0,0.0,1.0,26.322624,1.2129407,0.0,0.085349545,0.74862725,0.0
3146,1.1465557,1.082918,1.0211515,0.7108974,0.0,0.0,1.0,24.48883,1.1465557,0.0,0.11357569,0.9962075,0.0
3147,0.63680744,0.9788206,0.9257601,0.7763521,0.0,0.0,1.0,24.48883,0.63680744,0.0,0.082643695,0.7248934,0.0
3148,0.7402932,0.9999538,0.9509764,0.7277094,0.0,0.0,1.0,24.48883,0.7402932,0.0,0.10425726,0.9144727,0.0
3149,0.9680185,1.0464584,0.8463117,0.77611756,0.0,0.0,1.0,24.065525,0.9680185,0.0,0.060871523,0.5339229,0.0
3150,1.2168634,1.0972759,1.0652548,0.8510578,0.0,0.0,1.0,24.065525,1.2168634,0.0,0.08559176,0.7507518,0.0
3151,1.1659232,1.0868732,0.9587711,0.7631632,0.0,0.0,1.0,24.070404,1.1659232,0.0,0.064086415,0.56212175,0.0
3152,0.0,0.75338113,0.7714552,0.78477883,0.0,0.0,1.0,23.766148,0.0,0.0,0.070426024,0.6177284,0.0
3153,0.6585203,0.9832547,0.9095702,0.777733,0.0,0.0,1.0,23.766148,0.6585203,0.0,0.09065449,0.79515857,0.0
3154,0.9435477,1.0414611,0.93452305,0.7636383,0.0,0.0,1.0,13.299756,0.9435477,0.0,0.07777275,0.68216884,0.0
3155,0.0,0.8462987,0.75211203,0.8036323,0.0,0.0,1.0,13.0907135,0.0,0.0,0.15228948,1.3357781,1.0
3156,0.18657303,0.8868767,0.8218709,0.6942014,0.0,0.0,1.0,13.35732,0.18657303,0.0,0.09946196,0.87241155,0.0
3157,0.0,0.8265045,0.72405654,0.6415406,0.0,0.0,1.0,14.401509,0.0,0.0,0.10814891,0.9486075,0.0
3158,0.0,0.78629607,0.63250047,0.7522748,0.0,0.0,1.0,13.647419,0.0,0.0,0.1159065,1.0166517,1.0
3159,0.0,0.7690455,0.6937085,0.66482586,0.0,0.0,1.0,14.686323,0.0,0.0,0.09532905,0.8361606,0.0
3160,0.0,0.8204701,0.68370646,0.7146774,0.0,0.0,1.0,14.686323,0.0,0.0,0.09756102,0.8557378,0.0
3161,0.0,0.8285153,0.73487115,0.7201587,0.0,0.0,1.0,15.7899685,0.0,0.0,0.13060917,1.1456134,1.0
3162,0.78793395,0.9946883,0.80862665,0.7066741,0.0,0.0,1.0,15.190617,0.7145088,0.0,0.14748187,1.2936091,1.0
3163,0.5101956,0.9529648,0.80890167,0.7023944,0.0,0.0,1.0,15.140009,0.5101956,0.0,0.096172325,0.8435572,0.0
3164,0.26127765,0.9021324,0.81974196,0.7899019,0.0,0.0,1.0,35.83637,0.26127765,0.016893525,0.07906123,0.6934705,0.0
3165,0.01351482,0.7868467,0.8378237,0.6300598,0.0,0.0,1.0,35.83637,0.0,0.016893525,0.0896124,0.7860181,0.0
3166,0.46392903,0.9408871,0.9407742,0.7523935,0.0,0.0,1.0,27.050293,0.4510531,0.0,0.12330669,1.0815611,1.0
3167,1.0087053,1.036213,0.85670996,0.86462206,0.0,0.0,1.0,24.291063,0.91784877,0.0,0.14625235,1.2828245,1.0
3168,0.0,0.7698275,1.0377802,0.86503637,0.0,0.0,1.0,27.922626,0.0,0.0,0.15132137,1.3272865,1.0
3169,1.3610985,1.0810935,1.013216,0.8230834,0.0,0.0,1.0,31.059479,1.1376213,0.0,0.17799677,1.5612646,1.0
3170,1.1464051,1.0800525,0.9544753,0.82236516,0.0,0.0,1.0,35.02172,1.1325234,0.0,0.118000746,1.035021,1.0
3171,1.2797215,1.1101123,1.0324755,0.77501863,0.0,0.0,1.0,40.234142,1.2797215,0.21901585,0.104538515,0.9169396,0.0
3172,1.3496654,1.1117003,1.033723,0.7386775,0.0,0.0,1.0,40.260014,1.2874976,0.2202049,0.12973654,1.1379594,1.0
3173,1.1952255,1.0870562,1.0858264,0.78292125,0.0,0.0,1.0,45.427105,1.1668192,0.4576852,0.121938154,1.0695572,1.0
3174,1.1524415,1.08412,0.89522654,0.71882993,0.0,0.0,1.0,47.11708,1.1524415,0.5353567,0.1122227,0.98434,0.0
3175,0.94898736,1.0266886,0.99563587,0.72726804,0.0,0.0,1.0,47.11708,0.871209,0.5353567,0.14308871,1.2550753,1.0
3176,1.199789,1.0867044,1.0400621,0.751084,0.0,0.0,1.0,54.458332,1.1650966,0.8727617,0.12370736,1.0850755,1.0
3177,0.9137249,0.98734766,1.0430205,0.7331619,0.0,0.0,1.0,60.31981,0.678563,1.1421561,0.13688008,1.2006176,1.0
3178,1.126972,1.0692567,0.90984094,0.72031593,0.0,0.0,1.0,57.48061,1.079658,1.011666,0.12828289,1.1252089,1.0
3179,1.6250011,1.180623,1.0164176,0.736859,0.0,0.0,1.0,63.685005,1.6250011,1.296821,0.098343976,0.8626054,0.0
3180,1.0374569,0.9897742,0.85344994,0.7520061,0.0,0.0,1.0,63.685005,0.6904455,1.296821,0.118558064,1.0399094,1.0
3181,1.2528247,1.0026323,0.8597986,0.6972389,0.0,0.0,1.0,69.542465,0.75340915,1.5660307,0.115678854,1.014655,1.0
3182,1.3716643,1.1064736,1.1203399,0.76017565,0.0,0.0,1.0,72.774605,1.2619032,1.7145803,0.10334248,0.90644884,0.0
3183,0.5933765,0.969916,0.92283857,0.7521932,0.0,0.0,1.0,35.94347,0.5932029,0.021815922,0.114103414,1.0008363,1.0
3184,1.0303638,1.0548501,0.85994667,0.80696404,0.0,0.0,1.0,40.891273,1.0091114,0.2492177,0.12086826,1.0601728,1.0
3185,0.19874768,0.88936293,0.90496826,0.69316685,0.0,0.0,1.0,35.94347,0.19874768,0.021815922,0.102023214,0.89487714,0.0
3186,0.2923862,0.9084852,0.9136341,0.77430147,0.0,0.0,1.0,40.891273,0.2923862,0.2492177,0.110206895,0.9666587,0.0
3187,0.24479735,0.8974807,0.8367737,0.76403487,0.0,0.0,1.0,35.94347,0.23849921,0.021815922,0.12260995,1.0754497,1.0
3188,0.9692364,1.0279562,0.93412876,0.7153164,0.0,0.0,1.0,32.267483,0.8774166,0.0,0.14809577,1.2989938,1.0
3189,1.0413519,1.0422821,0.93581355,0.7012981,0.0,0.0,1.0,34.192398,0.947568,0.0,0.14624737,1.2827809,1.0
3190,1.1134874,1.0761651,0.95005965,0.71732545,0.0,0.0,1.0,34.192398,1.1134874,0.0,0.09766024,0.85660815,0.0
3191,1.0374569,0.93019146,0.854744,0.7617175,0.0,0.0,1.0,63.685005,0.39867833,1.296821,0.10024614,0.87928987,0.0
3192,1.1581658,0.8751619,0.9407317,0.7736779,0.0,0.0,1.0,66.96799,0.12920748,1.4477073,0.13461891,1.180784,1.0
3193,0.81041926,0.97634155,0.8618977,0.8307724,0.0,0.0,1.0,57.51016,0.6246678,1.0130241,0.13674483,1.1994312,1.0
3194,1.5497855,1.1399889,1.0446606,0.7289732,0.0,0.0,1.0,60.9826,1.4260223,1.1726182,0.14227854,1.247969,1.0
3195,1.2524022,1.1027932,1.0938085,0.9267283,0.0,0.0,1.0,57.51016,1.2438811,1.0130241,0.11623947,1.0195724,1.0
3196,1.2416555,1.095834,1.1455554,0.75266534,0.0,0.0,1.0,57.51016,1.209803,1.0130241,0.12258431,1.0752249,1.0
3197,1.6367376,1.1574607,0.99200004,0.9501056,0.0,0.0,1.0,57.51016,1.5115788,1.0130241,0.14097914,1.2365716,1.0
3198,0.56684273,0.865615,0.887079,0.8450385,0.0,0.0,1.0,50.88549,0.082457975,0.7085534,0.1273587,1.1171025,1.0
3199,0.81228304,0.84375846,0.96156687,0.75658584,0.0,0.0,1.0,57.56085,0.0,1.0153538,0.10042137,0.88082683,0.0
3200,1.3716643,0.92553276,1.0420266,0.76881754,0.0,0.0,1.0,72.774605,0.37586543,1.7145803,0.09405704,0.8250033,0.0
3201,1.4907304,1.0094068,1.0938312,0.81059015,0.0,0.0,1.0,76.0129,0.786583,1.863413,0.089589566,0.78581774,0.0
3202,1.5278378,1.1387914,1.0655645,0.7608672,0.0,0.0,1.0,76.0129,1.4201585,1.863413,0.13870613,1.2166344,1.0
3203,0.8131114,0.98505414,0.90272284,0.7904625,0.0,0.0,1.0,57.583378,0.66733193,1.0163893,0.11933874,1.046757,1.0
3204,0.9052632,1.0336429,0.9659503,0.9063875,0.0,0.0,1.0,50.000435,0.9052632,0.6678761,0.111712895,0.9798683,0.0
3205,0.5592763,0.913773,0.78924876,0.9137453,0.0,0.0,1.0,50.679703,0.31827983,0.69909537,0.12933116,1.1344036,1.0
3206,1.0770805,1.0626647,0.9099174,0.7615879,0.0,0.0,1.0,50.679703,1.0473785,0.69909537,0.123245455,1.0810239,1.0
3207,1.1260216,1.0787247,1.0128592,0.8092086,0.0,0.0,1.0,48.267956,1.1260216,0.5882511,0.11008441,0.96558434,0.0
3208,2.1047897,1.2592304,1.4603257,0.7396081,0.0,0.0,1.0,53.21835,2.0099285,0.81577194,0.1293817,1.1348469,1.0
3209,0.47174272,0.9323035,0.974214,0.762686,0.0,0.0,1.0,48.29901,0.4090206,0.5896784,0.0757867,0.6647486,0.0
3210,2.1717212,1.2922707,1.427812,0.7903016,0.0,0.0,1.0,27.133669,2.1717212,0.0,0.104067,0.91280377,0.0
3211,0.51194715,0.95332247,1.0376335,0.7762549,0.0,0.0,1.0,24.811277,0.51194715,0.0,0.10731957,0.9413331,0.0
3212,1.5615968,1.167675,1.1305147,0.7871973,0.0,0.0,1.0,24.811277,1.5615968,0.0,0.069459006,0.60924643,0.0
3213,0.58326983,0.9678875,1.0368361,0.7385614,0.0,0.0,1.0,27.145157,0.58326983,0.0,0.07763033,0.68091965,0.0
3214,0.6302178,0.9774749,1.1831118,0.7494507,0.0,0.0,1.0,27.145157,0.6302178,0.0,0.09399795,0.82448506,0.0
3215,1.600492,1.1627992,1.1174058,0.81444204,0.0,0.0,1.0,28.471106,1.5377208,0.0,0.12730499,1.1166314,1.0
3216,0.0,0.83534914,1.1991341,0.7701096,0.0,0.0,1.0,28.82023,0.0,0.0,0.111162685,0.9750423,0.0
3217,0.0,0.8416632,1.0620852,0.67743146,0.0,0.0,1.0,28.246744,0.0,0.0,0.11407759,1.0006098,1.0
3218,0.4137262,0.93326443,1.0973011,0.8740183,0.0,0.0,1.0,28.246744,0.4137262,0.0,0.111938,0.98184276,0.0
3219,0.0,0.7992924,0.8274962,0.80356413,0.0,0.0,1.0,27.922785,0.0,0.0,0.08666297,0.7601477,0.0
3220,0.10431264,0.870078,0.87490124,0.8460827,0.0,0.0,1.0,28.590288,0.10431264,0.0,0.09144878,0.80212545,0.0
3221,0.0,0.7145966,0.9665926,0.8470784,0.0,0.0,1.0,32.89823,0.0,0.0,0.086709514,0.7605559,0.0
3222,0.6044789,0.9722187,1.0187311,0.8668936,0.0,0.0,1.0,32.89823,0.6044789,0.0,0.09724305,0.85294884,0.0
3223,0.5225086,0.95547926,0.84685075,0.77482325,0.0,0.0,1.0,40.29307,0.5225086,0.22172426,0.10155093,0.89073455,0.0
3224,1.1115202,1.0757633,1.3255117,0.7923491,0.0,0.0,1.0,40.355835,1.1115202,0.22460887,0.09857851,0.8646626,0.0
3225,1.2713301,1.1083987,0.94803214,0.7247889,0.0,0.0,1.0,60.456482,1.2713301,1.1484376,0.09006024,0.7899462,0.0
3226,1.8584439,1.2282952,1.2380291,0.83237267,0.0,0.0,1.0,66.74546,1.8584439,1.43748,0.10449466,0.916555,0.0
3227,1.6268435,1.1041987,1.3688197,0.7064514,0.0,0.0,1.0,79.714836,1.2507634,2.0335543,0.08981029,0.7877538,0.0
3228,2.684409,1.3969684,1.2722244,0.7614789,0.0,0.0,1.0,88.98642,2.684409,2.4596777,0.09628726,0.8445653,0.0
3229,2.1081102,1.2718936,1.2686073,0.7489153,0.0,0.0,1.0,82.09643,2.0719383,2.1430128,0.11969476,1.0498798,1.0
3230,2.1009874,1.2778258,1.3011029,0.72859174,0.0,0.0,1.0,80.412735,2.1009874,2.06563,0.091908135,0.80615467,0.0
3231,1.9251726,1.2004613,1.3479333,0.76828897,0.0,0.0,1.0,80.412735,1.7221457,2.06563,0.15240982,1.3368336,1.0
3232,1.652504,0.95004624,0.98506665,0.76642776,0.0,0.0,1.0,80.412735,0.49590397,2.06563,0.10880554,0.954367,0.0
3233,2.2799125,1.2765685,1.3531245,0.8223438,0.0,0.0,1.0,87.21342,2.0948305,2.3781903,0.14278755,1.2524337,1.0
3234,1.9015112,0.9513639,1.1947342,0.79563165,0.0,0.0,1.0,87.185104,0.50235647,2.376889,0.081563726,0.71542066,0.0
3235,1.8842171,1.1980674,1.1239413,0.8025172,0.0,0.0,1.0,86.714745,1.7104234,2.3552713,0.12537731,1.0997231,1.0
3236,2.3288722,1.324363,1.4419568,0.7487015,0.0,0.0,1.0,75.93658,2.3288722,1.859905,0.096869476,0.8496721,0.0
3237,1.5369292,1.1626376,1.0355102,0.6973288,0.0,0.0,1.0,75.93658,1.5369292,1.859905,0.10748903,0.9428195,0.0
3238,1.9338024,1.2436844,1.2030333,0.7296139,0.0,0.0,1.0,83.687,1.9338024,2.2161155,0.10267311,0.9005776,0.0
3239,1.7728924,1.093503,1.0833606,0.7192131,0.0,0.0,1.0,83.687,1.1983883,2.2161155,0.11625422,1.0197017,1.0
3240,1.7944977,1.2152365,0.99675196,0.92016935,0.0,0.0,1.0,83.687,1.7944977,2.2161155,0.10056332,0.8820719,0.0
3241,1.3367552,1.0067834,1.0468343,0.73089343,0.0,0.0,1.0,71.825165,0.7737365,1.670944,0.11267063,0.9882689,0.0
3242,1.109727,1.0339714,0.9485209,0.7434231,0.0,0.0,1.0,65.65057,0.906872,1.3871588,0.09322939,0.8177438,0.0
3243,0.93813294,1.0327013,0.9928058,0.74364126,0.0,0.0,1.0,60.983646,0.9006521,1.1726662,0.09722158,0.85276055,0.0
3244,1.362434,1.1270033,0.8821016,0.76904273,0.0,0.0,1.0,61.299206,1.362434,1.1871693,0.090459265,0.7934462,0.0
3245,0.94973546,0.9804879,1.0613279,0.807191,0.0,0.0,1.0,61.299206,0.6449717,1.1871693,0.116535656,1.0221703,1.0
3246,0.56127596,0.9633961,0.9563935,0.75952417,0.0,0.0,1.0,33.096245,0.56127596,0.0,0.08831246,0.7746159,0.0
3247,0.41469318,0.9334619,0.9986161,0.75604105,0.0,0.0,1.0,34.381996,0.41469318,0.0,0.10125455,0.88813496,0.0
3248,0.55167675,0.9614358,0.89494956,0.86934936,0.0,0.0,1.0,33.096245,0.55167675,0.0,0.08438919,0.7402036,0.0
3249,1.1049869,1.0744292,0.9472889,0.74667937,0.0,0.0,1.0,34.20908,1.1049869,0.0,0.09265228,0.8126818,0.0
3250,0.56404877,0.9637845,0.86206436,0.72673494,0.0,0.0,1.0,34.19378,0.56317806,0.0,0.11451165,1.0044171,1.0
3251,0.0,0.8354018,0.85998684,0.6395654,0.0,0.0,1.0,34.19378,0.0,0.0,0.10354939,0.9082637,0.0
3252,0.0,0.7165455,0.8075494,0.816996,0.0,0.0,1.0,34.19378,0.0,0.0,0.18903448,1.6580799,1.0
3253,0.0,0.74453264,0.83693606,0.6440598,0.0,0.0,1.0,33.85432,0.0,0.0,0.16891317,1.4815896,1.0
3254,0.93869555,0.72723365,0.80688715,0.62188715,0.0,0.0,1.0,60.998947,0.0,1.1733694,0.14392616,1.2624208,1.0
3255,0.93813294,0.8174864,0.81886727,0.65355676,0.0,0.0,1.0,60.983646,0.0,1.1726662,0.15188198,1.3322037,1.0
3256,0.9709469,1.0324644,1.012298,0.6577112,0.0,0.0,1.0,60.609447,0.8994922,1.1554679,0.13988431,1.2269685,1.0
3257,0.9243743,0.9767999,1.0227679,0.68979913,0.0,0.0,1.0,60.609447,0.6269123,1.1554679,0.11884163,1.0423967,1.0
3258,1.1803932,1.0898281,1.0670524,0.7600303,0.0,0.0,1.0,60.983646,1.1803932,1.1726662,0.08242223,0.7229508,0.0
3259,1.539792,1.1632222,1.0990026,0.80786616,0.0,0.0,1.0,60.609447,1.539792,1.1554679,0.08645509,0.7583243,0.0
3260,1.16826,1.0873504,1.0606005,0.74649686,0.0,0.0,1.0,64.35838,1.16826,1.3277695,0.071738504,0.6292406,0.0
3261,1.5481769,1.1649345,1.0537654,0.78711534,0.0,0.0,1.0,62.223717,1.5481769,1.2296599,0.10223216,0.89670986,0.0
3262,1.2703161,1.1081916,0.9939481,0.85090894,0.0,0.0,1.0,59.043377,1.2703161,1.0834911,0.10160754,0.8912311,0.0
3263,1.5930696,1.1741022,1.0629427,0.79545933,0.0,0.0,1.0,56.89034,1.5930696,0.9845371,0.09351777,0.8202733,0.0
3264,1.4276994,1.1403314,0.92721945,0.78812724,0.0,0.0,1.0,56.89034,1.4276994,0.9845371,0.11061782,0.97026306,0.0
3265,0.6577737,0.94312376,1.0565647,0.77321726,0.0,0.0,1.0,53.35858,0.4620057,0.82221705,0.11407844,1.0006173,1.0
3266,0.7273056,0.8999157,0.9375132,0.71927094,0.0,0.0,1.0,55.249676,0.25042287,0.909132,0.1305205,1.1448356,1.0
3267,2.0999167,1.2776072,1.1903596,0.735474,0.0,0.0,1.0,59.043377,2.0999167,1.0834911,0.09302943,0.8159899,0.0
3268,1.3263457,1.1143866,1.003817,0.7229659,0.0,0.0,1.0,59.043377,1.3006518,1.0834911,0.1204429,1.0564419,1.0
3269,1.7422885,1.2045747,1.0645118,0.71955824,0.0,0.0,1.0,59.043377,1.7422885,1.0834911,0.10437066,0.9154673,0.0
3270,0.7521249,1.00237,1.0302608,0.67283005,0.0,0.0,1.0,53.35858,0.7521249,0.82221705,0.09986645,0.8759595,0.0
3271,1.6623628,1.1882528,1.0466084,0.69577557,0.0,0.0,1.0,55.249676,1.6623628,0.909132,0.10902161,0.95626223,0.0
3272,2.1107988,1.2566713,1.1736822,0.79878086,0.0,0.0,1.0,53.35858,1.9973971,0.82221705,0.13250172,1.1622136,1.0
3273,1.620574,1.179147,1.0678544,0.73686534,0.0,0.0,1.0,52.425983,1.6177732,0.7793547,0.11457199,1.0049464,1.0
3274,1.2723879,1.1086147,1.2096044,0.63809985,0.0,0.0,1.0,54.25084,1.2723879,0.86322534,0.10465255,0.91793984,0.0
3275,1.5020561,1.155516,0.9866795,0.7432611,0.0,0.0,1.0,52.450138,1.5020561,0.7804648,0.099250264,0.87055475,0.0
3276,1.8110044,1.2186074,1.0981369,0.7312476,0.0,0.0,1.0,50.462032,1.8110044,0.6890912,0.09659299,0.847247,0.0
3277,1.7560943,1.1738255,1.1103817,0.6941296,0.0,0.0,1.0,47.01378,1.5917146,0.53060895,0.14764763,1.295063,1.0
3278,1.2860893,1.1000694,1.0189657,0.7088274,0.0,0.0,1.0,44.48599,1.230543,0.41443133,0.12871176,1.1289706,1.0
3279,1.651107,1.164945,1.0406913,0.7794236,0.0,0.0,1.0,41.81148,1.5482283,0.2915106,0.1356531,1.1898552,1.0
3280,0.9988943,1.0363082,1.0247599,0.71476084,0.0,0.0,1.0,39.47107,0.91831464,0.18394491,0.14259067,1.2507068,1.0
3281,1.3986573,1.1344006,1.0840374,0.7812651,0.0,0.0,1.0,39.67596,1.3986573,0.19336174,0.096221566,0.8439891,0.0
3282,2.3333073,1.2482533,1.0523269,0.78720325,0.0,0.0,1.0,41.462772,1.9561757,0.27548388,0.17680706,1.5508294,1.0
3283,1.3951344,1.1336812,1.0844918,0.75510293,0.0,0.0,1.0,39.13479,1.3951344,0.1684894,0.09359605,0.82095987,0.0
3284,1.6631042,1.1884042,1.068665,0.7459439,0.0,0.0,1.0,37.68821,1.6631042,0.10200441,0.11381322,0.99829096,0.0
3285,1.2293224,1.0998201,1.0008807,0.79026544,0.0,0.0,1.0,37.066757,1.2293224,0.07344237,0.11046692,0.9689395,0.0
3286,1.6553795,1.1617446,1.1812257,0.76683706,0.0,0.0,1.0,35.906483,1.5325564,0.02011598,0.1401135,1.2289789,1.0
3287,2.263367,1.2892404,1.2555412,0.7802696,0.0,0.0,1.0,35.254208,2.1568825,0.0,0.13008958,1.141056,1.0
3288,2.041795,1.2574453,1.223904,0.797901,0.0,0.0,1.0,33.81435,2.0011873,0.0,0.120617874,1.0579766,1.0
3289,1.9440763,1.2425591,1.1568576,0.7309965,0.0,0.0,1.0,36.66096,1.9282918,0.054791924,0.116674475,1.0233879,1.0
3290,1.977796,1.2526685,1.1692469,0.7589627,0.0,0.0,1.0,36.66096,1.977796,0.054791924,0.10371991,0.9097594,0.0
3291,2.203681,1.2987972,1.1662166,0.72688293,0.0,0.0,1.0,33.81435,2.203681,0.0,0.11360064,0.99642634,0.0
3292,1.5615817,1.1651442,1.0920581,0.71936995,0.0,0.0,1.0,33.81435,1.5492038,0.0,0.116610676,1.0228282,1.0
3293,1.2314426,1.1002531,1.1711769,0.7559454,0.0,0.0,1.0,35.10751,1.2314426,0.0,0.100508444,0.8815906,0.0
3294,1.7871,1.2137258,1.206657,0.77085173,0.0,0.0,1.0,36.66096,1.7871,0.054791924,0.10723312,0.9405748,0.0
3295,1.8174373,1.2199211,1.116912,0.7529471,0.0,0.0,1.0,36.66096,1.8174373,0.054791924,0.09172175,0.80451983,0.0
3296,1.987206,1.2545902,1.177319,0.71884793,0.0,0.0,1.0,36.66096,1.987206,0.054791924,0.099305354,0.87103796,0.0
3297,1.6775478,1.1913538,1.063889,0.7282612,0.0,0.0,1.0,36.37304,1.6775478,0.04155899,0.092981875,0.81557274,0.0
3298,1.430216,1.1408453,1.2339035,0.7210812,0.0,0.0,1.0,36.37304,1.430216,0.04155899,0.09064464,0.7950722,0.0
3299,1.5092134,1.1569777,1.1730131,0.7856127,0.0,0.0,1.0,33.688835,1.5092134,0.0,0.10168802,0.891937,0.0
3300,0.9713674,1.0471423,1.1787533,0.72989386,0.0,0.0,1.0,33.688835,0.9713674,0.0,0.09091991,0.79748666,0.0
3301,1.4618043,1.1472961,1.1770804,0.547856,0.0,0.0,1.0,28.513288,1.4618043,0.0,0.10244219,0.8985521,0.0
3302,0.9764902,1.0428267,1.0959361,0.7378759,0.0,0.0,1.0,28.513288,0.9502346,0.0,0.12300843,1.0789449,1.0
3303,1.4706271,1.1490978,1.1004003,0.71448797,0.0,0.0,1.0,27.522272,1.4706271,0.0,0.07480321,0.6561221,0.0
3304,1.1727003,1.0511513,0.96786165,0.75787205,0.0,0.0,1.0,24.692066,0.99099886,0.0,0.17373256,1.523862,1.0
3305,1.4315594,1.1334144,1.0809112,0.7382109,0.0,0.0,1.0,24.692066,1.3938279,0.0,0.12282592,1.0773441,1.0
3306,1.3402445,1.1224719,0.99586326,0.7006363,0.0,0.0,1.0,27.522272,1.3402445,0.0,0.11373614,0.9976148,0.0
3307,2.1663957,1.2911831,1.1385236,0.7506144,0.0,0.0,1.0,28.513288,2.1663957,0.0,0.10364041,0.909062,0.0
3308,2.3141437,1.3013772,1.1150993,0.75056916,0.0,0.0,1.0,25.568125,2.2163143,0.0,0.1283863,1.1261159,1.0
3309,2.0520265,1.2309426,1.0840302,0.7581025,0.0,0.0,1.0,25.568125,1.8714077,0.0,0.14544658,1.275757,1.0
3310,1.5042429,1.1327502,1.1100291,0.70188856,0.0,0.0,1.0,28.290699,1.3905753,0.0,0.14063431,1.233547,1.0
3311,1.8868109,1.226476,1.1888766,0.7030799,0.0,0.0,1.0,25.422987,1.8495353,0.0,0.12057298,1.0575829,1.0
3312,1.7927085,1.2148712,1.1841581,0.68203306,0.0,0.0,1.0,28.290699,1.7927085,0.0,0.089269735,0.78301245,0.0
3313,0.4507134,0.9408177,1.0202345,0.74746937,0.0,0.0,1.0,25.93605,0.4507134,0.0,0.09970129,0.8745108,0.0
3314,0.41229632,0.93297243,0.9586493,0.7079815,0.0,0.0,1.0,25.168663,0.41229632,0.0,0.09459727,0.8297419,0.0
3315,1.2817148,1.1026216,1.0869782,0.7695787,0.0,0.0,1.0,23.403656,1.2430404,0.0,0.12414262,1.0888933,1.0
3316,1.0369866,1.046814,1.0459071,0.7387478,0.0,0.0,1.0,23.577337,0.96975976,0.0,0.1365892,1.1980661,1.0
3317,1.0041101,1.053314,1.0273114,0.75246066,0.0,0.0,1.0,23.577337,1.0015893,0.0,0.11482788,1.0071908,1.0
3318,1.8737031,1.2314113,1.1220372,0.72339064,0.0,0.0,1.0,12.95771,1.8737031,0.0,0.07024764,0.6161638,0.0
3319,0.75417036,1.0027877,1.1556516,0.6974651,0.0,0.0,1.0,11.428904,0.75417036,0.0,0.110644646,0.9704984,0.0
3320,2.659793,1.3805531,1.2626892,0.63317627,0.0,0.0,1.0,10.691083,2.604026,0.0,0.12098394,1.0611875,1.0
3321,0.2212577,0.8916804,1.0899185,0.7550488,0.0,0.0,1.0,12.106824,0.21009605,0.0,0.13131334,1.1517899,1.0
3322,0.9794405,1.041799,1.0026672,0.75693727,0.0,0.0,1.0,12.168252,0.94520205,0.0,0.12580737,1.1034954,1.0
3323,1.7835205,1.192978,1.0483056,0.7405359,0.0,0.0,1.0,13.624731,1.6855015,0.0,0.13295107,1.1661549,1.0
3324,0.8663362,1.0089016,1.0275629,0.71370274,0.0,0.0,1.0,13.624731,0.78410906,0.0,0.14816715,1.2996198,1.0
3325,1.5073569,1.1329476,1.0315642,0.7519959,0.0,0.0,1.0,13.240046,1.391542,0.0,0.14111845,1.2377936,1.0
3326,1.7445141,1.1885093,1.1916881,0.69642556,0.0,0.0,1.0,13.240046,1.663619,0.0,0.12984735,1.1389312,1.0
3327,1.6957095,1.1678156,0.9905901,0.80667925,0.0,0.0,1.0,13.624731,1.562285,0.0,0.14182718,1.24401,1.0
3328,0.7006379,0.98123485,1.0927235,0.7848239,0.0,0.0,1.0,13.624731,0.64862955,0.0,0.1401263,1.229091,1.0
3329,1.6866438,1.1932113,1.0596732,0.7770943,0.0,0.0,1.0,13.9118,1.6866438,0.0,0.11148567,0.97787523,0.0
3330,1.0769904,1.0668535,0.99792,0.73311704,0.0,0.0,1.0,13.9118,1.0678903,0.0,0.116783865,1.0243473,1.0
3331,1.5845293,1.1548015,1.0780616,0.67601347,0.0,0.0,1.0,13.6344795,1.4985571,0.0,0.13269562,1.1639142,1.0
3332,1.61016,1.1701549,1.1487314,0.7748564,0.0,0.0,1.0,14.148041,1.5737405,0.0,0.12154629,1.06612,1.0
3333,2.3248374,1.3156567,1.3066244,0.6857755,0.0,0.0,1.0,13.713097,2.2862387,0.0,0.11950754,1.0482376,1.0
3334,2.8268576,1.3212757,1.3197888,0.7976847,0.0,0.0,1.0,25.56162,2.3137543,0.0,0.1862443,1.6336062,1.0
3335,2.791009,1.3936201,1.3814229,0.67511666,0.0,0.0,1.0,25.794655,2.668013,0.0,0.1290246,1.1317146,1.0
3336,1.9774256,1.2311697,1.2915392,0.6327687,0.0,0.0,1.0,25.794655,1.8725199,0.0,0.13225713,1.1600682,1.0
3337,2.9922066,1.4201386,1.3248584,0.75425404,0.0,0.0,1.0,29.729187,2.7978697,0.0,0.13663341,1.1984539,1.0
3338,3.126271,1.4717968,1.3787053,0.8884964,0.0,0.0,1.0,28.243578,3.0508313,0.0,0.122062765,1.0706502,1.0
3339,4.3714714,1.6747124,1.6307456,0.82943726,0.0,0.0,1.0,29.773766,4.0444765,0.0,0.14034386,1.2309994,1.0
3340,1.2928046,1.0878261,1.2702335,0.7607703,0.0,0.0,1.0,32.522953,1.1705897,0.0,0.14801654,1.2982988,1.0
3341,2.593053,1.344602,1.2445838,0.7540766,0.0,0.0,1.0,33.492073,2.4279792,0.0,0.13615434,1.1942518,1.0
3342,1.8826934,1.2215742,1.3052624,0.7305736,0.0,0.0,1.0,35.307293,1.8255322,0.0,0.124207586,1.0894631,1.0
3343,2.098459,1.2773095,1.3553145,0.6539811,0.0,0.0,1.0,37.625023,2.098459,0.099100344,0.11164337,0.9792585,0.0
3344,1.8375757,1.2077471,1.2329813,0.7458147,0.0,0.0,1.0,38.023537,1.7578232,0.1174161,0.12878677,1.1296285,1.0
3345,2.4139376,1.3011082,1.3614831,0.68534845,0.0,0.0,1.0,36.71169,2.2149975,0.05712338,0.14326416,1.2566142,1.0
3346,2.3289766,1.3243843,1.2783682,0.6751488,0.0,0.0,1.0,39.420486,2.3289766,0.1816201,0.087098494,0.7639678,0.0
3347,2.086015,1.2611021,1.3051564,0.6731865,0.0,0.0,1.0,41.137264,2.0190938,0.26052347,0.124804385,1.0946978,1.0
3348,1.5056578,1.1562515,1.1564449,0.6941193,0.0,0.0,1.0,44.340996,1.5056578,0.40776744,0.11048084,0.96906155,0.0
3349,1.6979662,1.1955235,1.1270828,0.67357266,0.0,0.0,1.0,44.926723,1.6979662,0.43468758,0.10529516,0.92357635,0.0
3350,1.3874506,1.1169671,1.1338487,0.65422595,0.0,0.0,1.0,44.926723,1.3132882,0.43468758,0.13240269,1.1613449,1.0
3351,1.6505822,1.185847,1.1281551,0.55906427,0.0,0.0,1.0,46.219673,1.6505822,0.49411175,0.07645356,0.6705978,0.0
3352,1.2943584,1.1131014,1.0551006,0.59792686,0.0,0.0,1.0,46.219673,1.2943584,0.49411175,0.07986152,0.70049006,0.0
3353,1.2700698,1.1028014,1.0390759,0.7534994,0.0,0.0,1.0,44.926723,1.2439214,0.43468758,0.120855376,1.0600599,1.0
3354,0.5909639,0.96945876,0.9275478,0.76564044,0.0,0.0,1.0,44.926723,0.5909639,0.43468758,0.11373491,0.997604,0.0
3355,1.0512184,1.0575267,0.9608601,0.7034405,0.0,0.0,1.0,25.247692,1.0222183,0.0,0.12324913,1.0810562,1.0
3356,0.45736724,0.9421765,0.8101012,0.7189748,0.0,0.0,1.0,23.401491,0.45736724,0.0,0.10181585,0.8930583,0.0
3357,0.7404123,0.9999781,0.8834561,0.7379459,0.0,0.0,1.0,23.401491,0.7404123,0.0,0.110924475,0.97295284,0.0
3358,1.0097967,1.05499,0.95162016,0.6720918,0.0,0.0,1.0,24.914732,1.0097967,0.0,0.09093404,0.7976105,0.0
3359,0.0,0.720285,0.7682477,0.65621525,0.0,0.0,1.0,26.802244,0.0,0.0,0.063655496,0.55834204,0.0
3360,0.080989264,0.8653151,0.9432285,0.72464794,0.0,0.0,1.0,23.456064,0.080989264,0.0,0.07003013,0.6142559,0.0
3361,0.51207685,0.9483011,0.98818994,0.77391726,0.0,0.0,1.0,21.381374,0.48735818,0.0,0.1305294,1.1449137,1.0
3362,0.096787296,0.8383873,1.0478503,0.71267736,0.0,0.0,1.0,38.10117,0.0,0.120984115,0.08103025,0.71074134,0.0
3363,1.1241208,1.075516,1.0146108,0.783094,0.0,0.0,1.0,40.242836,1.1103089,0.21941543,0.11806018,1.0355422,1.0
3364,1.5161535,1.1534549,1.0480784,0.745434,0.0,0.0,1.0,40.242836,1.4919631,0.21941543,0.1192895,1.0463251,1.0
3365,0.88180405,1.0288522,1.1458304,0.68017787,0.0,0.0,1.0,40.242836,0.88180405,0.21941543,0.09255726,0.81184834,0.0
3366,0.08013151,0.7993239,1.1096448,0.65810245,0.0,0.0,1.0,37.648174,0.0,0.10016438,0.08490977,0.7447698,0.0
3367,1.8503286,1.2020752,1.1186,0.7333516,0.0,0.0,1.0,36.989906,1.730049,0.06991029,0.13665457,1.1986395,1.0
3368,0.32224348,0.91458243,0.96023405,0.65070194,0.0,0.0,1.0,37.648174,0.32224348,0.10016438,0.09108835,0.798964,0.0
3369,1.9555972,1.2481352,1.2347215,0.7329193,0.0,0.0,1.0,37.648174,1.9555972,0.10016438,0.091715105,0.80446154,0.0
3370,1.5926319,1.1535752,1.0818518,0.77919424,0.0,0.0,1.0,37.338882,1.492552,0.08594929,0.13584967,1.1915795,1.0
3371,1.9638472,1.2332102,1.1491042,0.67933935,0.0,0.0,1.0,34.200214,1.8825119,0.0,0.12808177,1.1234448,1.0
3372,1.0487657,1.0627693,0.98227733,0.689902,0.0,0.0,1.0,34.200214,1.0478904,0.0,0.11428013,1.0023863,1.0
3373,0.4350447,0.93761796,1.0780348,0.7703378,0.0,0.0,1.0,34.200214,0.4350447,0.0,0.0908862,0.7971909,0.0
3374,1.2055671,1.0831909,1.1080842,0.7163917,0.0,0.0,1.0,36.648903,1.1478918,0.054237723,0.13037461,1.143556,1.0
3375,0.9911127,1.0511745,1.0047694,0.7582546,0.0,0.0,1.0,37.338882,0.9911127,0.08594929,0.10974294,0.9625892,0.0
3376,2.1038566,1.252092,1.0225337,0.77628756,0.0,0.0,1.0,34.200214,1.974973,0.0,0.13526514,1.1864524,1.0
3377,1.5003662,1.1551709,1.0554905,0.7066403,0.0,0.0,1.0,36.648903,1.5003662,0.054237723,0.111965045,0.98208,0.0
3378,1.0668389,1.0666388,0.9720492,0.755534,0.0,0.0,1.0,36.648903,1.0668389,0.054237723,0.11052189,0.9694216,0.0
3379,0.82339144,1.0138158,0.97050464,0.7120136,0.0,0.0,1.0,36.648903,0.80817294,0.054237723,0.120141976,1.0538024,1.0
3380,0.53230494,0.95619947,0.88423836,0.74929047,0.0,0.0,1.0,33.13102,0.5260353,0.0,0.11789043,1.0340534,1.0
3381,0.78698874,1.0094897,0.8160267,0.75337374,0.0,0.0,1.0,33.03858,0.78698874,0.0,0.10795659,0.9469206,0.0
3382,0.97464573,1.0478117,0.87125623,0.7666397,0.0,0.0,1.0,34.894196,0.97464573,0.0,0.09160831,0.8035248,0.0
3383,0.5684639,0.96486396,0.8758023,0.79521906,0.0,0.0,1.0,19.380827,0.5684639,0.0,0.102015175,0.8948066,0.0
3384,0.5629612,0.9637402,0.88302433,0.8003428,0.0,0.0,1.0,19.380827,0.5629612,0.0,0.10837276,0.950571,0.0
3385,0.43905184,0.93843627,0.96185154,0.526189,0.0,0.0,1.0,19.173998,0.43905184,0.0,0.09158758,0.803343,0.0
3386,0.733062,0.9984771,0.8301126,0.6896079,0.0,0.0,1.0,19.575443,0.733062,0.0,0.092653155,0.8126895,0.0
3387,0.2503913,0.8969469,0.9023431,0.68560445,0.0,0.0,1.0,19.575443,0.23588517,0.0,0.1340398,1.1757046,1.0
3388,0.43551385,0.9346243,0.7848724,0.7198792,0.0,0.0,1.0,19.575443,0.4203853,0.0,0.12573051,1.1028212,1.0
3389,0.18093373,0.8857251,0.8414365,0.7338123,0.0,0.0,1.0,19.575443,0.18093373,0.0,0.10817498,0.94883615,0.0
3390,0.47355187,0.9418383,0.8798166,0.7074983,0.0,0.0,1.0,17.533134,0.45571116,0.0,0.12676041,1.1118547,1.0
3391,0.9111643,1.0259746,0.82005733,0.76736027,0.0,0.0,1.0,17.507805,0.867713,0.0,0.13031957,1.1430732,1.0
3392,0.8899138,1.0212251,0.90299773,0.75362927,0.0,0.0,1.0,17.507805,0.84445524,0.0,0.13154308,1.153805,1.0
3393,0.82221246,1.0166062,0.9204685,0.71689326,0.0,0.0,1.0,17.507805,0.8218373,0.0,0.114156745,1.001304,1.0
3394,0.9787927,1.0486586,0.8945782,0.7174915,0.0,0.0,1.0,25.955748,0.9787927,0.0,0.113459505,0.99518836,0.0
3395,0.37190384,0.92472374,0.83778274,0.7827893,0.0,0.0,1.0,24.618877,0.37190384,0.0,0.10070045,0.8832748,0.0
3396,1.1102208,1.075498,0.9260533,0.7738243,0.0,0.0,1.0,24.618877,1.1102208,0.0,0.11314013,0.992387,0.0
3397,0.5619995,0.96354383,1.1454448,0.65697473,0.0,0.0,1.0,30.547182,0.5619995,0.0,0.08074659,0.7082533,0.0
3398,1.3760265,1.1297791,1.17577,0.7814946,0.0,0.0,1.0,25.134876,1.3760265,0.0,0.10364565,0.90910804,0.0
3399,1.610429,1.1776472,1.1479899,0.60310894,0.0,0.0,1.0,25.134876,1.610429,0.0,0.0905246,0.7940192,0.0
3400,1.1957018,1.0874258,1.1065533,0.73894906,0.0,0.0,1.0,24.618877,1.1686295,0.0,0.12155404,1.0661881,1.0
3401,0.9877025,1.0504781,1.0956159,0.61142445,0.0,0.0,1.0,23.909435,0.9877025,0.0,0.1017295,0.89230084,0.0
3402,1.1308732,1.0797155,1.0668535,0.7450741,0.0,0.0,1.0,30.306717,1.1308732,0.0,0.09108656,0.79894835,0.0
3403,1.4630582,1.1475521,1.171563,0.6637215,0.0,0.0,1.0,30.306717,1.4630582,0.0,0.106874965,0.93743336,0.0
3404,1.4517716,1.1313205,0.95704764,0.7444058,0.0,0.0,1.0,28.907135,1.3835745,0.0,0.13006385,1.1408302,1.0
3405,1.290264,1.1122652,1.0671006,0.65335715,0.0,0.0,1.0,22.145737,1.290264,0.0,0.11347971,0.9953656,0.0
3406,1.8190256,1.165775,1.0370442,0.71803564,0.0,0.0,1.0,22.145737,1.5522923,0.0,0.16998011,1.4909481,1.0
3407,1.3655968,1.1276492,1.0809491,0.66403776,0.0,0.0,1.0,22.145737,1.3655968,0.0,0.11150221,0.9780203,0.0
3408,1.7592528,1.208039,1.116438,0.7509263,0.0,0.0,1.0,27.542429,1.7592528,0.0,0.107358105,0.94167113,0.0
3409,1.752037,1.2065655,1.0917078,0.6183183,0.0,0.0,1.0,28.907135,1.752037,0.0,0.093210526,0.8175783,0.0
3410,1.0783306,1.0689856,1.0767992,0.6824498,0.0,0.0,1.0,22.145737,1.0783306,0.0,0.109094925,0.9569053,0.0
3411,1.0118183,1.0554029,1.1076844,0.64871985,0.0,0.0,1.0,22.145737,1.0118183,0.0,0.10129949,0.8885291,0.0
3412,1.4402944,1.1429034,1.134728,0.67512685,0.0,0.0,1.0,11.345746,1.4402944,0.0,0.09256478,0.81191427,0.0
3413,1.3478138,1.1235185,1.078388,0.79234785,0.0,0.0,1.0,11.772748,1.3453692,0.0,0.11459997,1.0051918,1.0
3414,1.0506229,1.0633273,1.0572582,0.79853135,0.0,0.0,1.0,14.842218,1.0506229,0.0,0.10212778,0.89579433,0.0
3415,1.7478399,1.1774634,1.0649117,0.7716922,0.0,0.0,1.0,19.217693,1.6095289,0.0,0.14199954,1.2455219,1.0
3416,1.2040962,1.0617923,1.0986577,0.7310378,0.0,0.0,1.0,20.05167,1.0431061,0.0,0.16428149,1.4409637,1.0
3417,0.80810696,1.0138023,1.0034277,0.64386076,0.0,0.0,1.0,20.05167,0.80810696,0.0,0.103217185,0.9053498,0.0
3418,0.87952626,1.0283871,1.1459751,0.7435873,0.0,0.0,1.0,20.05167,0.87952626,0.0,0.08188307,0.7182217,0.0
3419,1.7609646,1.1913543,1.2765766,0.6011429,0.0,0.0,1.0,21.357817,1.6775502,0.0,0.13020502,1.1420685,1.0
3420,1.9635283,1.2311909,1.2488251,0.655404,0.0,0.0,1.0,21.89358,1.8726238,0.0,0.12982063,1.1386969,1.0
3421,1.3173931,1.1178054,1.112683,0.7480142,0.0,0.0,1.0,21.467472,1.3173931,0.0,0.10885011,0.9547579,0.0
3422,1.5178902,1.1426955,1.2080929,0.81928885,0.0,0.0,1.0,21.467472,1.4392763,0.0,0.13179998,1.1560583,1.0
3423,1.5545229,1.1662304,1.2707051,0.669297,0.0,0.0,1.0,21.027927,1.5545229,0.0,0.09715885,0.8522103,0.0
3424,1.3797699,1.1205812,1.205327,0.806156,0.0,0.0,1.0,22.528269,1.3309857,0.0,0.12594722,1.104722,1.0
3425,1.335609,1.1196374,1.2890638,0.7129253,0.0,0.0,1.0,23.662268,1.3263642,0.0,0.11627846,1.0199143,1.0
3426,1.2798225,1.1101329,1.3624952,0.6954274,0.0,0.0,1.0,39.532097,1.2798225,0.18674974,0.113183476,0.9927672,0.0
3427,1.722984,1.2006325,1.3768504,0.64795893,0.0,0.0,1.0,40.93423,1.722984,0.25119203,0.08042973,0.705474,0.0
3428,1.5489556,1.1638508,1.3186979,0.83149636,0.0,0.0,1.0,47.22113,1.54287,0.54013884,0.11529285,1.0112692,1.0
3429,1.2886318,1.1119319,1.3798071,0.72967035,0.0,0.0,1.0,53.37855,1.2886318,0.82313484,0.09181176,0.80530936,0.0
3430,2.2981932,1.318098,1.5421915,0.629707,0.0,0.0,1.0,55.4425,2.2981932,0.91799426,0.06862132,0.60189885,0.0
3431,1.7898527,1.1693368,1.4263293,0.70776236,0.0,0.0,1.0,58.527435,1.5697342,1.0597783,0.1596851,1.4006474,1.0
3432,3.4096575,1.5054309,1.4854398,0.7210176,0.0,0.0,1.0,58.527435,3.2155325,1.0597783,0.13367318,1.1724887,1.0
3433,2.0608435,1.2470331,1.2831992,0.7279267,0.0,0.0,1.0,60.330658,1.9502004,1.1426547,0.13248853,1.1620978,1.0
3434,1.99105,1.2553751,1.7098742,0.6641731,0.0,0.0,1.0,56.4417,1.99105,0.9639176,0.11015028,0.96616215,0.0
3435,2.5979342,1.3422325,1.3507756,0.79802465,0.0,0.0,1.0,55.294487,2.416376,0.9111915,0.13848284,1.2146758,1.0
3436,2.2116263,1.2599341,1.4044784,0.71826,0.0,0.0,1.0,60.204517,2.0133743,1.1368573,0.14608258,1.2813355,1.0
3437,2.2889946,1.3118383,1.4422498,0.70411235,0.0,0.0,1.0,63.780155,2.2675407,1.3011941,0.117089964,1.0270323,1.0
3438,2.7790346,1.4162922,1.4007378,0.73777723,0.0,0.0,1.0,53.18158,2.7790346,0.81408197,0.109241106,0.9581875,0.0
3439,2.039407,1.2652503,1.2586573,0.8070916,0.0,0.0,1.0,57.33255,2.039407,1.0048612,0.08156927,0.71546924,0.0
3440,2.3673413,1.318988,1.3227949,0.71412927,0.0,0.0,1.0,57.33255,2.3025515,1.0048612,0.12317376,1.0803951,1.0
3441,1.6523194,1.1862018,1.16087,0.80651724,0.0,0.0,1.0,46.971268,1.6523194,0.5286551,0.10939611,0.95954704,0.0
3442,1.9823339,1.2534211,1.1758195,0.6588239,0.0,0.0,1.0,46.971268,1.9814812,0.5286551,0.11414824,1.0012294,1.0
3443,1.8381703,1.2241551,1.1806943,0.6802043,0.0,0.0,1.0,44.203506,1.8381703,0.40144843,0.106574364,0.9347967,0.0
3444,1.718356,1.1922979,1.1882684,0.6402545,0.0,0.0,1.0,44.203506,1.6821711,0.40144843,0.121014945,1.0614594,1.0
3445,2.0235035,1.2620026,1.2461108,0.5756461,0.0,0.0,1.0,44.203506,2.0235035,0.40144843,0.10877344,0.95408547,0.0
3446,1.489352,1.1529217,1.21698,0.6891809,0.0,0.0,1.0,49.65539,1.489352,0.6520179,0.10995912,0.9644854,0.0
3447,1.1600053,1.0802177,1.1513916,0.7800159,0.0,0.0,1.0,49.65539,1.1333325,0.6520179,0.12167427,1.0672426,1.0
3448,1.4740222,1.1497911,1.0572466,0.82028,0.0,0.0,1.0,49.65539,1.4740222,0.6520179,0.10864102,0.95292395,0.0
3449,1.3543198,1.1253463,1.0220456,0.74163884,0.0,0.0,1.0,49.65539,1.3543198,0.6520179,0.11295008,0.99072003,0.0
3450,1.0994692,1.0705348,1.0376177,0.7499332,0.0,0.0,1.0,47.61686,1.085917,0.5583266,0.11807324,1.0356569,1.0
3451,0.9176299,1.0361683,0.9439324,0.768322,0.0,0.0,1.0,51.779594,0.9176299,0.74964654,0.11244667,0.9863045,0.0
3452,0.94366795,1.0414857,0.88959396,0.8586118,0.0,0.0,1.0,53.101936,0.94366795,0.8104216,0.10971416,0.9623368,0.0
3453,1.500571,1.1552128,1.0788836,0.7330857,0.0,0.0,1.0,59.19667,1.500571,1.0905365,0.109144606,0.9573411,0.0
3454,1.6276356,1.181161,1.1216052,0.7548334,0.0,0.0,1.0,59.19667,1.6276356,1.0905365,0.09148022,0.80240124,0.0
3455,2.1461017,1.279329,1.1937815,0.7680369,0.0,0.0,1.0,64.55477,2.108348,1.3367956,0.119840965,1.0511621,1.0
3456,1.3611317,1.1267374,1.1882496,0.70200896,0.0,0.0,1.0,58.03736,1.3611317,1.0372545,0.08594938,0.7538886,0.0
3457,2.5517504,1.3698777,1.2631743,0.74413645,0.0,0.0,1.0,55.05889,2.5517504,0.9003635,0.09000328,0.7894466,0.0
3458,2.750337,1.4104317,1.2611904,0.81504136,0.0,0.0,1.0,57.253063,2.750337,1.001208,0.08699079,0.7630231,0.0
3459,2.1943426,1.2968903,1.2956995,0.7008726,0.0,0.0,1.0,57.253063,2.1943426,1.001208,0.092505604,0.8113952,0.0
3460,2.4578183,1.3506955,1.2010183,0.6896404,0.0,0.0,1.0,54.88338,2.4578183,0.892297,0.10546739,0.92508703,0.0
3461,1.894934,1.235747,1.10952,0.75792944,0.0,0.0,1.0,54.233803,1.894934,0.8624423,0.07898296,0.6927839,0.0
3462,2.0801306,1.2735666,1.2933583,0.6107485,0.0,0.0,1.0,52.02953,2.0801306,0.7611336,0.09314798,0.8170297,0.0
3463,1.8241572,1.2193457,1.1652031,0.72688943,0.0,0.0,1.0,49.060677,1.8146195,0.6246847,0.115720175,1.0150174,1.0
3464,2.6834497,1.3967725,1.3815844,0.7641981,0.0,0.0,1.0,48.25914,2.6834497,0.5878459,0.10046693,0.8812265,0.0
3465,1.9108756,1.2390025,1.1644435,0.73745257,0.0,0.0,1.0,48.25914,1.9108756,0.5878459,0.08916276,0.7820741,0.0
3466,0.9679799,1.0464505,1.2244482,0.82653433,0.0,0.0,1.0,44.940567,0.9679799,0.43532383,0.09555674,0.8381577,0.0
3467,1.9217614,1.2412255,1.4078526,0.69563466,0.0,0.0,1.0,48.25914,1.9217614,0.5878459,0.07594592,0.66614515,0.0
3468,1.1759187,1.0889144,1.0702437,0.7341861,0.0,0.0,1.0,48.25914,1.1759187,0.5878459,0.09326598,0.81806475,0.0
3469,1.4868261,1.1524059,1.2369478,0.7166716,0.0,0.0,1.0,49.06372,1.4868261,0.6248246,0.09254468,0.811738,0.0
3470,1.1537912,1.0843956,1.0563736,0.72971094,0.0,0.0,1.0,49.06372,1.1537912,0.6248246,0.09800039,0.8595917,0.0
3471,1.0282683,1.0587622,1.1608454,0.71969664,0.0,0.0,1.0,48.262135,1.0282683,0.58798355,0.08179588,0.71745694,0.0
3472,0.99183446,1.0443692,1.0289428,0.7218456,0.0,0.0,1.0,32.930126,0.9577883,0.0,0.12558693,1.1015618,1.0
3473,0.5543506,0.95855623,0.9371274,0.76522404,0.0,0.0,1.0,29.653402,0.537576,0.0,0.1241724,1.0891545,1.0
3474,0.25371227,0.90058744,0.995785,0.7397232,0.0,0.0,1.0,16.562546,0.25371227,0.0,0.10063505,0.88270116,0.0
3475,0.7327138,0.998406,1.0022326,0.71766746,0.0,0.0,1.0,16.562546,0.7327138,0.0,0.10167729,0.89184296,0.0
3476,1.1639128,1.0864626,0.9482268,0.7174142,0.0,0.0,1.0,22.847681,1.1639128,0.0,0.09139217,0.80162895,0.0
3477,1.1282382,1.0791774,0.99146694,0.72322375,0.0,0.0,1.0,18.42489,1.1282382,0.0,0.109820254,0.9632674,0.0
3478,0.66183054,0.97812814,0.92889345,0.80038106,0.0,0.0,1.0,18.087696,0.6334165,0.0,0.12862016,1.1281672,1.0
3479,0.42028776,0.9343368,0.88079166,0.7477659,0.0,0.0,1.0,18.087696,0.41897732,0.0,0.11502689,1.0089364,1.0
3480,1.9059961,1.238006,1.0222708,0.8469942,0.0,0.0,1.0,18.554813,1.9059961,0.0,0.103925176,0.9115598,0.0
3481,1.0994459,1.0732976,0.98165464,0.86972696,0.0,0.0,1.0,15.674507,1.0994459,0.0,0.10706025,0.93905854,0.0
3482,0.90288144,1.0331565,1.0220295,0.781631,0.0,0.0,1.0,13.781167,0.90288144,0.0,0.10519902,0.92273307,0.0
3483,1.0285392,1.0514214,1.023991,0.7614973,0.0,0.0,1.0,13.5090475,0.99232167,0.0,0.12589674,1.1042792,1.0
3484,1.6177341,1.179139,1.0926582,0.7339325,0.0,0.0,1.0,24.813309,1.6177341,0.0,0.10722712,0.9405222,0.0
3485,1.1896636,1.0917213,1.0390127,0.78198093,0.0,0.0,1.0,29.45643,1.1896636,0.0,0.09144826,0.802121,0.0
3486,0.90339285,1.0322158,0.96695423,0.79504526,0.0,0.0,1.0,28.782015,0.89827514,0.0,0.115863875,1.0162778,1.0
3487,1.850014,1.2265737,1.22842,0.73216397,0.0,0.0,1.0,28.782015,1.850014,0.0,0.078718446,0.69046384,0.0
3488,1.5174549,1.1586607,1.079614,0.7508341,0.0,0.0,1.0,28.142199,1.5174549,0.0,0.09994163,0.8766189,0.0
3489,2.0347762,1.2643046,1.2360344,0.7737967,0.0,0.0,1.0,27.844742,2.0347762,0.0,0.11000995,0.9649313,0.0
3490,1.8742704,1.2315272,1.0793167,0.8305965,0.0,0.0,1.0,32.725883,1.8742704,0.0,0.103357024,0.9065764,0.0
3491,1.3547293,1.1224552,1.1396296,0.7376415,0.0,0.0,1.0,27.844742,1.3401628,0.0,0.1175486,1.0310551,1.0
3492,1.6520684,1.1861506,1.1624366,0.6798167,0.0,0.0,1.0,27.844742,1.6520684,0.0,0.08719842,0.7648443,0.0
3493,1.7616316,1.2085248,1.1148545,0.7600311,0.0,0.0,1.0,24.111061,1.7616316,0.0,0.088078834,0.7725667,0.0
3494,0.26779696,0.9034637,1.0369936,0.6641142,0.0,0.0,1.0,24.111061,0.26779696,0.0,0.09485953,0.8320423,0.0
3495,1.8115118,1.218711,1.0486354,0.8139044,0.0,0.0,1.0,22.97304,1.8115118,0.0,0.094320096,0.8273107,0.0
3496,1.6278043,1.1811955,1.0489411,0.8553081,0.0,0.0,1.0,22.581404,1.6278043,0.0,0.09539981,0.8367812,0.0
3497,1.3455905,1.1235636,1.0646816,0.83299553,0.0,0.0,1.0,22.581404,1.3455905,0.0,0.085795276,0.7525369,0.0
3498,1.2016002,1.0941589,0.9658378,0.79536784,0.0,0.0,1.0,24.224802,1.2016002,0.0,0.08399646,0.7367589,0.0
3499,0.4982013,0.9505154,0.9905082,0.77761877,0.0,0.0,1.0,21.537355,0.4982013,0.0,0.10493491,0.92041653,0.0
3500,0.7865398,1.009398,0.9478435,0.7749043,0.0,0.0,1.0,19.527948,0.7865398,0.0,0.10591393,0.9290038,0.0
3501,1.6190212,1.1794019,1.1074146,0.82515717,0.0,0.0,1.0,18.57537,1.6190212,0.0,0.09025741,0.7916757,0.0
3502,1.1729054,1.088299,1.0433513,0.8055541,0.0,0.0,1.0,18.121897,1.1729054,0.0,0.07178013,0.6296057,0.0
3503,1.7005172,1.1960444,1.034854,0.85373664,0.0,0.0,1.0,19.325327,1.7005172,0.0,0.078780465,0.6910078,0.0
3504,1.2349072,1.1009606,0.9000761,0.8416841,0.0,0.0,1.0,10.334766,1.2349072,0.0,0.083592884,0.733219,0.0
3505,0.8078863,1.0137572,0.99400324,0.81126684,0.0,0.0,1.0,10.752018,0.8078863,0.0,0.073551595,0.64514375,0.0
3506,1.2134824,1.0965854,0.8647354,0.8319501,0.0,0.0,1.0,11.776788,1.2134824,0.0,0.09471718,0.8307937,0.0
3507,1.2439097,1.102799,0.90828186,0.76113766,0.0,0.0,1.0,13.474425,1.2439097,0.0,0.10542411,0.9247075,0.0
3508,1.3656738,1.1276649,1.0192083,0.76665694,0.0,0.0,1.0,15.357676,1.3656738,0.0,0.084923916,0.7448939,0.0
3509,0.68257594,0.98816717,0.9596445,0.79868394,0.0,0.0,1.0,15.376216,0.68257594,0.0,0.092236795,0.80903745,0.0
3510,0.595964,0.97047985,0.96734124,0.8053418,0.0,0.0,1.0,15.376216,0.595964,0.0,0.08477968,0.74362874,0.0
3511,0.61995405,0.97537893,0.985303,0.8104343,0.0,0.0,1.0,17.908903,0.61995405,0.0,0.0869886,0.7630039,0.0
3512,1.38348,1.1274803,0.9564037,0.80582494,0.0,0.0,1.0,21.703436,1.3647696,0.0,0.11847378,1.0391701,1.0
3513,1.366693,1.1278731,1.0421951,0.7195108,0.0,0.0,1.0,21.706371,1.366693,0.0,0.088940546,0.780125,0.0
3514,1.4300268,1.1408067,1.1606842,0.8010886,0.0,0.0,1.0,25.7258,1.4300268,0.0,0.08058183,0.70680815,0.0
3515,0.8601756,1.0244354,0.92373765,0.8495417,0.0,0.0,1.0,21.708578,0.8601756,0.0,0.07247654,0.6357142,0.0
3516,1.2362666,1.1012383,0.9956726,0.8247411,0.0,0.0,1.0,35.678444,1.2362666,0.009635284,0.07586569,0.66544145,0.0
3517,0.0,0.8354678,0.77132267,0.7930082,0.0,0.0,1.0,32.14168,0.0,0.0,0.08734277,0.7661104,0.0
3518,1.3833404,1.1312727,1.1327585,0.77933615,0.0,0.0,1.0,35.675755,1.3833404,0.00951168,0.11287505,0.99006194,0.0
3519,1.2556845,1.1052036,1.066454,0.8046745,0.0,0.0,1.0,35.958817,1.2556845,0.022521252,0.09114536,0.7994641,0.0
3520,0.7405731,1.000011,0.91616577,0.8253406,0.0,0.0,1.0,35.961525,0.7405731,0.02264573,0.099889286,0.8761598,0.0
3521,1.0091751,1.0548631,1.0967628,0.8537939,0.0,0.0,1.0,35.963562,1.0091751,0.022739355,0.090198785,0.7911614,0.0
3522,0.9012347,1.0328202,0.9287274,0.7176701,0.0,0.0,1.0,35.963562,0.9012347,0.022739355,0.108353704,0.9504038,0.0
3523,1.4029374,1.1352746,1.0331877,0.78972673,0.0,0.0,1.0,35.984077,1.4029374,0.023682246,0.08590857,0.7535306,0.0
3524,1.00376,1.053671,0.96615833,0.70922,0.0,0.0,1.0,39.52702,1.0033376,0.18651639,0.11414519,1.0012027,1.0
3525,1.4817445,1.1513681,0.9879043,0.8124615,0.0,0.0,1.0,46.2179,1.4817445,0.4940302,0.107395396,0.9419982,0.0
3526,0.8561133,1.0236058,1.0426887,0.7959514,0.0,0.0,1.0,53.65617,0.8561133,0.8358942,0.0987328,0.8660159,0.0
3527,1.2292552,1.0998064,0.9711608,0.73939216,0.0,0.0,1.0,52.06669,1.2292552,0.76284146,0.08037815,0.7050216,0.0
3528,1.1213866,1.0777782,0.94705784,0.738488,0.0,0.0,1.0,52.06669,1.1213866,0.76284146,0.08177942,0.7173126,0.0
3529,1.3537198,1.1252238,0.98464483,0.7173194,0.0,0.0,1.0,45.88045,1.3537198,0.47852105,0.11112424,0.97470504,0.0
3530,0.6283784,0.9770993,0.96292925,0.6738034,0.0,0.0,1.0,52.06669,0.6283784,0.76284146,0.091387816,0.80159074,0.0
3531,0.7971243,1.0115595,1.0154499,0.64480144,0.0,0.0,1.0,50.228245,0.7971243,0.6783463,0.08585825,0.75308925,0.0
3532,0.8459339,1.021527,0.91689736,0.64659464,0.0,0.0,1.0,50.228245,0.8459339,0.6783463,0.09596736,0.8417594,0.0
3533,0.90597826,1.0337889,0.8733751,0.7763557,0.0,0.0,1.0,45.88045,0.90597826,0.47852105,0.10510328,0.9218933,0.0
3534,0.5685801,0.9648877,0.87857056,0.7062751,0.0,0.0,1.0,47.532555,0.5685801,0.55445194,0.07353507,0.6449988,0.0
3535,0.70908016,0.9935797,0.8680743,0.6223765,0.0,0.0,1.0,45.88045,0.70908016,0.47852105,0.07844006,0.688022,0.0
3536,0.78677624,1.0094463,0.9183094,0.60725385,0.0,0.0,1.0,48.882553,0.78677624,0.6164981,0.08580878,0.75265527,0.0
3537,0.0,0.84371805,0.7811806,0.6231611,0.0,0.0,1.0,27.34431,0.0,0.0,0.07390483,0.64824206,0.0
3538,0.0,0.8171511,0.8836928,0.5264151,0.0,0.0,1.0,28.050562,0.0,0.0,0.069730766,0.6116301,0.0
3539,0.74536335,1.0009892,0.98577297,0.51944524,0.0,0.0,1.0,27.34431,0.74536335,0.0,0.06398171,0.56120336,0.0
3540,0.20262115,0.89015394,0.82254523,0.69839674,0.0,0.0,1.0,27.151453,0.20262115,0.0,0.057464924,0.5040426,0.0
3541,0.5924224,0.9697566,0.8816156,0.7288755,0.0,0.0,1.0,27.151453,0.5924224,0.0,0.09106495,0.7987588,0.0
3542,0.36873728,0.9240771,0.85804164,0.77476007,0.0,0.0,1.0,28.99797,0.36873728,0.0,0.10346556,0.90752834,0.0
3543,0.9591864,1.0446547,0.95501065,0.7563447,0.0,0.0,1.0,28.99797,0.9591864,0.0,0.0889941,0.78059477,0.0
3544,0.4047686,0.93143517,0.9623365,0.77764463,0.0,0.0,1.0,27.34431,0.4047686,0.0,0.07923988,0.6950375,0.0
3545,1.1540258,1.0844436,1.0047684,0.8136325,0.0,0.0,1.0,28.99797,1.1540258,0.0,0.092258684,0.80922943,0.0
3546,0.54044807,0.95914274,0.8868208,0.71895003,0.0,0.0,1.0,31.26151,0.54044807,0.0,0.0784353,0.6879803,0.0
3547,0.9145562,0.9982894,0.9351481,0.6689728,0.0,0.0,1.0,60.34242,0.7321429,1.1431953,0.08334974,0.7310863,0.0
3548,0.9145562,1.0104387,0.9540351,0.765554,0.0,0.0,1.0,60.34242,0.79163593,1.1431953,0.06138156,0.53839666,0.0
3549,1.20866,1.0956006,0.9140714,0.83660674,0.0,0.0,1.0,58.75367,1.20866,1.0701761,0.07134088,0.6257529,0.0
3550,1.1482986,1.083274,1.0741546,0.66147274,0.0,0.0,1.0,59.530956,1.1482986,1.1059003,0.084467,0.74088615,0.0
3551,1.0742373,1.0681497,1.1116648,0.6951248,0.0,0.0,1.0,52.370007,1.0742373,0.776782,0.09433531,0.82744414,0.0
3552,1.4655222,1.1480553,1.0721108,0.818019,0.0,0.0,1.0,50.12047,1.4655222,0.67339283,0.105447724,0.9249146,0.0
3553,1.2406454,1.1021324,1.1821452,0.64923483,0.0,0.0,1.0,47.849728,1.2406454,0.5690293,0.109999865,0.9648428,0.0
3554,1.4509046,1.1450702,1.1528398,0.7432772,0.0,0.0,1.0,50.603188,1.4509046,0.6955787,0.0877515,0.7696955,0.0
3555,1.459777,1.146882,1.2966242,0.7298959,0.0,0.0,1.0,47.849728,1.459777,0.5690293,0.080841854,0.70908886,0.0
3556,1.3421534,1.1228617,1.0829374,0.8118538,0.0,0.0,1.0,46.748047,1.3421534,0.5183959,0.08948507,0.7849012,0.0
3557,1.6286508,1.1813684,1.187313,0.686152,0.0,0.0,1.0,44.107327,1.6286508,0.39702797,0.08471949,0.7431008,0.0
3558,1.3520643,1.1248857,1.0003194,0.69908166,0.0,0.0,1.0,37.07924,1.3520643,0.07401603,0.09261749,0.8123766,0.0
3559,1.1273276,1.0789914,1.0972489,0.7414989,0.0,0.0,1.0,37.07924,1.1273276,0.07401603,0.075223066,0.65980476,0.0
3560,1.2273138,1.0994099,1.0309432,0.67986697,0.0,0.0,1.0,34.805668,1.2273138,0.0,0.099550925,0.87319195,0.0
3561,1.4415126,1.1431522,1.0858359,0.7402445,0.0,0.0,1.0,32.642033,1.4415126,0.0,0.07740619,0.6789536,0.0
3562,1.4953488,1.1541463,1.1986082,0.79226154,0.0,0.0,1.0,34.805668,1.4953488,0.0,0.098369986,0.86283356,0.0
3563,1.3814087,1.1308782,1.1407068,0.7337038,0.0,0.0,1.0,34.636303,1.3814087,0.0,0.08995503,0.7890234,0.0
3564,1.1333588,1.0802231,1.231157,0.8443039,0.0,0.0,1.0,34.636303,1.1333588,0.0,0.075350136,0.6609193,0.0
3565,1.0832597,1.0699922,0.968916,0.84206575,0.0,0.0,1.0,34.636303,1.0832597,0.0,0.07254306,0.63629764,0.0
3566,1.0560541,1.0644364,0.9953822,0.8108555,0.0,0.0,1.0,35.5246,1.0560541,0.0025646403,0.10976612,0.9627925,0.0
3567,0.5427688,0.95961666,0.8854874,0.77928644,0.0,0.0,1.0,18.819532,0.5427688,0.0,0.084414795,0.74042827,0.0
3568,0.43091264,0.93677413,0.9085644,0.80054176,0.0,0.0,1.0,19.502352,0.43091264,0.0,0.08055915,0.7066092,0.0
3569,0.85481447,1.0233406,0.91690475,0.7108377,0.0,0.0,1.0,19.809631,0.85481447,0.0,0.0776614,0.68119216,0.0
3570,1.33548,1.121499,1.0050086,0.70923036,0.0,0.0,1.0,19.314287,1.33548,0.0,0.08808754,0.77264297,0.0
3571,1.0741434,1.0681305,0.8862803,0.8035831,0.0,0.0,1.0,18.819532,1.0741434,0.0,0.07265027,0.63723797,0.0
3572,1.639728,1.1836305,1.0463139,0.74234855,0.0,0.0,1.0,18.405836,1.639728,0.0,0.10026228,0.8794314,0.0
3573,1.9902607,1.255214,1.0488758,0.80859226,0.0,0.0,1.0,18.619942,1.9902607,0.0,0.08904457,0.78103745,0.0
3574,1.0782716,1.0689735,1.0504255,0.75815266,0.0,0.0,1.0,33.023087,1.0782716,0.0,0.0920005,0.8069648,0.0
3575,1.4854981,1.1521347,1.0278586,0.8722782,0.0,0.0,1.0,30.816303,1.4854981,0.0,0.08585485,0.75305945,0.0
3576,0.84226507,1.020104,0.94215083,0.7345002,0.0,0.0,1.0,29.836998,0.83896565,0.0,0.115289114,1.0112364,1.0
3577,1.6497731,1.1856818,1.0796142,0.78413177,0.0,0.0,1.0,27.665352,1.6497731,0.0,0.08010581,0.70263284,0.0
3578,0.54984903,0.96106255,0.9337414,0.7507801,0.0,0.0,1.0,23.369299,0.54984903,0.0,0.09781189,0.85793835,0.0
3579,1.383125,1.1312287,0.986983,0.78520334,0.0,0.0,1.0,23.369299,1.383125,0.0,0.07122804,0.6247632,0.0
3580,1.2103868,1.0959532,1.3743466,0.67564964,0.0,0.0,1.0,26.116636,1.2103868,0.0,0.08219212,0.7209325,0.0
3581,1.9377327,1.244487,1.2837414,0.76591074,0.0,0.0,1.0,28.890635,1.9377327,0.0,0.098732725,0.86601526,0.0
3582,1.4679044,1.1485418,1.1513311,0.74563825,0.0,0.0,1.0,28.916891,1.4679044,0.0,0.086389884,0.75775236,0.0
3583,1.2140626,1.0967039,1.0384456,0.7779963,0.0,0.0,1.0,27.503365,1.2140626,0.0,0.08512686,0.746674,0.0
3584,0.8630347,1.0236738,1.2273728,0.6765057,0.0,0.0,1.0,26.116636,0.856446,0.0,0.11651398,1.0219802,1.0
3585,1.1275073,1.0790281,1.1086252,0.8200405,0.0,0.0,1.0,28.188688,1.1275073,0.0,0.075798444,0.6648516,0.0
3586,0.71394515,0.9945732,1.0686133,0.828398,0.0,0.0,1.0,28.188688,0.71394515,0.0,0.06844669,0.60036707,0.0
3587,1.5156107,1.1582841,0.97943455,0.79865843,0.0,0.0,1.0,26.116636,1.5156107,0.0,0.10414653,0.91350144,0.0
3588,0.6598367,0.978066,0.91127825,0.80324686,0.0,0.0,1.0,25.597971,0.6331123,0.0,0.1277578,1.1206032,1.0
3589,0.92356545,1.0373805,1.0683396,0.813711,0.0,0.0,1.0,24.137854,0.92356545,0.0,0.10222639,0.89665926,0.0
3590,1.1218829,1.0778795,0.8791552,0.77062124,0.0,0.0,1.0,22.75014,1.1218829,0.0,0.08889708,0.77974373,0.0
3591,0.91800696,1.0362453,1.0510252,0.80987716,0.0,0.0,1.0,22.288555,0.91800696,0.0,0.08991167,0.78864306,0.0
3592,0.69575495,0.9908585,0.993686,0.77826357,0.0,0.0,1.0,22.75014,0.69575495,0.0,0.087478206,0.76729834,0.0
3593,0.60420656,0.9721631,1.0312774,0.75206506,0.0,0.0,1.0,21.779282,0.60420656,0.0,0.0797025,0.69909525,0.0
3594,0.7010907,0.9919481,0.88455623,0.76855296,0.0,0.0,1.0,21.117022,0.7010907,0.0,0.0959305,0.8414361,0.0
3595,0.03932334,0.85680634,0.74738306,0.7995917,0.0,0.0,1.0,10.823042,0.03932334,0.0,0.091084115,0.7989269,0.0
3596,0.06942842,0.8629542,0.6651373,0.7238655,0.0,0.0,1.0,11.68561,0.06942842,0.0,0.10657134,0.93477017,0.0
3597,0.0,0.7968034,0.7227469,0.7767628,0.0,0.0,1.0,12.300403,0.0,0.0,0.09518388,0.8348872,0.0
3598,0.0,0.6835065,0.6794768,0.75667995,0.0,0.0,1.0,11.381376,0.0,0.0,0.075452805,0.6618199,0.0
3599,1.0543058,1.0640794,0.9688182,0.9001389,0.0,0.0,1.0,12.318345,1.0543058,0.0,0.096107274,0.8429866,0.0
3600,1.1010324,1.0624609,0.98398125,0.77627164,0.0,0.0,1.0,12.318345,1.0463803,0.0,0.1310212,1.1492275,1.0
3601,0.25142983,0.90012133,0.9583958,0.725471,0.0,0.0,1.0,12.923209,0.25142983,0.0,0.079853326,0.7004182,0.0
3602,0.39152274,0.9287302,0.8206344,0.80977446,0.0,0.0,1.0,13.322772,0.39152274,0.0,0.085205674,0.7473653,0.0
3603,0.9758764,1.0326279,0.93709284,0.75664204,0.0,0.0,1.0,13.322772,0.9002931,0.0,0.14135505,1.2398689,1.0
3604,1.1111113,1.069554,0.8755472,0.7601278,0.0,0.0,1.0,12.923209,1.0811139,0.0,0.1230462,1.0792762,1.0
3605,1.1611667,1.0744654,0.9072611,0.75831735,0.0,0.0,1.0,14.331556,1.1051643,0.0,0.13051426,1.144781,1.0
3606,1.1563582,1.0708798,1.0523219,0.6925451,0.0,0.0,1.0,12.9456625,1.0876063,0.0,0.1345992,1.1806111,1.0
3607,0.95155036,1.03363,0.96007633,0.74799925,0.0,0.0,1.0,14.836263,0.9052001,0.0,0.13068725,1.1462983,1.0
3608,1.3803345,1.1007178,0.8916671,0.80363274,0.0,0.0,1.0,16.682035,1.233718,0.0,0.15271908,1.3395462,1.0
3609,1.4229602,1.1030575,0.9807041,0.7811497,0.0,0.0,1.0,30.070253,1.2451752,0.0,0.16051653,1.40794,1.0
3610,1.8295156,1.1839174,1.1480486,0.8152267,0.0,0.0,1.0,30.070253,1.6411331,0.0,0.15139881,1.3279657,1.0
3611,1.2378293,1.1015574,1.079863,0.7631825,0.0,0.0,1.0,25.852142,1.2378293,0.0,0.07305415,0.6407805,0.0
3612,1.751043,1.2063625,1.1614175,0.811681,0.0,0.0,1.0,23.352182,1.751043,0.0,0.077080555,0.6760974,0.0
3613,1.510045,1.152552,1.0562295,0.8087942,0.0,0.0,1.0,23.352182,1.4875418,0.0,0.11893574,1.0432222,1.0
3614,2.3410323,1.2946059,1.2961068,0.76203686,0.0,0.0,1.0,23.336134,2.1831563,0.0,0.1375639,1.2066154,1.0
3615,1.8866221,1.2340496,1.1425986,0.777292,0.0,0.0,1.0,25.852142,1.8866221,0.0,0.097142175,0.852064,0.0
3616,1.6023827,1.1527992,1.142451,0.7916244,0.0,0.0,1.0,28.880375,1.4887525,0.0,0.13887024,1.2180737,1.0
3617,2.4097695,1.2908702,1.1540328,0.8595526,0.0,0.0,1.0,30.070253,2.1648633,0.0,0.15085804,1.3232225,1.0
3618,1.5125594,1.1458454,1.0440025,0.7499477,0.0,0.0,1.0,30.070253,1.4547007,0.0,0.12696382,1.1136389,1.0
3619,1.2876575,1.108949,1.0476959,0.7628524,0.0,0.0,1.0,30.070253,1.2740247,0.0,0.117493644,1.030573,1.0
3620,1.0911964,1.071613,1.009027,0.74704576,0.0,0.0,1.0,31.671011,1.0911964,0.0,0.1015729,0.8909273,0.0
3621,1.4261245,1.1400098,1.1134886,0.78915983,0.0,0.0,1.0,31.742414,1.4261245,0.0,0.10738647,0.9419199,0.0
3622,1.0870378,1.0707637,1.1151447,0.7647485,0.0,0.0,1.0,32.713238,1.0870378,0.0,0.09921049,0.8702059,0.0
3623,0.98533255,1.049799,1.06396,0.79544324,0.0,0.0,1.0,33.021442,0.98437685,0.0,0.1143243,1.0027738,1.0
3624,1.8769189,1.2320681,1.0176433,0.80552614,0.0,0.0,1.0,33.972286,1.8769189,0.0,0.113432154,0.99494845,0.0
3625,0.7858901,1.0092653,1.0626167,0.7643932,0.0,0.0,1.0,33.972286,0.7858901,0.0,0.08808038,0.7725802,0.0
3626,1.4275926,1.1359537,1.0642036,0.7559833,0.0,0.0,1.0,33.890625,1.4062624,0.0,0.11894887,1.0433373,1.0
3627,1.9630473,1.2435247,1.0293305,0.8270253,0.0,0.0,1.0,34.79967,1.9330201,0.0,0.11906802,1.0443823,1.0
3628,0.21547149,0.89277816,0.87005734,0.840552,0.0,0.0,1.0,34.79967,0.21547149,0.0,0.10560862,0.92632586,0.0
3629,1.7501413,1.1978661,1.0807776,0.76217103,0.0,0.0,1.0,37.088913,1.7094375,0.07446065,0.12176426,1.0680319,1.0
3630,2.0200245,1.2269131,1.0695589,0.77694684,0.0,0.0,1.0,20.296406,1.8516759,0.0,0.1436231,1.2597625,1.0
3631,1.27112,1.0953118,1.0043441,0.7789088,0.0,0.0,1.0,1.4591832,1.2072456,0.0,0.13124254,1.151169,1.0
3632,1.3031045,1.0848411,0.96118927,0.8190311,0.0,0.0,1.0,22.309198,1.1559726,0.0,0.15546782,1.3636563,1.0
3633,1.6230053,1.1802155,1.1673802,0.8050008,0.0,0.0,1.0,22.309198,1.6230053,0.0,0.09503631,0.8335929,0.0
3634,1.3379216,1.1183159,0.96969503,0.8043193,0.0,0.0,1.0,25.28434,1.3198934,0.0,0.118457265,1.0390253,1.0
3635,1.725971,1.2012424,1.0714356,0.8416837,0.0,0.0,1.0,25.848175,1.725971,0.0,0.11162934,0.9791354,0.0
3636,1.8552899,1.2136662,1.0390571,0.7676284,0.0,0.0,1.0,27.151249,1.786808,0.0,0.12649243,1.1095041,1.0
3637,1.6296512,1.1465266,1.1346898,0.7696006,0.0,0.0,1.0,27.578768,1.4580362,0.0,0.1523483,1.3362939,1.0
3638,1.9212767,1.2257621,1.0251708,0.78566897,0.0,0.0,1.0,28.373074,1.8460399,0.0,0.12728374,1.116445,1.0
3639,1.534837,1.1520476,1.3140821,0.85175025,0.0,0.0,1.0,28.49186,1.4850719,0.0,0.12492359,1.0957434,1.0
3640,1.6529012,1.1782607,1.1475765,0.8906907,0.0,0.0,1.0,52.68317,1.613433,0.791175,0.121976346,1.0698922,1.0
3641,1.6267045,1.1809709,1.6172638,0.9404952,0.0,0.0,1.0,53.47571,1.6267045,0.82760036,0.09448063,0.8287188,0.0
3642,0.8407976,1.0100068,1.0175827,0.84414655,0.0,0.0,1.0,54.4059,0.78952104,0.8703519,0.13516356,1.1855613,1.0
3643,1.339502,1.1085898,1.016135,0.8349868,0.0,0.0,1.0,55.46056,1.2722658,0.91882426,0.13122252,1.1509932,1.0
3644,1.7808677,1.1741816,1.0905336,0.8375415,0.0,0.0,1.0,59.116753,1.5934583,1.0868634,0.15231863,1.3360337,1.0
3645,1.2039176,1.0946321,1.1432152,0.83143663,0.0,0.0,1.0,59.116753,1.2039176,1.0868634,0.093939915,0.82397604,0.0
3646,1.2573581,1.1055454,1.1552075,0.7751775,0.0,0.0,1.0,59.116753,1.2573581,1.0868634,0.09805025,0.86002904,0.0
3647,1.7362225,1.1947836,1.2648038,0.84019536,0.0,0.0,1.0,58.769295,1.6943429,1.0708942,0.12205943,1.0706209,1.0
3648,1.8781536,1.2323202,1.3188335,0.850366,0.0,0.0,1.0,55.580547,1.8781536,0.9243389,0.109884195,0.9638282,0.0
3649,1.165838,1.0814863,0.99254626,0.75272447,0.0,0.0,1.0,53.613564,1.1395448,0.83393604,0.121523954,1.0659242,1.0
3650,2.0285873,1.2630408,1.0896491,0.7892085,0.0,0.0,1.0,56.019855,2.0285873,0.9445296,0.10528981,0.92352945,0.0
3651,1.2988142,1.1140113,1.0640568,0.7617611,0.0,0.0,1.0,53.613564,1.2988142,0.83393604,0.103126995,0.9045587,0.0
3652,2.079638,1.273466,1.117843,0.8019363,0.0,0.0,1.0,52.430847,2.079638,0.7795782,0.10986763,0.96368295,0.0
3653,1.7435673,1.2029179,1.2841579,0.8465019,0.0,0.0,1.0,50.10583,1.7341756,0.67272013,0.11577216,1.0154734,1.0
3654,2.2499542,1.2808224,1.2072997,0.7418478,0.0,0.0,1.0,52.430847,2.115661,0.7795782,0.13468453,1.1813596,1.0
3655,1.7371497,1.2035253,1.1098039,0.8927823,0.0,0.0,1.0,60.577602,1.7371497,1.1540043,0.10693199,0.93793356,0.0
3656,1.1111687,1.0756916,0.9997787,0.84279597,0.0,0.0,1.0,56.32697,1.1111687,0.95864457,0.09222089,0.8088979,0.0
3657,1.8889798,1.234531,1.050829,0.82859755,0.0,0.0,1.0,60.577602,1.8889798,1.1540043,0.10413613,0.9134102,0.0
3658,1.1700532,1.0877166,1.1592845,0.7212022,0.0,0.0,1.0,59.421146,1.1700532,1.1008534,0.094796985,0.8314937,0.0
3659,1.2354623,1.101074,0.914607,0.9640272,0.0,0.0,1.0,59.421146,1.2354623,1.1008534,0.085356236,0.7486859,0.0
3660,0.93758297,1.040243,0.8940499,0.8278526,0.0,0.0,1.0,54.748333,0.93758297,0.8860902,0.095795006,0.8402476,0.0
3661,1.911687,1.2391682,1.172168,0.7396431,0.0,0.0,1.0,30.698208,1.911687,0.0,0.096772395,0.84882057,0.0
3662,1.6334211,1.1732463,1.0433714,0.8352006,0.0,0.0,1.0,30.698208,1.5888782,0.0,0.12313985,1.0800977,1.0
3663,0.92458814,1.0375893,0.9124194,0.72961384,0.0,0.0,1.0,27.148428,0.92458814,0.0,0.10724068,0.9406411,0.0
3664,0.23867491,0.8975166,0.84352636,0.81281626,0.0,0.0,1.0,27.149658,0.23867491,0.0,0.10814113,0.94853926,0.0
3665,0.96463215,1.0457668,1.0614583,0.8677287,0.0,0.0,1.0,26.054962,0.96463215,0.0,0.11121575,0.9755077,0.0
3666,0.9184302,1.0363318,0.83683985,0.8478374,0.0,0.0,1.0,26.054962,0.9184302,0.0,0.07580763,0.66493213,0.0
3667,1.1856556,1.0884275,0.90211076,0.93879104,0.0,0.0,1.0,26.054962,1.1735348,0.0,0.11737248,1.0295103,1.0
3668,1.0750219,1.0683099,1.0466379,0.73855925,0.0,0.0,1.0,24.049845,1.0750219,0.0,0.091411844,0.8018015,0.0
3669,1.4086581,1.1257974,0.9358018,0.80366766,0.0,0.0,1.0,42.83607,1.3565288,0.33860087,0.12652569,1.1097959,1.0
3670,1.2015283,1.0941442,0.8401789,0.8243664,0.0,0.0,1.0,43.614162,1.2015283,0.37436208,0.0971139,0.851816,0.0
3671,1.0138565,1.0529952,0.9090168,0.74524343,0.0,0.0,1.0,41.245193,1.0000283,0.26548392,0.11851234,1.0395083,1.0
3672,0.34400275,0.9155678,0.8583054,0.6792172,0.0,0.0,1.0,39.22166,0.32706875,0.17248204,0.13087314,1.1479288,1.0
3673,1.8848083,1.2336792,1.2314432,0.70409644,0.0,0.0,1.0,37.926693,1.8848083,0.112965144,0.11255776,0.9872789,0.0
3674,0.9742304,1.0366225,1.1113902,0.71942663,0.0,0.0,1.0,34.731586,0.919854,0.0,0.13326377,1.1688976,1.0
3675,1.9466436,1.2463068,1.1162293,0.88547224,0.0,0.0,1.0,34.731586,1.9466436,0.0,0.08991435,0.78866655,0.0
3676,0.7855605,1.0082902,0.93479896,0.79276025,0.0,0.0,1.0,34.765438,0.78111506,0.0,0.115861915,1.0162606,1.0
3677,1.3483315,1.1154666,1.1206895,0.84437525,0.0,0.0,1.0,32.97861,1.3059405,0.0,0.12458155,1.0927433,1.0
3678,0.9775096,1.0483966,1.0168698,0.70327336,0.0,0.0,1.0,32.365177,0.9775096,0.0,0.100272484,0.87952095,0.0
3679,1.451437,1.1451789,1.0481027,0.7132568,0.0,0.0,1.0,32.365177,1.451437,0.0,0.105925135,0.92910206,0.0
3680,2.1394925,1.2856891,1.1101682,0.88468057,0.0,0.0,1.0,29.009937,2.1394925,0.0,0.08778869,0.77002174,0.0
3681,0.98552215,1.0500329,1.1564941,0.87528867,0.0,0.0,1.0,26.434204,0.98552215,0.0,0.058406442,0.51230097,0.0
3682,1.8521342,1.2270067,1.0612851,0.7535195,0.0,0.0,1.0,26.434204,1.8521342,0.0,0.08176634,0.71719784,0.0
3683,1.215637,1.0970254,0.9337883,0.7649411,0.0,0.0,1.0,29.009937,1.215637,0.0,0.09034069,0.7924061,0.0
3684,1.6246281,1.1805469,1.0622401,0.75886637,0.0,0.0,1.0,26.446308,1.6246281,0.0,0.077509545,0.6798602,0.0
3685,1.3299104,1.1203616,0.86968887,0.8493439,0.0,0.0,1.0,26.19843,1.3299104,0.0,0.084113576,0.7377862,0.0
3686,0.08866731,0.86688304,0.87412316,0.86856043,0.0,0.0,1.0,25.729061,0.08866731,0.0,0.0881147,0.77288127,0.0
3687,1.1015294,1.0737231,1.0888501,0.7966171,0.0,0.0,1.0,25.612219,1.1015294,0.0,0.09271909,0.8132678,0.0
3688,0.6647853,0.9845341,0.9474567,0.7425529,0.0,0.0,1.0,14.166166,0.6647853,0.0,0.101953045,0.89426166,0.0
3689,0.5989201,0.9697062,0.9045005,0.75365067,0.0,0.0,1.0,14.229988,0.5921755,0.0,0.1177181,1.0325419,1.0
3690,1.0480504,1.062802,0.99666005,0.8451563,0.0,0.0,1.0,14.229988,1.0480504,0.0,0.0681605,0.59785676,0.0
3691,1.279917,1.1101522,0.96942705,0.74048376,0.0,0.0,1.0,14.318872,1.279917,0.0,0.10133878,0.88887376,0.0
3692,1.0262927,1.047688,1.0086924,0.7507006,0.0,0.0,1.0,14.81258,0.97403985,0.0,0.1314824,1.1532727,1.0
3693,1.5862752,1.1727147,1.2443627,0.7851365,0.0,0.0,1.0,14.417449,1.5862752,0.0,0.08895087,0.78021556,0.0
3694,0.15221928,0.8784151,0.89199525,0.6920223,0.0,0.0,1.0,14.824684,0.14513798,0.0,0.12990081,1.1394001,1.0
3695,0.28553006,0.90708506,0.96008444,0.7877291,0.0,0.0,1.0,16.261745,0.28553006,0.0,0.099421166,0.87205374,0.0
3696,1.0660018,1.0664679,1.0728132,0.8214141,0.0,0.0,1.0,14.81258,1.0660018,0.0,0.11125235,0.97582877,0.0
3697,0.38030574,0.9264395,0.8081849,0.93739665,0.0,0.0,1.0,14.417449,0.38030574,0.0,0.082769886,0.72600025,0.0
3698,1.0761579,1.0685419,0.95178604,0.8383051,0.0,0.0,1.0,14.229988,1.0761579,0.0,0.09423921,0.82660127,0.0
3699,0.38555947,0.9275124,0.8657414,0.8866406,0.0,0.0,1.0,13.838252,0.38555947,0.0,0.0961398,0.8432719,0.0
3700,0.32991597,0.91614926,0.86561954,0.999996,0.0,0.0,1.0,13.838252,0.32991597,0.0,0.07061479,0.61938417,0.0
3701,0.32092974,0.91431415,0.87377524,0.8567623,0.0,0.0,1.0,13.489846,0.32092974,0.0,0.10785379,0.94601893,0.0
3702,0.9594893,1.0447166,1.1406411,0.758632,0.0,0.0,1.0,13.710352,0.9594893,0.0,0.097131886,0.8519738,0.0
3703,0.7274642,0.99733394,1.4421314,0.86081225,0.0,0.0,1.0,25.53524,0.7274642,0.0,0.08228946,0.72178626,0.0
3704,1.4832764,1.151681,1.1225626,0.8218145,0.0,0.0,1.0,25.53524,1.4832764,0.0,0.08981157,0.787765,0.0
3705,2.0321586,1.2615902,1.3561137,0.8508097,0.0,0.0,1.0,25.53524,2.0214844,0.0,0.11572807,1.0150867,1.0
3706,1.5569851,1.1667333,1.2436278,0.77811164,0.0,0.0,1.0,25.446514,1.5569851,0.0,0.086920075,0.76240283,0.0
3707,1.2296058,1.0981231,1.0305332,0.78736097,0.0,0.0,1.0,25.446514,1.2210121,0.0,0.116300635,1.0201088,1.0
3708,1.815299,1.2194844,1.4236032,0.88981974,0.0,0.0,1.0,24.201763,1.815299,0.0,0.09853407,0.8642728,0.0
3709,2.047847,1.2669739,1.1388744,0.9414781,0.0,0.0,1.0,24.201763,2.047847,0.0,0.10535843,0.92413133,0.0
3710,1.3069527,1.1156733,1.1691629,0.90930086,0.0,0.0,1.0,23.548216,1.3069527,0.0,0.08957162,0.7856603,0.0
3711,1.8213105,1.2207121,1.3400321,0.8873958,0.0,0.0,1.0,23.919762,1.8213105,0.0,0.10173431,0.89234304,0.0
3712,2.6596258,1.3919073,1.3239471,0.8582795,0.0,0.0,1.0,25.018648,2.6596258,0.0,0.11020468,0.96663934,0.0
3713,2.5496576,1.3694503,1.1804186,0.7449362,0.0,0.0,1.0,25.42,2.5496576,0.0,0.08011664,0.7027278,0.0
3714,2.4130862,1.3415606,1.1243504,0.8517748,0.0,0.0,1.0,26.663658,2.4130862,0.0,0.0801404,0.7029362,0.0
3715,1.5621064,1.1677791,1.1502951,0.89887285,0.0,0.0,1.0,26.388765,1.5621064,0.0,0.08099723,0.7104517,0.0
3716,1.94825,1.2466348,1.1125393,0.7624961,0.0,0.0,1.0,27.608103,1.94825,0.0,0.08405988,0.7373152,0.0
3717,1.5670046,1.1687794,1.1054968,0.7701022,0.0,0.0,1.0,27.837019,1.5670046,0.0,0.096984856,0.85068417,0.0
3718,0.57186604,0.9655587,1.0716008,0.96010935,0.0,0.0,1.0,27.857214,0.57186604,0.0,0.08610041,0.75521326,0.0
3719,1.9337282,1.2436693,1.1177038,0.8866083,0.0,0.0,1.0,27.507933,1.9337282,0.0,0.106487215,0.93403226,0.0
3720,1.3946849,1.1335894,1.134106,0.89726657,0.0,0.0,1.0,27.507933,1.3946849,0.0,0.10074025,0.88362384,0.0
3721,0.9739925,1.0476784,1.0255581,0.7475532,0.0,0.0,1.0,26.663658,0.9739925,0.0,0.08347279,0.73216563,0.0
3722,0.75502324,1.0029619,1.013044,0.8304581,0.0,0.0,1.0,26.663658,0.75502324,0.0,0.11319039,0.9928279,0.0
3723,0.20090406,0.8898033,0.7888827,0.90473986,0.0,0.0,1.0,27.507933,0.20090406,0.0,0.07227417,0.6339391,0.0
3724,0.45012876,0.9406983,0.93820727,1.018246,0.0,0.0,1.0,15.454721,0.45012876,0.0,0.07127532,0.62517786,0.0
3725,1.719266,1.1998732,1.3494985,0.81940144,0.0,0.0,1.0,15.454721,1.719266,0.0,0.08818057,0.773459,0.0
3726,0.4919415,0.94923705,0.80420387,0.8663383,0.0,0.0,1.0,16.065294,0.4919415,0.0,0.06761655,0.59308565,0.0
3727,1.6191713,1.1794325,1.0938355,0.59221345,0.0,0.0,1.0,16.6894,1.6191713,0.0,0.11349364,0.9954878,0.0
3728,0.75584453,1.0031296,0.9793222,0.7777795,0.0,0.0,1.0,15.595634,0.75584453,0.0,0.112886675,0.9901639,0.0
3729,0.16209412,0.8818778,0.77897984,0.86264944,0.0,0.0,1.0,17.26416,0.16209412,0.0,0.096386254,0.8454336,0.0
3730,1.0160517,1.0562674,0.9926249,0.77375305,0.0,0.0,1.0,18.946434,1.0160517,0.0,0.07353013,0.6449555,0.0
3731,0.69433993,0.99056953,0.7252955,0.9271121,0.0,0.0,1.0,17.26416,0.69433993,0.0,0.08961935,0.78607905,0.0
3732,1.5605961,1.1674707,1.0918797,0.59221345,0.0,0.0,1.0,18.933771,1.5605961,0.0,0.10229079,0.89722407,0.0
3733,0.63484955,0.9784208,1.0698566,0.78063005,0.0,0.0,1.0,18.933771,0.63484955,0.0,0.10917409,0.95759964,0.0
3734,0.8478118,1.0219105,0.8379875,0.8457581,0.0,0.0,1.0,18.933771,0.8478118,0.0,0.079846166,0.7003554,0.0
3735,0.32173124,0.9144778,0.83655787,0.7750956,0.0,0.0,1.0,33.77612,0.32173124,0.0,0.104720905,0.9185394,0.0
3736,0.24677034,0.8991698,0.8377812,0.733898,0.0,0.0,1.0,33.77612,0.24677034,0.0,0.08002271,0.7019039,0.0
3737,1.0537355,1.0639629,0.96032256,0.7101542,0.0,0.0,1.0,34.78252,1.0537355,0.0,0.097166166,0.8522745,0.0
3738,1.5361744,1.1624835,1.0595102,0.7004138,0.0,0.0,1.0,35.421806,1.5361744,0.0,0.10046734,0.88123006,0.0
3739,1.128762,1.0709889,0.90190727,0.8666658,0.0,0.0,1.0,42.33139,1.0881405,0.3154057,0.1261682,1.1066604,1.0
3740,1.3804096,1.1248864,1.165541,0.77943385,0.0,0.0,1.0,54.557484,1.3520677,0.87731874,0.12083613,1.059891,1.0
3741,2.1370788,1.2851962,1.0793964,0.9285633,0.0,0.0,1.0,54.557484,2.1370788,0.87731874,0.08933528,0.78358734,0.0
3742,2.1816344,1.2942951,1.2106351,0.8784298,0.0,0.0,1.0,58.78559,2.1816344,1.0716432,0.10563246,0.92653495,0.0
3743,0.701855,0.9839599,0.914614,0.70668066,0.0,0.0,1.0,54.557484,0.6619737,0.87731874,0.12913445,1.1326782,1.0
3744,1.3147224,1.11726,1.0345798,0.8991545,0.0,0.0,1.0,56.48443,1.3147224,0.9658814,0.10604787,0.93017864,0.0
3745,1.0493603,1.0630695,0.9550015,0.86937815,0.0,0.0,1.0,57.1289,1.0493603,0.99550134,0.11359193,0.99634993,0.0
3746,2.0835903,1.2690694,1.1086746,0.82656413,0.0,0.0,1.0,53.597195,2.0581086,0.8331837,0.11804104,1.0353744,1.0
3747,1.3928304,1.1332107,1.0055491,0.7491915,0.0,0.0,1.0,50.020855,1.3928304,0.6688146,0.10923664,0.95814836,0.0
3748,1.4123648,1.1322802,0.9770256,0.7385972,0.0,0.0,1.0,50.30833,1.3882742,0.68202704,0.119660586,1.04958,1.0
3749,1.5705671,1.1695069,1.063364,0.84106344,0.0,0.0,1.0,51.85811,1.5705671,0.75325507,0.0865837,0.75945234,0.0
3750,1.1107496,1.075606,1.1021285,0.84682846,0.0,0.0,1.0,54.77893,1.1107496,0.8874965,0.101748064,0.8924637,0.0
3751,0.64656395,0.97499365,1.0082194,0.8121622,0.0,0.0,1.0,53.053707,0.6180674,0.80820495,0.115777604,1.0155212,1.0
3752,1.2937355,1.1129742,1.0728312,0.66428,0.0,0.0,1.0,56.80492,1.2937355,0.98061126,0.10454442,0.9169914,0.0
3753,2.1527822,1.288403,1.2970129,0.8335972,0.0,0.0,1.0,7.2287345,2.1527822,0.0,0.10882812,0.95456505,0.0
3754,3.1188977,1.4856968,1.4084142,0.6207714,0.0,0.0,1.0,10.075,3.1188977,0.0,0.09094316,0.7976905,0.0
3755,2.0939183,1.2353607,1.1333162,0.81126136,0.0,0.0,1.0,10.075,1.8930427,0.0,0.1485729,1.3031789,1.0
3756,0.6732644,0.9725459,1.2080749,0.7607063,0.0,0.0,1.0,10.075,0.60608125,0.0,0.15011553,1.3167098,1.0
3757,0.550501,0.9562764,0.9278357,0.692081,0.0,0.0,1.0,29.171904,0.5264121,0.0,0.128914,1.1307445,1.0
3758,1.633236,1.1823047,1.0224746,0.8669038,0.0,0.0,1.0,29.171904,1.633236,0.0,0.08950672,0.7850911,0.0
3759,1.4498457,1.144854,1.1682453,0.7798165,0.0,0.0,1.0,30.612646,1.4498457,0.0,0.10183667,0.89324087,0.0
3760,1.0019172,1.0301162,1.24185,0.8031978,0.0,0.0,1.0,56.457253,0.8879936,0.9646324,0.15579803,1.3665527,1.0
3761,1.6148796,1.17472,1.225356,0.8942494,0.0,0.0,1.0,63.20592,1.5960951,1.2748022,0.1178417,1.033626,1.0
3762,2.0667124,1.2597145,1.2811688,0.8538052,0.0,0.0,1.0,63.20592,2.012299,1.2748022,0.12281613,1.0772582,1.0
3763,1.1957284,1.0724118,1.0598172,0.9195523,0.0,0.0,1.0,67.98959,1.0951082,1.4946605,0.10424779,0.9143896,0.0
3764,2.1945598,1.2609041,1.2727685,0.771537,0.0,0.0,1.0,63.58422,2.0181243,1.2921889,0.1424858,1.249787,1.0
3765,1.6644928,1.1886878,1.2291325,0.78758407,0.0,0.0,1.0,63.58422,1.6644928,1.2921889,0.106620476,0.9352011,0.0
3766,1.8765289,1.2032918,1.2181128,0.8039199,0.0,0.0,1.0,60.923717,1.7360061,1.1699117,0.1403752,1.2312742,1.0
3767,1.2915214,1.112522,1.3732485,0.79595095,0.0,0.0,1.0,52.08052,1.2915214,0.76347715,0.08671813,0.7606315,0.0
3768,1.8182172,1.2200804,1.2244002,0.81434,0.0,0.0,1.0,45.69597,1.8182172,0.4700422,0.06927618,0.60764277,0.0
3769,2.3549454,1.3296875,1.3715179,0.80165994,0.0,0.0,1.0,46.54964,2.3549454,0.5092771,0.090831004,0.7967068,0.0
3770,1.7585592,1.2078974,1.181244,0.7886191,0.0,0.0,1.0,44.26097,1.7585592,0.4040895,0.08956764,0.78562546,0.0
3771,1.5344635,1.162134,1.1900547,0.94442457,0.0,0.0,1.0,44.26097,1.5344635,0.4040895,0.067495525,0.5920241,0.0
3772,2.220245,1.3021798,1.5059768,0.97433287,0.0,0.0,1.0,46.54964,2.220245,0.5092771,0.09242904,0.81072366,0.0
3773,0.8327472,1.0064688,1.1130733,0.86683905,0.0,0.0,1.0,44.26097,0.77219594,0.4040895,0.13955058,1.2240412,1.0
3774,1.367466,1.118955,1.3358972,0.920023,0.0,0.0,1.0,44.26097,1.3230227,0.4040895,0.1249503,1.0959777,1.0
3775,1.3159223,1.1142561,1.0947365,0.91141343,0.0,0.0,1.0,43.55262,1.3000132,0.37153357,0.11799434,1.0349648,1.0
3776,2.923524,1.4252666,1.3275923,0.8229397,0.0,0.0,1.0,41.715847,2.8229809,0.28711522,0.1256095,1.1017598,1.0
3777,2.680936,1.3571087,1.3536216,0.83346075,0.0,0.0,1.0,40.90916,2.4892228,0.2500398,0.13909549,1.2200495,1.0
3778,1.836791,1.1913438,1.2314078,0.871788,0.0,0.0,1.0,35.390755,1.6774988,0.0,0.14493951,1.2713093,1.0
3779,0.6192315,0.9610815,0.93769866,0.79219705,0.0,0.0,1.0,35.358246,0.5499419,0.0,0.15504918,1.3599843,1.0
3780,2.0677195,1.260037,1.1506423,0.8831905,0.0,0.0,1.0,35.390755,2.013878,0.0,0.12271671,1.0763862,1.0
3781,1.5026299,1.1445776,0.9879211,0.76640356,0.0,0.0,1.0,17.810528,1.4484925,0.0,0.1261825,1.1067857,1.0
3782,2.314359,1.2610317,1.3178086,0.85932475,0.0,0.0,1.0,17.810528,2.0187495,0.0,0.1617064,1.4183768,1.0
3783,1.4038013,1.1323359,1.0745442,0.81865776,0.0,0.0,1.0,18.729124,1.3885468,0.0,0.11758662,1.0313885,1.0
3784,0.2433258,0.8978347,0.76843727,0.7605216,0.0,0.0,1.0,20.40253,0.24023265,0.0,0.11820217,1.0367877,1.0
3785,1.9702632,1.2511302,1.1642843,0.84413874,0.0,0.0,1.0,21.505981,1.9702632,0.0,0.09846286,0.8636481,0.0
3786,1.7644567,1.1893288,0.97405416,0.8294764,0.0,0.0,1.0,22.18661,1.6676317,0.0,0.13292083,1.1658897,1.0
3787,1.5893327,1.1708729,1.0995818,0.72220165,0.0,0.0,1.0,19.727688,1.5772563,0.0,0.11650212,1.0218761,1.0
3788,2.1713634,1.2921976,1.277776,0.68824446,0.0,0.0,1.0,19.727688,2.1713634,0.0,0.10763297,0.9440821,0.0
3789,2.365481,1.3109171,1.115838,0.7959928,0.0,0.0,1.0,20.788652,2.26303,0.0,0.12875468,1.1293471,1.0
3790,1.157661,1.0305318,1.2322692,0.88178164,0.0,0.0,1.0,20.846407,0.8900285,0.0,0.21195763,1.8591459,1.0
3791,1.8547418,1.2275392,1.0648123,0.83358824,0.0,0.0,1.0,20.20581,1.8547418,0.0,0.0939296,0.82388556,0.0
3792,2.0898523,1.2755519,1.1165062,0.79195696,0.0,0.0,1.0,20.20581,2.0898523,0.0,0.09214991,0.80827534,0.0
3793,2.2688675,1.3121092,1.5563767,0.7512853,0.0,0.0,1.0,19.680643,2.2688675,0.0,0.09782958,0.8580935,0.0
3794,1.5752658,1.1704664,1.1717163,0.73776495,0.0,0.0,1.0,35.301025,1.5752658,0.0,0.08998697,0.78930354,0.0
3795,2.5166638,1.3577393,1.2876344,0.6941744,0.0,0.0,1.0,36.199142,2.4923108,0.033566665,0.117190935,1.0279179,1.0
3796,2.693094,1.398742,1.3710659,0.7035459,0.0,0.0,1.0,35.319103,2.693094,0.0,0.10875041,0.95388347,0.0
3797,2.6441946,1.335986,1.3085037,0.7208081,0.0,0.0,1.0,35.319103,2.3857882,0.0,0.1492889,1.309459,1.0
3798,2.7337513,1.3746009,1.4088565,0.7948182,0.0,0.0,1.0,33.579346,2.574879,0.0,0.13410637,1.1762884,1.0
3799,2.1222572,1.2765261,1.6165642,0.77721786,0.0,0.0,1.0,35.319103,2.0946226,0.0,0.11830556,1.0376946,1.0
3800,1.2282407,1.0995992,1.6403579,0.85251087,0.0,0.0,1.0,37.32198,1.2282407,0.08517242,0.0992162,0.87025595,0.0
3801,4.5338874,1.7746568,1.7687777,0.5401762,0.0,0.0,1.0,37.32198,4.5338874,0.08517242,0.10772228,0.9448654,0.0
3802,1.2735238,1.1088467,1.3530569,0.8777779,0.0,0.0,1.0,37.32198,1.2735238,0.08517242,0.10499928,0.92098117,0.0
3803,1.3924363,1.1331302,1.6651173,0.77698934,0.0,0.0,1.0,39.33146,1.3924363,0.1775284,0.10631232,0.9324982,0.0
3804,1.252534,1.1045603,1.2378865,0.7954975,0.0,0.0,1.0,37.35298,1.252534,0.086597286,0.090225995,0.7914001,0.0
3805,1.262219,1.106538,1.2727236,0.738903,0.0,0.0,1.0,37.35298,1.262219,0.086597286,0.09620005,0.84380037,0.0
3806,1.2563908,1.1053479,1.2675098,0.705752,0.0,0.0,1.0,37.35298,1.2563908,0.086597286,0.10849363,0.9516312,0.0
3807,0.106716946,0.8012158,0.93896943,0.8229729,0.0,0.0,1.0,38.37123,0.0,0.13339618,0.09514131,0.8345138,0.0
3808,1.6175336,1.1560647,1.4530241,0.75110376,0.0,0.0,1.0,42.072563,1.5047431,0.30350995,0.13842426,1.214162,1.0
3809,1.7280655,1.2016702,1.1928725,0.8214011,0.0,0.0,1.0,38.394016,1.7280655,0.13444339,0.08731982,0.76590914,0.0
3810,1.8030679,1.1766634,1.0134208,0.7687405,0.0,0.0,1.0,38.394016,1.6056113,0.13444339,0.15406695,1.3513688,1.0
3811,0.8282889,1.0179237,0.95415676,0.8260101,0.0,0.0,1.0,38.394016,0.8282889,0.13444339,0.113935076,0.9993597,0.0
3812,1.2269126,1.086986,1.0811771,0.7918036,0.0,0.0,1.0,32.771915,1.1664754,0.0,0.13088511,1.1480337,1.0
3813,1.3156483,1.117449,0.9907298,0.89150697,0.0,0.0,1.0,32.771915,1.3156483,0.0,0.096611045,0.8474053,0.0
3814,1.125278,1.0785729,0.9353536,0.88734484,0.0,0.0,1.0,32.771915,1.125278,0.0,0.11020438,0.96663666,0.0
3815,0.73239845,0.9870305,0.98672795,0.82656294,0.0,0.0,1.0,18.317774,0.67700994,0.0,0.14065777,1.2337527,1.0
3816,1.1709409,1.0784897,0.97073096,0.8012735,0.0,0.0,1.0,18.317774,1.1248705,0.0,0.12734902,1.1170176,1.0
3817,1.7426635,1.1604426,0.9956179,0.76938415,0.0,0.0,1.0,18.317774,1.5261806,0.0,0.16021268,1.4052749,1.0
3818,0.99138594,1.0512303,0.96236867,0.81672585,0.0,0.0,1.0,21.235882,0.99138594,0.0,0.09440903,0.8280908,0.0
3819,2.3087711,1.297533,1.3902237,0.6905164,0.0,0.0,1.0,20.713081,2.1974902,0.0,0.13050342,1.1446857,1.0
3820,1.3280944,1.1199907,0.9351515,0.77815586,0.0,0.0,1.0,20.713081,1.3280944,0.0,0.06743011,0.59145033,0.0
3821,0.7810759,1.0082822,1.0932491,0.6965803,0.0,0.0,1.0,21.214443,0.7810759,0.0,0.0823339,0.7221761,0.0
3822,0.2208198,0.89387035,1.0010263,0.8885496,0.0,0.0,1.0,21.214443,0.2208198,0.0,0.08721746,0.76501125,0.0
3823,1.21488,1.0935959,0.9393287,0.8136018,0.0,0.0,1.0,18.331436,1.1988431,0.0,0.11836542,1.0382197,1.0
3824,1.3901678,1.132667,0.9398778,0.93572,0.0,0.0,1.0,21.214443,1.3901678,0.0,0.09076841,0.7961578,0.0
3825,1.0335238,1.0598354,0.99531305,0.7754828,0.0,0.0,1.0,20.713081,1.0335238,0.0,0.10437026,0.9154638,0.0
3826,1.5965195,1.1748067,0.9365062,0.90873885,0.0,0.0,1.0,42.13838,1.5965195,0.30653483,0.1008967,0.8849961,0.0
3827,0.6487028,0.9812498,0.91372514,0.95303345,0.0,0.0,1.0,42.13838,0.6487028,0.30653483,0.08888037,0.77959716,0.0
3828,0.090927824,0.8250778,0.77247113,0.8598857,0.0,0.0,1.0,37.941807,0.0,0.11365978,0.09887123,0.8672301,0.0
3829,1.5027163,1.1556509,0.99188256,0.68525314,0.0,0.0,1.0,38.4133,1.5027163,0.13532965,0.0902908,0.7919685,0.0
3830,1.3247664,1.1193111,1.0816579,0.7739697,0.0,0.0,1.0,38.445084,1.3247664,0.13679045,0.09617254,0.8435591,0.0
3831,1.8012996,1.2166256,1.1059115,0.7061998,0.0,0.0,1.0,38.53565,1.8012996,0.14095283,0.10706019,0.939058,0.0
3832,0.87479675,1.0274212,1.0087641,0.75499815,0.0,0.0,1.0,37.491154,0.87479675,0.09294769,0.10258702,0.8998225,0.0
3833,1.3421528,1.1228616,0.9985153,0.84336054,0.0,0.0,1.0,40.459843,1.3421528,0.22938909,0.10565309,0.9267159,0.0
3834,0.5994132,0.96955943,0.8726162,0.8239063,0.0,0.0,1.0,40.459843,0.5914569,0.22938909,0.11838992,1.0384345,1.0
3835,1.0320814,1.0595409,0.85202974,0.84656656,0.0,0.0,1.0,40.459843,1.0320814,0.22938909,0.10187216,0.8935522,0.0
3836,0.8512326,1.0226091,0.8969118,0.82510376,0.0,0.0,1.0,43.11519,0.8512326,0.35142916,0.10487273,0.91987115,0.0
3837,0.56906515,0.96498674,0.87542456,0.81132257,0.0,0.0,1.0,45.973965,0.56906515,0.48281893,0.09270051,0.8131048,0.0
3838,0.5586689,0.9628637,0.9377842,0.8470699,0.0,0.0,1.0,46.0114,0.5586689,0.4845394,0.11267578,0.9883141,0.0
3839,0.3876315,0.89914817,0.843974,0.7962744,0.0,0.0,1.0,46.0114,0.24666439,0.4845394,0.10042413,0.8808511,0.0
3840,0.5359764,0.7658939,0.8077288,0.78995466,0.0,0.0,1.0,50.046005,0.0,0.6699705,0.082737915,0.7257198,0.0
3841,1.146405,1.0828873,0.93714523,0.7933581,0.0,0.0,1.0,56.56219,1.146405,0.9694554,0.099298865,0.87098104,0.0
3842,1.0440669,1.0619885,0.86043555,0.8143931,0.0,0.0,1.0,56.56219,1.0440669,0.9694554,0.08249699,0.72360665,0.0
3843,1.2535421,1.1047661,0.8603334,0.865139,0.0,0.0,1.0,50.127373,1.2535421,0.67371017,0.1042147,0.91409934,0.0
3844,0.89822316,1.0322052,0.8886386,0.8189212,0.0,0.0,1.0,43.09281,0.89822316,0.35040072,0.09488357,0.8322531,0.0
3845,0.94560426,1.0418811,0.8310228,0.7879662,0.0,0.0,1.0,24.228277,0.94560426,0.0,0.08956203,0.7855762,0.0
3846,2.0029876,1.257813,1.1985348,0.8326057,0.0,0.0,1.0,24.228277,2.0029876,0.0,0.10611065,0.93072927,0.0
3847,1.1077664,1.0647439,0.8858172,0.701708,0.0,0.0,1.0,24.228277,1.0575596,0.0,0.12947217,1.1356404,1.0
3848,1.4667784,1.1483119,1.1566554,0.8697556,0.0,0.0,1.0,26.753157,1.4667784,0.0,0.08139036,0.71389997,0.0
3849,1.0912956,1.0716332,0.77702755,0.8941813,0.0,0.0,1.0,36.236942,1.0912956,0.035303954,0.111986384,0.9822672,0.0
3850,1.1571897,1.0850897,0.90617037,0.79286593,0.0,0.0,1.0,44.185143,1.1571897,0.40060443,0.10366028,0.9092363,0.0
3851,1.0843432,1.0702134,0.85701275,0.7838442,0.0,0.0,1.0,42.03239,1.0843432,0.3016636,0.11396618,0.9996326,0.0
3852,0.783626,0.9997062,0.9084813,0.69040906,0.0,0.0,1.0,42.03239,0.7390808,0.3016636,0.13364062,1.1722032,1.0
3853,1.440349,1.1001637,1.0649203,0.7407364,0.0,0.0,1.0,74.642654,1.2310047,1.8004361,0.09879607,0.86657083,0.0
3854,1.3937782,1.0375121,0.9739633,0.74293786,0.0,0.0,1.0,73.376045,0.9242099,1.7422227,0.1191041,1.0446988,1.0
3855,1.6689302,1.161903,1.0672807,0.74537426,0.0,0.0,1.0,73.376045,1.5333322,1.7422227,0.14281416,1.2526671,1.0
3856,1.5241276,1.1567366,1.1014836,0.79015917,0.0,0.0,1.0,74.642654,1.5080332,1.8004361,0.11748448,1.0304927,1.0
3857,1.5481924,0.96658933,0.93920463,0.82115287,0.0,0.0,1.0,77.57572,0.5769128,1.9352404,0.10061681,0.8825412,0.0
3858,1.5481924,1.0502534,0.99608225,0.8359305,0.0,0.0,1.0,77.57572,0.98660207,1.9352404,0.090760306,0.79608667,0.0
3859,1.4977967,0.85563594,0.91975737,0.7863176,0.0,0.0,1.0,76.205086,0.033592097,1.8722458,0.09779268,0.8577698,0.0
3860,1.5481924,1.0749924,1.0084337,0.88872993,0.0,0.0,1.0,77.57572,1.107745,1.9352404,0.07772663,0.6817643,0.0
3861,1.5481924,1.0856496,0.9221229,0.82823676,0.0,0.0,1.0,77.57572,1.1599317,1.9352404,0.09799064,0.8595062,0.0
3862,1.6003246,1.0331635,0.9637339,0.7914127,0.0,0.0,1.0,78.99359,0.9029159,2.0004058,0.12268233,1.0760846,1.0
3863,1.5481924,0.8628304,0.8290464,0.74547493,0.0,0.0,1.0,77.57572,0.0688222,1.9352404,0.085678704,0.7515144,0.0
3864,1.3937782,0.8697637,1.1328977,0.76662743,0.0,0.0,1.0,73.376045,0.1027733,1.7422227,0.096830465,0.84932995,0.0
3865,1.9964759,1.2564832,1.1172786,0.803802,0.0,0.0,1.0,72.28954,1.9964759,1.6922868,0.09280442,0.8140162,0.0
3866,1.5699623,1.1619922,0.98885673,0.79324716,0.0,0.0,1.0,71.098656,1.5337688,1.6375535,0.12169471,1.0674219,1.0
3867,1.9209634,1.2410625,1.0479565,0.7782167,0.0,0.0,1.0,69.62065,1.9209634,1.5696242,0.100002736,0.8771549,0.0
3868,1.742004,1.0093977,1.0093063,0.8133144,0.0,0.0,1.0,82.84691,0.78653866,2.177505,0.12788446,1.1217141,1.0
3869,1.9792033,1.2529559,1.0069705,0.8028319,0.0,0.0,1.0,82.84691,1.9792033,2.177505,0.11379033,0.99809015,0.0
3870,1.3538295,1.0153322,0.9500421,0.8241736,0.0,0.0,1.0,72.28954,0.8155988,1.6922868,0.110218555,0.966761,0.0
3871,0.6959242,0.99089307,0.85916275,0.79538995,0.0,0.0,1.0,31.920782,0.6959242,0.0,0.105217405,0.92289436,0.0
3872,1.0751036,1.0617146,0.9457202,0.8551742,0.0,0.0,1.0,25.291208,1.042726,0.0,0.124122515,1.088717,1.0
3873,0.8246602,1.0169264,0.8940714,0.7731406,0.0,0.0,1.0,24.475494,0.82340527,0.0,0.11450453,1.0043546,1.0
3874,0.7056472,0.9928786,0.97344315,0.71975136,0.0,0.0,1.0,24.475494,0.7056472,0.0,0.098554194,0.86444926,0.0
3875,0.74870855,1.001037,0.9384819,0.81771785,0.0,0.0,1.0,31.911861,0.7455974,0.0,0.11536728,1.011922,1.0
3876,0.6970027,0.9911133,0.8637124,0.8388821,0.0,0.0,1.0,31.911861,0.6970027,0.0,0.09197027,0.8066997,0.0
3877,0.82201535,1.0166426,1.039124,0.66395503,0.0,0.0,1.0,29.8268,0.82201535,0.0,0.11008416,0.9655822,0.0
3878,0.19477645,0.88855195,0.8794745,0.7098868,0.0,0.0,1.0,22.168905,0.19477645,0.0,0.11208164,0.9831027,0.0
3879,1.6364144,1.1798977,1.0807712,0.71498376,0.0,0.0,1.0,26.60119,1.621449,0.0,0.11701451,1.0263704,1.0
3880,0.6225584,0.9759108,0.95916325,0.7058146,0.0,0.0,1.0,22.168905,0.6225584,0.0,0.1117803,0.9804596,0.0
3881,1.5808038,1.1715974,1.1321732,0.8239496,0.0,0.0,1.0,22.168905,1.5808038,0.0,0.10958309,0.9611871,0.0
3882,2.0580025,1.2690477,1.166508,0.6227705,0.0,0.0,1.0,33.67656,2.0580025,0.0,0.10019085,0.87880486,0.0
3883,0.8722767,1.0269066,1.0106261,0.839933,0.0,0.0,1.0,32.373848,0.8722767,0.0,0.10044035,0.88099337,0.0
3884,0.84762967,1.0218734,1.2508569,0.8110142,0.0,0.0,1.0,31.436178,0.84762967,0.0,0.078658886,0.6899414,0.0
3885,0.8982021,1.0322009,1.0140852,0.76671684,0.0,0.0,1.0,31.210398,0.8982021,0.0,0.07867052,0.6900434,0.0
3886,1.5616989,1.1676959,1.2370219,0.75597703,0.0,0.0,1.0,31.12638,1.5616989,0.0,0.087004855,0.76314646,0.0
3887,0.320245,0.9141743,0.993149,0.8076487,0.0,0.0,1.0,39.57832,0.320245,0.18887414,0.06769343,0.59375995,0.0
3888,1.3670906,1.1279542,1.0696046,0.76281977,0.0,0.0,1.0,30.309052,1.3670906,0.0,0.07557946,0.6629308,0.0
3889,1.9842682,1.2490754,1.2128775,0.68350554,0.0,0.0,1.0,30.309052,1.9602011,0.0,0.11800741,1.0350795,1.0
3890,1.3210672,1.1185557,1.0904466,0.5328512,0.0,0.0,1.0,24.29738,1.3210672,0.0,0.09298186,0.8155726,0.0
3891,1.2258865,1.0991185,1.1113018,0.7310564,0.0,0.0,1.0,24.29738,1.2258865,0.0,0.09720095,0.8525796,0.0
3892,0.43055013,0.9367001,1.0708836,0.66255355,0.0,0.0,1.0,31.12638,0.43055013,0.0,0.077046774,0.67580104,0.0
3893,1.7085752,1.19769,1.1294167,0.79234034,0.0,0.0,1.0,37.496838,1.7085752,0.09320893,0.09612536,0.8431452,0.0
3894,1.7737186,1.2109932,1.1147527,0.7424376,0.0,0.0,1.0,37.496838,1.7737186,0.09320893,0.113244586,0.99330324,0.0
3895,1.0715463,1.0676001,1.1354854,0.73784614,0.0,0.0,1.0,30.005802,1.0715463,0.0,0.10649811,0.9341278,0.0
3896,1.1319064,1.0799265,1.012335,0.8352044,0.0,0.0,1.0,23.034054,1.1319064,0.0,0.06411989,0.56241536,0.0
3897,1.1940447,1.092616,1.0685145,0.7659079,0.0,0.0,1.0,23.034054,1.1940447,0.0,0.085088335,0.7463361,0.0
3898,1.3490019,1.1242603,1.0454482,0.6595767,0.0,0.0,1.0,23.034054,1.3490019,0.0,0.09017629,0.7909641,0.0
3899,1.077012,1.0687163,1.1870912,0.76155955,0.0,0.0,1.0,23.034054,1.077012,0.0,0.08430505,0.73946565,0.0
3900,1.2149365,1.0968823,0.9608334,0.74951667,0.0,0.0,1.0,22.205711,1.2149365,0.0,0.097217456,0.8527243,0.0
3901,0.6993476,0.99159217,0.9330316,0.75111884,0.0,0.0,1.0,21.209236,0.6993476,0.0,0.06932039,0.60803056,0.0
3902,2.0479043,1.2669855,0.9848212,0.8283925,0.0,0.0,1.0,21.779001,2.0479043,0.0,0.093336366,0.81868213,0.0
3903,1.438957,1.1426303,0.99638796,0.781183,0.0,0.0,1.0,12.15076,1.438957,0.0,0.08060214,0.70698625,0.0
3904,1.2253675,1.0990125,0.9791195,0.7977185,0.0,0.0,1.0,12.15076,1.2253675,0.0,0.089980796,0.78924936,0.0
3905,0.0,0.7311326,0.82261634,0.70841634,0.0,0.0,1.0,11.863378,0.0,0.0,0.08180643,0.71754944,0.0
3906,1.3225634,1.1188612,0.87735116,0.9736392,0.0,0.0,1.0,11.863378,1.3225634,0.0,0.09001411,0.78954154,0.0
3907,0.61595184,0.97456163,0.7429206,0.95551634,0.0,0.0,1.0,12.654917,0.61595184,0.0,0.08028198,0.70417804,0.0
3908,0.0,0.8155832,0.6699312,0.8322436,0.0,0.0,1.0,13.243749,0.0,0.0,0.105236046,0.92305785,0.0
3909,0.87067664,1.0265799,0.9159797,0.73655134,0.0,0.0,1.0,13.912125,0.87067664,0.0,0.075132445,0.6590099,0.0
3910,0.0,0.81960016,0.6925707,0.7939777,0.0,0.0,1.0,13.737545,0.0,0.0,0.107010804,0.9386248,0.0
3911,0.20096388,0.8898155,0.7952124,0.80560446,0.0,0.0,1.0,16.499945,0.20096388,0.0,0.11014205,0.96608996,0.0
3912,0.3294192,0.9160478,0.7440608,0.72218984,0.0,0.0,1.0,13.737545,0.3294192,0.0,0.10891086,0.9552908,0.0
3913,1.1948357,1.0744609,1.0107789,0.79700434,0.0,0.0,1.0,13.737545,1.1051421,0.0,0.140445,1.2318864,1.0
3914,0.34682542,0.9196024,0.9021365,0.9466271,0.0,0.0,1.0,13.737545,0.34682542,0.0,0.088628836,0.7773909,0.0
3915,0.75212723,1.0023705,0.77545106,0.85698533,0.0,0.0,1.0,16.2567,0.75212723,0.0,0.09898293,0.86820984,0.0
3916,0.8926986,1.031077,1.099049,0.8236205,0.0,0.0,1.0,16.2567,0.8926986,0.0,0.090275176,0.79183143,0.0
3917,1.6223663,1.1778585,0.9908975,0.833209,0.0,0.0,1.0,29.136278,1.6114634,0.0,0.11621195,1.019331,1.0
3918,0.9284542,1.0275245,0.9457765,0.8593248,0.0,0.0,1.0,29.136278,0.87530226,0.0,0.1337882,1.1734977,1.0
3919,0.13299717,0.8759358,0.95186317,0.7768775,0.0,0.0,1.0,24.92771,0.13299717,0.0,0.07814528,0.6854364,0.0
3920,0.77379894,1.0067961,0.92689025,0.82939863,0.0,0.0,1.0,29.823906,0.77379894,0.0,0.08639611,0.757807,0.0
3921,1.3923318,1.1331089,0.91510963,0.90789366,0.0,0.0,1.0,31.692924,1.3923318,0.0,0.10022933,0.8791424,0.0
3922,1.2875857,1.1117183,0.93672967,0.72300714,0.0,0.0,1.0,24.92771,1.2875857,0.0,0.089552134,0.78548944,0.0
3923,1.4902756,1.1425956,1.1085234,0.7640628,0.0,0.0,1.0,24.92771,1.4387871,0.0,0.12566492,1.1022458,1.0
3924,1.0160908,1.0562754,1.0621618,0.9506796,0.0,0.0,1.0,31.923512,1.0160908,0.0,0.11266351,0.98820645,0.0
3925,1.6546555,1.1746818,1.0833073,0.8568035,0.0,0.0,1.0,43.430378,1.5959077,0.36591533,0.12599894,1.1051756,1.0
3926,1.4940096,1.1388934,1.1748587,0.81883514,0.0,0.0,1.0,44.817234,1.4206576,0.42965543,0.13082668,1.1475213,1.0
3927,0.44657516,0.93873787,1.0442309,0.8978147,0.0,0.0,1.0,46.289913,0.44052872,0.49734,0.118478954,1.0392156,1.0
3928,1.8783252,1.2323552,1.4074188,0.9524695,0.0,0.0,1.0,46.289913,1.8783252,0.49734,0.11114525,0.97488934,0.0
3929,1.3035536,1.1149791,1.4179019,0.7170234,0.0,0.0,1.0,51.99854,1.3035536,0.7597093,0.102915324,0.9027021,0.0
3930,3.0650294,1.4746962,1.3747894,0.8867598,0.0,0.0,1.0,49.18364,3.0650294,0.63033605,0.06005066,0.5267229,0.0
3931,0.41668406,0.93386847,0.80527544,0.729888,0.0,0.0,1.0,45.124256,0.41668406,0.4437662,0.08472706,0.74316716,0.0
3932,1.4358071,1.1419871,0.9634881,0.7855002,0.0,0.0,1.0,45.124256,1.4358071,0.4437662,0.10274001,0.9011644,0.0
3933,2.799339,1.4204386,1.3355402,0.73004687,0.0,0.0,1.0,45.124256,2.799339,0.4437662,0.08035475,0.70481634,0.0
3934,1.8674879,1.2301421,1.0908219,0.75360274,0.0,0.0,1.0,50.213528,1.8674879,0.6776699,0.10386998,0.9110757,0.0
3935,1.5121632,1.15758,1.1629646,0.9734311,0.0,0.0,1.0,53.547447,1.5121632,0.83089733,0.0811504,0.7117952,0.0
3936,1.7440058,1.2049254,1.0067976,0.9004016,0.0,0.0,1.0,27.441975,1.7440058,0.0,0.09575944,0.8399356,0.0
3937,0.25807318,0.901478,0.81762797,0.7923198,0.0,0.0,1.0,30.305931,0.25807318,0.0,0.0768813,0.6743496,0.0
3938,1.5155325,1.1582681,1.0565368,0.587762,0.0,0.0,1.0,30.305931,1.5155325,0.0,0.0860779,0.75501585,0.0
3939,0.56261975,0.9636705,0.98261154,0.78265464,0.0,0.0,1.0,30.305931,0.56261975,0.0,0.10028795,0.8796566,0.0
3940,1.087196,1.070796,0.94527936,0.8352361,0.0,0.0,1.0,30.305931,1.087196,0.0,0.085133694,0.74673396,0.0
3941,0.52816516,0.9566344,0.79920954,0.8011506,0.0,0.0,1.0,33.713326,0.52816516,0.0,0.09847046,0.8637148,0.0
3942,1.4326688,1.1413462,0.9401161,0.7934079,0.0,0.0,1.0,33.713326,1.4326688,0.0,0.10917022,0.9575657,0.0
3943,1.164172,1.0819541,1.002901,0.7650767,0.0,0.0,1.0,33.713326,1.1418355,0.0,0.12038013,1.0558914,1.0
3944,1.4113369,1.13699,1.0153006,0.8020185,0.0,0.0,1.0,33.713326,1.4113369,0.0,0.10043333,0.88093174,0.0
3945,1.2596731,1.0989121,0.892715,0.82659173,0.0,0.0,1.0,69.72873,1.2248759,1.5745914,0.089869425,0.7882725,0.0
3946,1.3159155,1.0039872,1.0022444,0.9210466,0.0,0.0,1.0,71.25838,0.76004404,1.6448942,0.10420088,0.9139781,0.0
3947,1.2596731,0.9985491,0.872965,0.95966023,0.0,0.0,1.0,69.72873,0.7334146,1.5745914,0.07449075,0.65338135,0.0
3948,1.5377359,1.1589766,1.1479665,0.90073264,0.0,0.0,1.0,69.72873,1.5190017,1.5745914,0.11802549,1.035238,1.0
3949,1.2045449,0.99077153,1.0691094,0.98117656,0.0,0.0,1.0,68.22938,0.6953291,1.505681,0.11004389,0.965229,0.0
3950,1.2045449,1.0575137,1.2921944,0.81788427,0.0,0.0,1.0,68.22938,1.0221547,1.505681,0.07551084,0.6623289,0.0
3951,1.1288809,0.8868908,0.873601,0.8647072,0.0,0.0,1.0,66.17151,0.1866422,1.4111011,0.10117442,0.8874321,0.0
3952,0.9449184,1.041741,0.99645174,0.75460947,0.0,0.0,1.0,60.90654,0.9449184,1.1691223,0.09970624,0.8745542,0.0
3953,0.874739,0.8866602,0.94139856,0.7761792,0.0,0.0,1.0,59.25949,0.18551295,1.0934237,0.09580518,0.84033686,0.0
3954,0.874739,0.9674849,0.996021,0.7142907,0.0,0.0,1.0,59.25949,0.58129823,1.0934237,0.11745223,1.0302098,1.0
3955,0.6754271,0.8615349,0.8875557,0.8146878,0.0,0.0,1.0,53.83871,0.06247831,0.8442838,0.11961116,1.0491464,1.0
3956,0.7798283,0.99820715,0.861126,0.85971063,0.0,0.0,1.0,50.98946,0.7317401,0.7133319,0.13541475,1.1877646,1.0
3957,1.0313221,1.0435449,1.0988679,0.8491222,0.0,0.0,1.0,50.98946,0.9537516,0.7133319,0.14050093,1.232377,1.0
3958,0.71813226,0.9819252,0.83281153,1.0059968,0.0,0.0,1.0,49.127457,0.65201,0.6277539,0.14704204,1.2897512,1.0
3959,1.0557884,1.0513263,0.9001353,0.87291384,0.0,0.0,1.0,51.733326,0.99185586,0.74752,0.13500428,1.1841643,1.0
3960,1.0580386,1.0615504,0.8937334,0.82775724,0.0,0.0,1.0,52.986534,1.0419216,0.80511767,0.11904675,1.0441958,1.0
3961,0.52774495,0.9525327,0.76706254,0.8021812,0.0,0.0,1.0,49.82213,0.5080798,0.65968114,0.10902801,0.9563184,0.0
3962,0.69943,0.9864723,0.9067548,0.9307558,0.0,0.0,1.0,51.733326,0.67427653,0.74752,0.12615949,1.1065838,1.0
3963,1.0755199,1.0572016,0.91035926,0.7828396,0.0,0.0,1.0,51.733326,1.0206264,0.74752,0.13152757,1.153669,1.0
3964,0.18704803,0.8847065,0.7736491,0.8712888,0.0,0.0,1.0,28.90897,0.17594588,0.0,0.13456206,1.1802855,1.0
3965,0.0,0.78482485,0.8431756,0.8228171,0.0,0.0,1.0,28.90897,0.0,0.0,0.11919957,1.0455363,1.0
3966,0.32064635,0.9142563,1.1828588,0.8839206,0.0,0.0,1.0,28.479134,0.32064635,0.0,0.11242761,0.9861373,0.0
3967,0.15501529,0.8804322,0.8022668,0.920033,0.0,0.0,1.0,30.684204,0.15501529,0.0,0.11330151,0.99380255,0.0
3968,1.827715,1.2138666,1.1411229,0.66038555,0.0,0.0,1.0,30.684204,1.7877893,0.0,0.121282585,1.063807,1.0
3969,1.0750325,1.0663205,0.9499793,0.8760967,0.0,0.0,1.0,29.609272,1.0652803,0.0,0.11699006,1.026156,1.0
3970,1.9448109,1.2425219,1.1647563,0.78008735,0.0,0.0,1.0,32.33587,1.9281096,0.0,0.11682962,1.0247487,1.0
3971,0.6283291,0.9770892,0.9526729,0.80328035,0.0,0.0,1.0,34.211296,0.6283291,0.0,0.104628645,0.91773015,0.0
3972,2.8305113,1.4268044,1.378019,0.80387896,0.0,0.0,1.0,55.708828,2.8305113,0.93023473,0.076528594,0.67125595,0.0
3973,0.714822,0.97404915,0.88575476,0.83771664,0.0,0.0,1.0,54.910152,0.6134423,0.89352745,0.08183774,0.71782416,0.0
3974,0.7441878,0.89536107,0.8228162,0.83542186,0.0,0.0,1.0,55.708828,0.22811957,0.93023473,0.07302814,0.6405524,0.0
3975,0.598016,0.9675179,1.1331457,0.7724044,0.0,0.0,1.0,51.733326,0.58145994,0.74752,0.10638474,0.9331334,0.0
3976,0.77149314,1.0063252,1.2929268,0.78577024,0.0,0.0,1.0,55.708828,0.77149314,0.93023473,0.09940582,0.87191916,0.0
3977,1.2749896,1.109146,1.2599101,0.8036395,0.0,0.0,1.0,55.708828,1.2749896,0.93023473,0.11191925,0.9816783,0.0
3978,0.7441878,1.0001034,0.98086,0.84214514,0.0,0.0,1.0,55.708828,0.7410255,0.93023473,0.107769385,0.9452786,0.0
3979,1.0365809,1.0604597,1.1651943,0.87363005,0.0,0.0,1.0,54.32605,1.0365809,0.866682,0.092931755,0.81513315,0.0
3980,1.0713997,1.0675702,0.97629124,0.76692015,0.0,0.0,1.0,52.033375,1.0713997,0.76131034,0.088364914,0.775076,0.0
3981,1.5142496,1.134622,1.22928,0.75829,0.0,0.0,1.0,59.74356,1.3997413,1.1156716,0.14065558,1.2337335,1.0
3982,2.323799,1.2823297,1.2383269,0.73484206,0.0,0.0,1.0,57.572273,2.1230419,1.0158789,0.14481011,1.2701743,1.0
3983,1.1146079,1.0706795,1.1322052,0.98834676,0.0,0.0,1.0,54.32605,1.0866257,0.866682,0.1223963,1.0735757,1.0
3984,1.610547,1.1776713,1.2299421,0.80547464,0.0,0.0,1.0,52.033375,1.610547,0.76131034,0.11231589,0.98515743,0.0
3985,2.180516,1.2940667,1.3732312,0.79398394,0.0,0.0,1.0,57.572273,2.180516,1.0158789,0.0923718,0.8102216,0.0
3986,1.4900041,1.1259465,1.1219373,0.7434287,0.0,0.0,1.0,58.10923,1.357259,1.0405575,0.1458664,1.2794392,1.0
3987,1.7211342,1.18836,1.273188,0.72243905,0.0,0.0,1.0,63.94705,1.6628876,1.3088645,0.12541781,1.1000783,1.0
3988,0.78810334,0.9425008,0.933507,0.8250415,0.0,0.0,1.0,56.90322,0.45895532,0.9851292,0.11165331,0.9793457,0.0
3989,1.0598345,1.0652084,0.8518359,0.76968765,0.0,0.0,1.0,51.342133,1.0598345,0.7295407,0.07019493,0.61570144,0.0
3990,0.5836326,0.9258876,0.94209105,0.69206375,0.0,0.0,1.0,51.342133,0.37760296,0.7295407,0.12130096,1.0639682,1.0
3991,1.6164287,1.1788725,1.0061901,0.8517161,0.0,0.0,1.0,51.342133,1.6164287,0.7295407,0.09550393,0.83769447,0.0
3992,1.122905,1.0780883,1.2365342,0.84478277,0.0,0.0,1.0,28.732153,1.122905,0.0,0.083505675,0.73245406,0.0
3993,1.39723,1.1341091,1.3606005,0.8129241,0.0,0.0,1.0,28.732153,1.39723,0.0,0.09047694,0.79360116,0.0
3994,1.7380656,1.2037123,1.1836334,0.69576514,0.0,0.0,1.0,31.304539,1.7380656,0.0,0.070422634,0.61769867,0.0
3995,1.1233084,1.0781707,0.8369996,0.83558995,0.0,0.0,1.0,32.66694,1.1233084,0.0,0.0800714,0.70233095,0.0
3996,1.0640293,1.0660651,0.87769085,0.8044463,0.0,0.0,1.0,30.578596,1.0640293,0.0,0.09244732,0.810884,0.0
3997,1.5006318,1.1552252,1.1143582,0.76787335,0.0,0.0,1.0,30.075384,1.5006318,0.0,0.096535176,0.8467398,0.0
3998,1.3313482,1.1206552,1.0537791,0.8091367,0.0,0.0,1.0,30.041044,1.3313482,0.0,0.08340021,0.73152906,0.0
3999,1.1979232,1.093408,1.083421,0.76197946,0.0,0.0,1.0,30.50329,1.1979232,0.0,0.09350026,0.8201196,0.0
4000,0.92866623,1.0384221,1.1188861,0.77457464,0.0,0.0,1.0,30.041044,0.92866623,0.0,0.08051843,0.70625204,0.0
4001,1.1877787,1.0913364,1.1826288,0.77543455,0.0,0.0,1.0,1.5861605,1.1877787,0.0,0.095930815,0.84143883,0.0
4002,1.1491802,1.083454,0.989373,0.91740483,0.0,0.0,1.0,1.461523,1.1491802,0.0,0.09674838,0.8486099,0.0
4003,1.456773,1.1462686,1.3698903,0.6799354,0.0,0.0,1.0,1.461523,1.456773,0.0,0.0761444,0.667886,0.0
4004,1.9093678,1.2386945,1.2774396,0.822291,0.0,0.0,1.0,1.4264972,1.9093678,0.0,0.05255233,0.46095273,0.0
4005,1.0617661,1.0656029,1.5337553,0.75477725,0.0,0.0,1.0,1.4264972,1.0617661,0.0,0.07733541,0.67833275,0.0
4006,3.0426764,1.4701314,1.5961691,0.7735397,0.0,0.0,1.0,62.65766,3.0426764,1.2496041,0.09999764,0.8771102,0.0
4007,1.8319038,1.2228754,1.378383,0.8587078,0.0,0.0,1.0,58.16681,1.8319038,1.0432038,0.075301155,0.6604897,0.0
4008,2.41914,1.3427969,1.4935951,1.0007231,0.0,0.0,1.0,51.556736,2.41914,0.73940396,0.068621054,0.60189646,0.0
4009,2.2237523,1.2891076,1.3104517,0.8659328,0.0,0.0,1.0,51.556736,2.156232,0.73940396,0.12420815,1.0894681,1.0
4010,2.3262038,1.3238181,1.2049829,0.8973797,0.0,0.0,1.0,58.16681,2.3262038,1.0432038,0.10125391,0.88812935,0.0
4011,1.9833398,1.2514868,1.2649293,0.75745046,0.0,0.0,1.0,60.77774,1.9720093,1.1632026,0.115879655,1.0164163,1.0
4012,3.0513992,1.4719127,1.5663865,0.89743614,0.0,0.0,1.0,59.261253,3.0513992,1.0935047,0.09607949,0.8427429,0.0
4013,1.9408616,1.245126,1.4099785,0.81120664,0.0,0.0,1.0,61.84886,1.9408616,1.2124316,0.08243753,0.72308505,0.0
4014,2.7525313,1.4108799,1.3718653,0.7810029,0.0,0.0,1.0,61.84886,2.7525313,1.2124316,0.099946626,0.87666273,0.0
4015,2.933896,1.447917,1.6030871,0.7619652,0.0,0.0,1.0,61.84886,2.933896,1.2124316,0.10095281,0.88548833,0.0
4016,3.1288073,1.4877205,1.6458163,0.79762465,0.0,0.0,1.0,61.84886,3.1288073,1.2124316,0.07764569,0.68105435,0.0
4017,2.3832052,1.3354585,1.6124302,0.7335824,0.0,0.0,1.0,59.17773,2.3832052,1.089666,0.11251314,0.9868875,0.0
4018,3.4513564,1.5535893,1.4826019,0.72992975,0.0,0.0,1.0,65.02545,3.4513564,1.3584281,0.08526898,0.7479206,0.0
4019,2.3357868,1.325775,1.4170884,0.8209206,0.0,0.0,1.0,68.467155,2.3357868,1.5166093,0.083703354,0.73418796,0.0
4020,1.9199523,1.240856,1.4755332,0.6460654,0.0,0.0,1.0,71.10887,1.9199523,1.638023,0.09414519,0.8257766,0.0
4021,2.2390683,1.3060238,1.5522567,0.7006974,0.0,0.0,1.0,67.72071,2.2390683,1.4823027,0.09361701,0.8211437,0.0
4022,1.4765054,1.1502982,1.1846122,0.8178156,0.0,0.0,1.0,67.72071,1.4765054,1.4823027,0.09120386,0.79997724,0.0
4023,0.9542998,1.0436568,1.3775417,0.7793535,0.0,0.0,1.0,60.662415,0.9542998,1.1579022,0.09012079,0.79047734,0.0
4024,1.9563,1.2482787,1.3808376,0.8008658,0.0,0.0,1.0,65.94104,1.9563,1.4005086,0.08697814,0.7629121,0.0
4025,2.0587964,1.2692099,1.3671099,0.8305286,0.0,0.0,1.0,65.94104,2.0587964,1.4005086,0.075828694,0.6651169,0.0
4026,1.9464755,1.2462724,1.2677035,0.8493909,0.0,0.0,1.0,60.25766,1.9464755,1.1392998,0.1057814,0.9278413,0.0
4027,0.80131215,1.0124147,1.0608788,0.8286255,0.0,0.0,1.0,34.178455,0.80131215,0.0,0.08610163,0.755224,0.0
4028,0.4765492,0.94609374,0.9459746,0.8744653,0.0,0.0,1.0,34.178455,0.4765492,0.0,0.09846348,0.86365366,0.0
4029,2.734027,1.407101,1.4317515,0.69806445,0.0,0.0,1.0,38.155243,2.734027,0.12346933,0.10231173,0.89740777,0.0
4030,0.38414097,0.9272227,0.9398471,0.8217019,0.0,0.0,1.0,38.155243,0.38414097,0.12346933,0.111614585,0.979006,0.0
4031,2.147428,1.2873096,1.3702855,0.6515506,0.0,0.0,1.0,35.969864,2.147428,0.02302899,0.09026558,0.7917473,0.0
4032,0.099773414,0.86915106,1.1705892,0.87535644,0.0,0.0,1.0,34.27858,0.099773414,0.0,0.09818742,0.86123216,0.0
4033,2.2133641,1.3007747,1.2065295,0.6233656,0.0,0.0,1.0,35.969864,2.2133641,0.02302899,0.10647758,0.93394774,0.0
4034,1.7061434,1.1971934,0.9665461,0.8735863,0.0,0.0,1.0,33.36078,1.7061434,0.0,0.09036013,0.7925766,0.0
4035,1.3722193,1.1290016,1.1446737,0.8549972,0.0,0.0,1.0,60.866756,1.3722193,1.1672939,0.099921875,0.87644565,0.0
4036,1.2350682,1.1009935,1.1206367,0.8401436,0.0,0.0,1.0,60.866756,1.2350682,1.1672939,0.0988195,0.8667764,0.0
4037,1.3605806,1.1266248,1.0308545,0.8577803,0.0,0.0,1.0,59.022217,1.3605806,1.0825186,0.080122195,0.70277655,0.0
4038,1.374754,1.1295192,1.1226695,0.87134784,0.0,0.0,1.0,63.181553,1.374754,1.2736822,0.08385482,0.7355165,0.0
4039,1.4205227,1.1339067,1.037413,0.80081064,0.0,0.0,1.0,64.55052,1.3962388,1.3366003,0.11967341,1.0496924,1.0
4040,1.5004222,1.1551824,1.2698702,0.79971373,0.0,0.0,1.0,61.95063,1.5004222,1.2171088,0.100112624,0.87811875,0.0
4041,1.3694737,1.1211333,1.1529349,0.7798487,0.0,0.0,1.0,60.226196,1.3336896,1.1378536,0.122747906,1.0766598,1.0
4042,1.3454697,1.123539,1.1142828,0.82093346,0.0,0.0,1.0,57.549805,1.3454697,1.0148463,0.095668055,0.8391341,0.0
4043,2.400066,1.3123671,1.3340896,0.78397435,0.0,0.0,1.0,57.43267,2.2701302,1.0094627,0.13265236,1.1635348,1.0
4044,1.2577206,1.1056194,1.2779876,0.81810343,0.0,0.0,1.0,54.986088,1.2577206,0.8970175,0.10138864,0.8893111,0.0
4045,1.6306664,1.18178,1.1118541,0.8486726,0.0,0.0,1.0,55.573574,1.6306664,0.92401844,0.090428025,0.7931721,0.0
4046,0.92540354,1.036718,1.3111111,0.8504866,0.0,0.0,1.0,60.63744,0.9203215,1.1567544,0.10638608,0.93314517,0.0
4047,0.9637431,1.0455853,1.1306168,0.86343634,0.0,0.0,1.0,57.94585,0.9637431,1.0330486,0.102431744,0.8984605,0.0
4048,0.92540354,1.0296961,1.1728688,0.8204449,0.0,0.0,1.0,60.63744,0.88593644,1.1567544,0.073182486,0.6419062,0.0
4049,1.3975633,1.1341772,1.21274,0.8450874,0.0,0.0,1.0,62.043568,1.3975633,1.2213802,0.084643796,0.7424369,0.0
4050,1.4312387,1.1410542,0.94761384,0.95300925,0.0,0.0,1.0,60.327225,1.4312387,1.142497,0.07826653,0.68649995,0.0
4051,2.3565302,1.3300111,1.4441783,0.6448958,0.0,0.0,1.0,56.74835,2.3565302,0.9780112,0.08141769,0.7141397,0.0
4052,2.2560565,1.3094931,1.2619418,0.72043246,0.0,0.0,1.0,56.74835,2.2560565,0.9780112,0.09655615,0.8469238,0.0
4053,0.67023695,0.9856474,0.8602337,0.7900876,0.0,0.0,1.0,31.810184,0.67023695,0.0,0.045799185,0.4017188,0.0
4054,1.3566053,1.125813,1.3109473,0.81288254,0.0,0.0,1.0,31.810184,1.3566053,0.0,0.08515403,0.7469123,0.0
4055,0.20405279,0.8904463,0.8250717,0.851931,0.0,0.0,1.0,31.810184,0.20405279,0.0,0.06801538,0.5965839,0.0
4056,0.13419503,0.8761804,1.2287315,0.8045389,0.0,0.0,1.0,32.389183,0.13419503,0.0,0.08151385,0.71498317,0.0
4057,2.8567963,1.4321722,1.4456856,0.72560567,0.0,0.0,1.0,31.810184,2.8567963,0.0,0.09659045,0.8472247,0.0
4058,3.7331235,1.61113,1.5069667,0.68182623,0.0,0.0,1.0,29.477448,3.7331235,0.0,0.09553274,0.8379472,0.0
4059,0.0,0.821517,0.7537007,0.8839657,0.0,0.0,1.0,27.487339,0.0,0.0,0.088568024,0.7768575,0.0
4060,1.5923036,1.1739458,1.4306692,0.74760854,0.0,0.0,1.0,31.810184,1.5923036,0.0,0.09552052,0.83783996,0.0
4061,1.560567,1.1674647,0.9813364,0.72034794,0.0,0.0,1.0,31.560545,1.560567,0.0,0.10396313,0.9118927,0.0
4062,1.93372,1.2436676,1.3911176,0.70812523,0.0,0.0,1.0,29.508457,1.93372,0.0,0.104721546,0.91854507,0.0
4063,1.6559469,1.1869426,1.2200031,0.81382406,0.0,0.0,1.0,27.280615,1.6559469,0.0,0.09294268,0.81522894,0.0
4064,1.0319238,1.0595087,1.0788763,0.71071875,0.0,0.0,1.0,27.280615,1.0319238,0.0,0.082262024,0.72154564,0.0
4065,0.0,0.83581907,1.2103505,0.8757072,0.0,0.0,1.0,29.270733,0.0,0.0,0.10150172,0.89030296,0.0
4066,1.3232359,1.1189985,1.447364,0.6624763,0.0,0.0,1.0,48.226944,1.3232359,0.5863662,0.097755186,0.85744095,0.0
4067,1.7566965,1.1970683,1.2908311,0.74901897,0.0,0.0,1.0,48.226944,1.705531,0.5863662,0.12378009,1.0857134,1.0
4068,2.4387922,1.3164138,1.4180901,0.76389945,0.0,0.0,1.0,48.226944,2.289946,0.5863662,0.13518094,1.1857138,1.0
4069,1.7370284,1.2035005,1.478889,0.77384824,0.0,0.0,1.0,45.182007,1.7370284,0.44642043,0.08922181,0.78259206,0.0
4070,1.7944149,1.2152196,1.2998585,0.82169527,0.0,0.0,1.0,47.120728,1.7944149,0.5355243,0.09565143,0.83898824,0.0
4071,1.7030123,1.1780889,1.3949457,0.8224255,0.0,0.0,1.0,48.710297,1.6125919,0.6085812,0.13227263,1.1602042,1.0
4072,1.4956563,1.1430813,1.5115604,0.8331722,0.0,0.0,1.0,47.65948,1.4411653,0.5602855,0.1263243,1.1080295,1.0
4073,2.1489766,1.2634678,1.553488,0.7853916,0.0,0.0,1.0,48.39882,2.0306783,0.5942656,0.13298409,1.1664445,1.0
4074,2.3867743,1.332482,1.523909,0.7805046,0.0,0.0,1.0,48.39882,2.3686297,0.5942656,0.11650334,1.0218868,1.0
4075,1.87732,1.23215,1.0751535,0.73199016,0.0,0.0,1.0,45.771145,1.87732,0.4734973,0.08475461,0.74340886,0.0
4076,3.088371,1.4794629,1.5906862,0.749548,0.0,0.0,1.0,52.81967,3.088371,0.79744864,0.102869354,0.90229887,0.0
4077,3.3845296,1.5139936,1.6972028,0.7047318,0.0,0.0,1.0,52.11205,3.2574625,0.7649262,0.12671442,1.1114514,1.0
4078,1.449336,1.1447499,1.2185704,0.8185223,0.0,0.0,1.0,45.771145,1.449336,0.4734973,0.1125202,0.98694944,0.0
4079,2.3343494,1.2764225,1.6414976,0.75018334,0.0,0.0,1.0,45.609097,2.0941155,0.46604955,0.15137619,1.3277674,1.0
4080,1.0747055,1.0682453,1.3012333,0.79928803,0.0,0.0,1.0,45.360413,1.0747055,0.45462,0.10488563,0.9199843,0.0
4081,1.7043828,1.1968338,1.4604177,0.7118988,0.0,0.0,1.0,46.83588,1.7043828,0.5224327,0.11264879,0.98807734,0.0
4082,0.97504723,1.0478047,1.4415385,0.67392987,0.0,0.0,1.0,45.360413,0.97461134,0.45462,0.11415378,1.001278,1.0
4083,0.67433053,0.98648334,1.1113553,0.8293282,0.0,0.0,1.0,44.805832,0.67433053,0.4291314,0.10381711,0.910612,0.0
4084,1.1920534,1.0880173,1.3571221,0.7710029,0.0,0.0,1.0,42.412933,1.1715261,0.31915343,0.1197156,1.0500625,1.0
4085,1.5146073,1.1580791,1.4470346,0.81310254,0.0,0.0,1.0,38.715992,1.5146073,0.14924145,0.09156413,0.80313724,0.0
4086,2.142618,1.2863274,1.3110148,0.48278013,0.0,0.0,1.0,42.947742,2.142618,0.3437333,0.09786679,0.85841984,0.0
4087,0.22432637,0.89458644,1.0470109,0.8363702,0.0,0.0,1.0,1.4353976,0.22432637,0.0,0.10673576,0.9362123,0.0
4088,2.0177348,1.2608246,1.4219921,0.839042,0.0,0.0,1.0,25.504677,2.0177348,0.0,0.11191381,0.98163056,0.0
4089,0.55162716,0.96142566,1.2579361,0.8707676,0.0,0.0,1.0,27.043894,0.55162716,0.0,0.09265451,0.81270134,0.0
4090,1.5005004,1.1551983,1.5305939,0.7570387,0.0,0.0,1.0,26.651253,1.5005004,0.0,0.09613654,0.8432433,0.0
4091,2.4846852,1.3561821,1.5024261,0.80415255,0.0,0.0,1.0,28.297995,2.4846852,0.0,0.08630786,0.75703293,0.0
4092,1.1335007,1.080252,1.1839796,0.50073093,0.0,0.0,1.0,28.740414,1.1335007,0.0,0.08393033,0.7361788,0.0
4093,1.6214741,1.1799028,1.1339848,0.90439206,0.0,0.0,1.0,28.297995,1.6214741,0.0,0.09005312,0.78988373,0.0
4094,1.9168042,1.2402132,1.3342323,0.7744011,0.0,0.0,1.0,28.740414,1.9168042,0.0,0.080567,0.7066781,0.0
4095,0.9884065,1.0506219,0.97092384,0.8730144,0.0,0.0,1.0,28.740414,0.9884065,0.0,0.060342655,0.52928406,0.0
4096,0.9639935,1.0456364,1.009106,0.8598296,0.0,0.0,1.0,27.781956,0.9639935,0.0,0.086615644,0.7597326,0.0
4097,1.5883137,1.173131,1.151405,0.788075,0.0,0.0,1.0,28.783548,1.5883137,0.0,0.10450961,0.91668606,0.0
4098,1.4115483,1.1308123,1.3917476,0.90001845,0.0,0.0,1.0,52.904522,1.3810859,0.8013484,0.12119282,1.0630196,1.0
4099,3.312015,1.525134,1.3949503,0.57513034,0.0,0.0,1.0,54.172146,3.312015,0.8596086,0.07715422,0.6767435,0.0
4100,3.2370641,1.509828,1.4468036,0.73134995,0.0,0.0,1.0,59.218014,3.2370641,1.0915174,0.095423706,0.83699083,0.0
4101,2.6632485,1.3926471,1.5762645,0.8656563,0.0,0.0,1.0,63.916428,2.6632485,1.3074572,0.1071062,0.9394616,0.0
4102,2.1009722,1.2778227,1.4562492,0.6659491,0.0,0.0,1.0,65.72863,2.1009722,1.3907462,0.0946203,0.8299439,0.0
4103,2.2353837,1.261964,1.6594658,0.7428347,0.0,0.0,1.0,63.49404,2.0233142,1.2880442,0.14814955,1.2994655,1.0
4104,2.7461061,1.3577226,1.52187,0.7883525,0.0,0.0,1.0,61.794907,2.492229,1.2099518,0.14719014,1.2910502,1.0
4105,2.6708083,1.3493782,1.5468041,0.75294536,0.0,0.0,1.0,58.76556,2.4513679,1.0707226,0.14316729,1.2557645,1.0
4106,3.3057337,1.434526,1.6020558,0.7553336,0.0,0.0,1.0,58.76556,2.8683224,1.0707226,0.16368215,1.4357067,1.0
4107,4.062644,1.6304792,1.8180726,0.54282945,0.0,0.0,1.0,61.129257,3.8278735,1.1793585,0.13398616,1.175234,1.0
4108,2.6077526,1.3554744,1.1808491,0.9172526,0.0,0.0,1.0,62.059658,2.4812195,1.2221198,0.13061948,1.1457038,1.0
4109,2.2565856,1.3096011,1.6114033,0.7170478,0.0,0.0,1.0,62.059658,2.2565856,1.2221198,0.099024385,0.8685735,0.0
4110,1.9096196,1.2272027,1.059451,0.7898214,0.0,0.0,1.0,63.74383,1.8530939,1.2995247,0.12394417,1.0871526,1.0
4111,3.713892,1.6072026,1.642172,0.75509626,0.0,0.0,1.0,63.74383,3.713892,1.2995247,0.107915595,0.94656104,0.0
4112,1.5339398,1.1620271,1.4186169,0.69765997,0.0,0.0,1.0,63.74383,1.5339398,1.2995247,0.08315592,0.72938627,0.0
4113,2.6572943,1.3914312,1.4338473,0.61835283,0.0,0.0,1.0,62.43445,2.6572943,1.2393452,0.09094679,0.7977224,0.0
4114,1.7645077,1.2091122,1.3734185,0.7882191,0.0,0.0,1.0,60.637043,1.7645077,1.1567363,0.09342613,0.81946945,0.0
4115,1.0071938,1.0544585,0.8943567,0.87495166,0.0,0.0,1.0,60.637043,1.0071938,1.1567363,0.11266589,0.98822737,0.0
4116,1.2598945,1.1060634,1.1013947,0.78503436,0.0,0.0,1.0,60.637043,1.2598945,1.1567363,0.09513984,0.8345009,0.0
4117,1.3812668,1.1308492,1.2145883,0.7907018,0.0,0.0,1.0,60.83676,1.3812668,1.1659153,0.09581727,0.84044284,0.0
4118,1.5103074,1.157201,1.2008966,0.8528737,0.0,0.0,1.0,60.84709,1.5103074,1.1663901,0.088512585,0.77637124,0.0
4119,2.0729902,1.2721084,1.2120951,0.7549135,0.0,0.0,1.0,32.970528,2.0729902,0.0,0.10028098,0.87959546,0.0
4120,1.8416092,1.2248573,1.2552457,0.7769224,0.0,0.0,1.0,34.018456,1.8416092,0.0,0.10447772,0.91640633,0.0
4121,1.5017619,1.155456,0.93725425,0.9110359,0.0,0.0,1.0,34.018456,1.5017619,0.0,0.10803985,0.9476509,0.0
4122,1.4659296,1.1481385,1.1299765,0.77164793,0.0,0.0,1.0,33.907883,1.4659296,0.0,0.08764977,0.76880324,0.0
4123,0.47390366,0.9455535,1.061309,0.77938586,0.0,0.0,1.0,34.71116,0.47390366,0.0,0.102503344,0.8990885,0.0
4124,1.9404805,1.2450482,1.041886,0.8788195,0.0,0.0,1.0,33.907883,1.9404805,0.0,0.10562741,0.92649066,0.0
4125,0.53410214,0.9578468,0.9717468,0.8375287,0.0,0.0,1.0,33.907883,0.53410214,0.0,0.08435529,0.7399063,0.0
4126,0.6590109,0.98335487,0.9252558,0.67230356,0.0,0.0,1.0,33.907883,0.6590109,0.0,0.08565659,0.7513204,0.0
4127,0.9031229,1.0319343,0.8382067,0.84393877,0.0,0.0,1.0,34.34391,0.8968963,0.0,0.11626947,1.0198355,1.0
4128,1.2816018,1.1104963,0.9057796,0.74836004,0.0,0.0,1.0,34.34391,1.2816018,0.0,0.10431349,0.91496587,0.0
4129,1.3689556,1.1283351,0.92146426,0.9115776,0.0,0.0,1.0,60.45193,1.3689556,1.1482284,0.09362816,0.8212415,0.0
4130,0.91858274,1.0148995,1.0834342,0.7779702,0.0,0.0,1.0,60.45193,0.8134798,1.1482284,0.11319925,0.9929056,0.0
4131,0.7567944,0.87551045,0.86144054,0.83318794,0.0,0.0,1.0,56.051697,0.13091436,0.945993,0.16558814,1.4524248,1.0
4132,1.5962898,1.1586132,0.9944991,0.7653442,0.0,0.0,1.0,53.497868,1.5172225,0.82861865,0.13098326,1.1488947,1.0
4133,1.0728707,1.0678706,1.2095149,0.66726077,0.0,0.0,1.0,53.644516,1.0728707,0.8353586,0.09542286,0.8369834,0.0
4134,0.8265859,0.85688597,0.90882903,0.81403863,0.0,0.0,1.0,57.94985,0.039713286,1.0332323,0.110488996,0.96913314,0.0
4135,0.97619146,0.9864504,0.9629035,0.785087,0.0,0.0,1.0,62.01874,0.6741691,1.2202393,0.11439368,1.0033823,1.0
4136,1.6479319,1.1853058,1.2221073,0.6947623,0.0,0.0,1.0,62.895855,1.6479319,1.2605516,0.08816349,0.7733092,0.0
4137,1.4309258,1.1055938,0.9659739,0.75930834,0.0,0.0,1.0,63.884357,1.2575951,1.3059833,0.15890351,1.3937918,1.0
4138,1.2176225,1.0921769,1.0962495,0.88278806,0.0,0.0,1.0,62.861538,1.1918948,1.2589743,0.1210393,1.0616732,1.0
4139,0.97766554,1.0391449,1.036777,0.8386481,0.0,0.0,1.0,62.058834,0.9322055,1.2220819,0.108510256,0.951777,0.0
4140,1.2666694,1.1074469,0.9671861,0.9178067,0.0,0.0,1.0,57.94985,1.2666694,1.0332323,0.09009762,0.7902741,0.0
4141,1.3544416,1.1049163,1.1257397,0.79128313,0.0,0.0,1.0,57.10609,1.2542776,0.9944531,0.14002079,1.2281656,1.0
4142,1.3051481,1.113662,0.8098178,0.92192096,0.0,0.0,1.0,56.334263,1.2971038,0.9589798,0.116028205,1.0177193,1.0
4143,1.9474708,1.2464757,1.1212604,0.7530284,0.0,0.0,1.0,57.05416,1.9474708,0.9920664,0.11386988,0.99878794,0.0
4144,1.4563136,1.1461748,1.1609896,0.84710824,0.0,0.0,1.0,57.637814,1.4563136,1.0188912,0.10066682,0.8829798,0.0
4145,0.98675156,1.0502839,1.007996,0.7505508,0.0,0.0,1.0,54.39384,0.98675156,0.8697977,0.10577736,0.9278059,0.0
4146,1.2620517,1.0760394,0.98347485,0.7998398,0.0,0.0,1.0,54.39384,1.1128721,0.8697977,0.1576729,1.3829978,1.0
4147,1.9543252,1.2478755,1.1481088,0.59084165,0.0,0.0,1.0,56.142944,1.9543252,0.9501867,0.10280085,0.90169805,0.0
4148,1.6244851,1.1805177,0.98897344,0.7608306,0.0,0.0,1.0,29.843176,1.6244851,0.0,0.08460358,0.74208415,0.0
4149,0.5188996,0.94792354,0.81652546,0.70491934,0.0,0.0,1.0,31.933197,0.48550946,0.0,0.13641016,1.1964957,1.0
4150,0.30956173,0.911812,1.0280684,0.72178316,0.0,0.0,1.0,31.42319,0.30867717,0.0,0.114941515,1.0081875,1.0
4151,1.6819457,1.1812083,1.126304,0.8184047,0.0,0.0,1.0,33.67254,1.6278667,0.0,0.12482931,1.0949165,1.0
4152,1.8024621,1.2042425,1.1606802,0.72991943,0.0,0.0,1.0,33.67254,1.7406615,0.0,0.1255731,1.1014404,1.0
4153,0.46439558,0.9436118,0.8233958,0.8035041,0.0,0.0,1.0,31.55606,0.46439558,0.0,0.11228596,0.9848948,0.0
4154,1.3845026,1.1003997,0.86581045,0.7858577,0.0,0.0,1.0,34.769108,1.2321606,0.0,0.15428162,1.3532517,1.0
4155,1.7563833,1.1958058,1.0676398,0.5579533,0.0,0.0,1.0,32.419395,1.6993484,0.0,0.12494071,1.0958935,1.0
4156,0.008448143,0.85036266,0.98437506,0.82451016,0.0,0.0,1.0,31.55606,0.0077696927,0.0,0.1424515,1.2494861,1.0
4157,2.3640473,1.2393756,1.1769004,0.7147187,0.0,0.0,1.0,29.968458,1.9127028,0.0,0.19087298,1.6742059,1.0
4158,1.6368061,1.1383449,0.95516753,0.7995196,0.0,0.0,1.0,52.779343,1.4179718,0.7955951,0.16427879,1.44094,1.0
4159,0.96240336,1.0453117,1.0156204,0.71051955,0.0,0.0,1.0,51.469448,0.96240336,0.73539215,0.07833691,0.6871172,0.0
4160,1.980466,1.2532138,1.1485057,0.7926183,0.0,0.0,1.0,52.029644,1.980466,0.76113886,0.10770596,0.94472224,0.0
4161,1.2651969,1.0827307,1.1639029,0.67849654,0.0,0.0,1.0,48.915512,1.145638,0.6180129,0.14800207,1.2981719,1.0
4162,1.4298611,1.1407728,1.105615,0.69543207,0.0,0.0,1.0,46.16526,1.4298611,0.4916109,0.105520844,0.92555594,0.0
4163,0.32296667,0.9055853,1.1079799,0.6608514,0.0,0.0,1.0,44.252678,0.27818593,0.40370834,0.1388196,1.2176297,1.0
4164,1.4430919,1.1208552,1.1637013,0.8002628,0.0,0.0,1.0,40.803978,1.3323277,0.24520558,0.14108853,1.2375311,1.0
4165,2.2486033,1.307971,1.3279908,0.81588644,0.0,0.0,1.0,40.803978,2.2486033,0.24520558,0.09814928,0.86089766,0.0
4166,1.462112,1.1473589,1.0254297,0.8650516,0.0,0.0,1.0,40.803978,1.462112,0.24520558,0.08621531,0.7562211,0.0
4167,2.300764,1.318623,1.1857277,0.7812137,0.0,0.0,1.0,41.234894,2.300764,0.26501054,0.112969175,0.9908875,0.0
4168,2.3965204,1.3250864,1.2227224,0.7185219,0.0,0.0,1.0,43.684666,2.3324144,0.37760243,0.1229609,1.078528,1.0
4169,1.0073006,1.045424,1.0622253,0.8300073,0.0,0.0,1.0,41.234894,0.96295327,0.26501054,0.12900941,1.1315814,1.0
4170,2.2906466,1.3165568,1.2209342,0.7467107,0.0,0.0,1.0,44.179085,2.2906466,0.40032598,0.09327426,0.81813735,0.0
4171,1.0705856,1.0624447,0.98945314,0.8211435,0.0,0.0,1.0,43.23063,1.0463009,0.35673484,0.12156846,1.0663145,1.0
4172,1.0781852,1.0689559,1.1112782,0.82631934,0.0,0.0,1.0,43.23063,1.0781852,0.35673484,0.110368446,0.96807575,0.0
4173,0.7578369,1.0035365,0.9559146,0.8603552,0.0,0.0,1.0,40.754288,0.7578369,0.24292181,0.111467674,0.9777174,0.0
4174,2.0156617,1.2174679,1.0972794,0.8171989,0.0,0.0,1.0,43.227283,1.8054243,0.35658106,0.15193939,1.3327074,1.0
4175,1.4481984,1.1226779,1.0158192,0.81948745,0.0,0.0,1.0,43.227283,1.3412533,0.35658106,0.13998084,1.2278152,1.0
4176,1.4261396,1.1400129,0.89790463,0.85269654,0.0,0.0,1.0,38.19235,1.4261396,0.12517472,0.100405514,0.8806878,0.0
4177,1.3758497,1.129743,1.0498267,0.84432435,0.0,0.0,1.0,40.754288,1.3758497,0.24292181,0.093917884,0.8237828,0.0
4178,1.4346898,1.1417589,1.1722728,0.69094026,0.0,0.0,1.0,47.051476,1.4346898,0.5323415,0.073278755,0.6427506,0.0
4179,0.78822887,1.0078464,0.8949002,0.68237,0.0,0.0,1.0,26.31791,0.77894175,0.0,0.11789174,1.0340649,1.0
4180,0.7813445,1.008337,1.1673925,0.66941386,0.0,0.0,1.0,26.31791,0.7813445,0.0,0.109944366,0.964356,0.0
4181,1.461638,1.1472621,0.98385274,0.8738818,0.0,0.0,1.0,29.123861,1.461638,0.0,0.1076163,0.9439358,0.0
4182,1.0986357,1.0731322,0.92802256,0.9016039,0.0,0.0,1.0,26.31791,1.0986357,0.0,0.066388,0.58230966,0.0
4183,1.5602362,1.1405545,1.0293792,0.8786324,0.0,0.0,1.0,30.856903,1.4287921,0.0,0.14397484,1.2628478,1.0
4184,1.2706618,1.0909332,1.1045781,0.8772922,0.0,0.0,1.0,27.727486,1.1858045,0.0,0.13731815,1.2044599,1.0
4185,1.3105091,1.1147457,1.0488111,0.604834,0.0,0.0,1.0,28.223232,1.3024106,0.0,0.11603352,1.0177659,1.0
4186,1.0312518,1.0592453,0.89229745,0.81961924,0.0,0.0,1.0,30.856903,1.0306343,0.0,0.11420325,1.001712,1.0
4187,1.4950999,1.1450462,1.0355444,0.7734057,0.0,0.0,1.0,30.856903,1.4507872,0.0,0.12395737,1.0872685,1.0
4188,0.9662223,1.0460916,0.93647337,0.7961847,0.0,0.0,1.0,27.711409,0.9662223,0.0,0.09660146,0.8473212,0.0
4189,1.1371374,1.0429261,1.1106446,0.8184439,0.0,0.0,1.0,24.724117,0.9507214,0.0,0.17787817,1.5602244,1.0
4190,0.8654643,1.0255154,1.0026946,0.80045694,0.0,0.0,1.0,24.850721,0.8654643,0.0,0.11060702,0.97016835,0.0
4191,1.4508047,1.1450498,1.0351434,0.6076321,0.0,0.0,1.0,24.354681,1.4508047,0.0,0.10796232,0.9469708,0.0
4192,0.73568714,0.9990132,0.8400415,0.78426296,0.0,0.0,1.0,24.850721,0.73568714,0.0,0.11312896,0.99228907,0.0
4193,0.35174203,0.92060643,1.0732181,0.7425895,0.0,0.0,1.0,24.401276,0.35174203,0.0,0.092664875,0.81279224,0.0
4194,0.6674268,0.9850735,1.008573,0.76705664,0.0,0.0,1.0,46.094273,0.6674268,0.4883483,0.09553849,0.8379976,0.0
4195,2.5950458,1.3776705,1.4296086,0.7960192,0.0,0.0,1.0,48.947567,2.5899105,0.61948615,0.11465393,1.0056651,1.0
4196,2.3502297,1.3084826,1.4512037,0.7356516,0.0,0.0,1.0,48.98441,2.2511086,0.6211794,0.12835097,1.1258061,1.0
4197,2.2935205,1.3171437,1.4419471,0.73967636,0.0,0.0,1.0,47.94503,2.2935205,0.5734094,0.08203524,0.71955645,0.0
4198,2.2557168,1.3094237,1.273634,0.8557536,0.0,0.0,1.0,47.951347,2.2557168,0.5736998,0.101443894,0.8897957,0.0
4199,2.5192013,1.3440326,1.2025834,0.7610348,0.0,0.0,1.0,46.964108,2.4251914,0.52832603,0.12663491,1.1107539,1.0
4200,2.1798267,1.2939259,1.2954911,0.7078264,0.0,0.0,1.0,46.120876,2.1798267,0.48957103,0.09716496,0.85226387,0.0
4201,1.8398714,1.2245024,1.2836995,0.6694963,0.0,0.0,1.0,46.120876,1.8398714,0.48957103,0.10247223,0.8988156,0.0
4202,1.6494509,1.185616,1.2733371,0.72595936,0.0,0.0,1.0,46.964108,1.6494509,0.52832603,0.097306415,0.85350466,0.0
4203,0.6949018,0.9906843,1.177495,0.8675126,0.0,0.0,1.0,46.964108,0.6949018,0.52832603,0.093637794,0.821326,0.0
4204,1.9063836,1.1934619,1.1726694,0.77476865,0.0,0.0,1.0,46.964108,1.6878709,0.52832603,0.1561782,1.3698874,1.0
4205,3.2086387,1.3874269,1.3518926,0.6636024,0.0,0.0,1.0,47.932465,2.6376858,0.57283187,0.1845171,1.6184565,1.0
4206,2.2969716,1.3178484,1.270863,0.8724571,0.0,0.0,1.0,47.932465,2.2969716,0.57283187,0.105199054,0.9227334,0.0
4207,2.8374016,1.42173,1.1962925,0.62528306,0.0,0.0,1.0,47.41641,2.8056629,0.54911387,0.117692925,1.032321,1.0
4208,2.16485,1.245565,1.217191,0.7747233,0.0,0.0,1.0,47.41641,1.9430115,0.54911387,0.1511983,1.326207,1.0
4209,2.0374076,1.2154149,1.0503032,0.8437598,0.0,0.0,1.0,47.41641,1.795371,0.54911387,0.15792117,1.3851753,1.0
4210,1.5119959,1.143236,1.0371873,0.82059586,0.0,0.0,1.0,47.41641,1.441923,0.54911387,0.1298379,1.1388483,1.0
4211,1.7647896,1.2004491,0.9382048,0.74699,0.0,0.0,1.0,47.566387,1.7220861,0.5560069,0.12208557,1.0708503,1.0
4212,1.6498574,1.1714394,1.0721455,0.80129856,0.0,0.0,1.0,49.46424,1.5800303,0.6432326,0.12840354,1.1262672,1.0
4213,0.62855995,0.9771364,0.9898576,0.7531166,0.0,0.0,1.0,46.251312,0.62855995,0.4955659,0.10130149,0.8885467,0.0
4214,1.4824246,1.151507,0.99124444,0.80937994,0.0,0.0,1.0,44.255325,1.4824246,0.40383002,0.07309334,0.64112425,0.0
4215,0.7106502,0.969998,0.79496723,0.7209187,0.0,0.0,1.0,24.724117,0.5936045,0.0,0.17823629,1.5633656,1.0
4216,0.46972388,0.94212604,0.88459074,0.7743399,0.0,0.0,1.0,26.240406,0.45712003,0.0,0.12298939,1.0787779,1.0
4217,0.61369026,0.96440065,0.93791467,0.81937903,0.0,0.0,1.0,28.08576,0.5661952,0.0,0.14133243,1.2396704,1.0
4218,1.4981532,1.147189,0.88698816,0.9576554,0.0,0.0,1.0,27.32788,1.4612801,0.0,0.122227535,1.0720955,1.0
4219,0.2542388,0.90069497,0.8474493,0.67343694,0.0,0.0,1.0,27.247736,0.2542388,0.0,0.09638524,0.8454247,0.0
4220,0.8456739,1.0138483,1.0004032,0.95394665,0.0,0.0,1.0,27.247736,0.8083323,0.0,0.1290558,1.1319883,1.0
4221,0.29484734,0.90743774,0.86538976,0.8710316,0.0,0.0,1.0,18.642824,0.2872571,0.0,0.122615054,1.0754945,1.0
4222,1.6140331,1.1783832,1.0485867,0.92970574,0.0,0.0,1.0,18.697018,1.6140331,0.0,0.10631438,0.9325163,0.0
4223,1.8816772,1.2330397,0.9832405,0.8153201,0.0,0.0,1.0,48.744106,1.8816772,0.6101351,0.10337525,0.90673625,0.0
4224,1.4013612,1.1349528,1.0350463,0.7782517,0.0,0.0,1.0,48.744106,1.4013612,0.6101351,0.08312138,0.7290833,0.0
4225,2.392929,1.3074262,1.2828417,0.8156546,0.0,0.0,1.0,50.24793,2.2459357,0.67925096,0.13532712,1.186996,1.0
4226,1.1354381,1.0806477,1.1258624,0.7767631,0.0,0.0,1.0,48.599567,1.1354381,0.603492,0.10695858,0.9381668,0.0
4227,1.2792501,1.0790385,1.0640135,0.7988451,0.0,0.0,1.0,47.279182,1.1275581,0.5428069,0.15782999,1.3843756,1.0
4228,1.4207983,1.1389221,1.0935854,0.8105938,0.0,0.0,1.0,52.30935,1.4207983,0.77399415,0.11343955,0.99501336,0.0
4229,2.4934406,1.309434,1.2674564,0.8154224,0.0,0.0,1.0,52.30935,2.2557676,0.77399415,0.14832856,1.3010356,1.0
4230,2.462163,1.3083667,1.2085545,0.84540343,0.0,0.0,1.0,48.93309,2.2505407,0.6188208,0.14463772,1.2686621,1.0
4231,2.5097437,1.3587835,1.3506685,0.7163957,0.0,0.0,1.0,47.279182,2.497424,0.5428069,0.11561492,1.0140942,1.0
4232,2.6671643,1.309315,1.1844949,0.83479804,0.0,0.0,1.0,48.735435,2.2551844,0.60973656,0.17351417,1.5219464,1.0
4233,3.06487,1.3854067,1.3679205,0.77079815,0.0,0.0,1.0,48.735435,2.6277936,0.60973656,0.16818741,1.4752238,1.0
4234,2.831502,1.3576254,1.3578979,0.83535403,0.0,0.0,1.0,48.375156,2.4917526,0.5931781,0.1584222,1.3895701,1.0
4235,3.0667677,1.4378649,1.3746207,0.80129856,0.0,0.0,1.0,48.37314,2.8846726,0.59308535,0.13457024,1.1803572,1.0
4236,2.0830545,1.2741637,1.1336241,0.81320274,0.0,0.0,1.0,48.25444,2.0830545,0.5876299,0.11139891,0.97711426,0.0
4237,1.5767765,1.1707749,1.1671566,0.69649804,0.0,0.0,1.0,48.25444,1.5767765,0.5876299,0.09149937,0.80256927,0.0
4238,2.3383296,1.3262943,1.2160807,0.70600355,0.0,0.0,1.0,48.25444,2.3383296,0.5876299,0.11178329,0.98048574,0.0
4239,1.2354692,1.1010754,1.0881492,0.8851854,0.0,0.0,1.0,48.25444,1.2354692,0.5876299,0.098029,0.85984266,0.0
4240,1.1013811,1.0736928,1.0609796,0.6956898,0.0,0.0,1.0,48.25444,1.1013811,0.5876299,0.08989208,0.7884712,0.0
4241,1.4960827,1.1542962,1.0924947,0.67031515,0.0,0.0,1.0,46.35789,1.4960827,0.50046426,0.07766446,0.6812189,0.0
4242,1.8054272,1.1791589,1.1556842,0.8008395,0.0,0.0,1.0,43.705307,1.6178316,0.3785511,0.15177895,1.3313,1.0
4243,1.7583508,1.1576396,1.0205107,0.86875784,0.0,0.0,1.0,43.718025,1.512455,0.37913564,0.16696666,1.4645162,1.0
4244,1.3155825,1.1128945,1.0526762,0.73386085,0.0,0.0,1.0,24.506859,1.2933456,0.0,0.11960856,1.0491236,1.0
4245,1.1070049,1.066848,0.94773805,0.78145593,0.0,0.0,1.0,24.20114,1.0678633,0.0,0.12594767,1.104726,1.0
4246,0.37389734,0.9233612,0.97753024,0.75137794,0.0,0.0,1.0,25.367256,0.3652316,0.0,0.121736765,1.0677907,1.0
4247,1.0352976,1.0485829,0.8986289,0.7410444,0.0,0.0,1.0,25.73591,0.97842205,0.0,0.13294315,1.1660855,1.0
4248,1.158503,1.078697,1.0623369,0.59845674,0.0,0.0,1.0,25.060862,1.1258856,0.0,0.123444855,1.082773,1.0
4249,1.3061992,1.1155194,1.0159231,0.7733549,0.0,0.0,1.0,24.675,1.3061992,0.0,0.10895404,0.9556696,0.0
4250,1.8092674,1.2121681,1.0040339,0.80779076,0.0,0.0,1.0,24.675,1.7794721,0.0,0.119462185,1.0478398,1.0
4251,0.9419748,1.0212684,1.1358567,0.7608371,0.0,0.0,1.0,44.777065,0.84466714,0.42780927,0.15153381,1.3291498,1.0
4252,2.1839607,1.2162403,0.87731385,0.9379186,0.0,0.0,1.0,44.777065,1.799413,0.42780927,0.18362053,1.6105924,1.0
4253,2.4553502,1.2867831,1.2320423,0.8811291,0.0,0.0,1.0,41.35088,2.1448495,0.27034128,0.16116366,1.4136163,1.0
4254,1.629367,1.1815146,1.1128143,0.68680567,0.0,0.0,1.0,41.35088,1.629367,0.27034128,0.108984776,0.9559391,0.0
4255,0.54988694,0.948721,0.9279667,0.78876156,0.0,0.0,1.0,38.077515,0.48941445,0.11989693,0.15425646,1.3530312,1.0
4256,1.6398563,1.1480082,1.2762935,0.8882917,0.0,0.0,1.0,36.562897,1.4652916,0.050284866,0.15281416,1.3403803,1.0
4257,1.792203,1.2026176,1.4075277,0.72121173,0.0,0.0,1.0,34.52673,1.7327051,0.0,0.12519327,1.0981089,1.0
4258,0.046344683,0.8579702,0.9271253,0.8652577,0.0,0.0,1.0,29.469175,0.04502248,0.0,0.1235742,1.0839075,1.0
4259,2.2118165,1.1925635,1.2901113,0.8811291,0.0,0.0,1.0,28.408333,1.6834717,0.0,0.21623826,1.8966926,1.0
4260,0.14271717,0.87792075,1.0160034,0.6862166,0.0,0.0,1.0,28.408333,0.14271717,0.0,0.10286556,0.9022656,0.0
4261,1.1365216,1.080869,1.0656765,0.56281215,0.0,0.0,1.0,32.111492,1.1365216,0.0,0.08971924,0.7869552,0.0
4262,1.5887474,1.1732196,0.9934997,0.7265678,0.0,0.0,1.0,30.858156,1.5887474,0.0,0.09938642,0.871749,0.0
4263,1.064776,1.0662175,0.99541426,0.71278745,0.0,0.0,1.0,30.858156,1.064776,0.0,0.10920321,0.9578551,0.0
4264,1.1396954,1.0815171,1.0101719,0.72924805,0.0,0.0,1.0,30.858156,1.1396954,0.0,0.11096433,0.9733024,0.0
4265,1.2295198,1.0989773,0.9372314,0.6881019,0.0,0.0,1.0,30.858156,1.2251953,0.0,0.115157805,1.0100847,1.0
4266,1.168915,1.0684555,0.88680845,0.97912043,0.0,0.0,1.0,30.858156,1.0757346,0.0,0.14222352,1.2474865,1.0
4267,1.2610834,1.0955081,0.8951072,0.88830906,0.0,0.0,1.0,30.06919,1.208207,0.0,0.12826376,1.125041,1.0
4268,0.80161047,1.0124756,0.99356604,0.5196665,0.0,0.0,1.0,33.48479,0.80161047,0.0,0.07758262,0.6805011,0.0
4269,0.95397466,1.0435904,0.8801815,0.7164366,0.0,0.0,1.0,30.06919,0.95397466,0.0,0.09659955,0.84730446,0.0
4270,1.1459122,1.0758946,0.86292624,0.7704351,0.0,0.0,1.0,27.737097,1.112163,0.0,0.12389277,1.0867018,1.0
4271,0.6897713,0.9847536,1.0484266,1.0016315,0.0,0.0,1.0,27.737097,0.6658603,0.0,0.12570527,1.1025997,1.0
4272,0.69498014,0.9809042,0.8856694,0.6879522,0.0,0.0,1.0,14.120868,0.6470105,0.0,0.13815837,1.2118297,1.0
4273,1.8552295,1.1953475,1.4619868,0.78754294,0.0,0.0,1.0,14.1478405,1.6971046,0.0,0.14435811,1.2662096,1.0
4274,0.9753173,1.0371253,0.8397196,0.66585904,0.0,0.0,1.0,14.1478405,0.9223162,0.0,0.13272664,1.1641864,1.0
4275,1.1514623,1.0607321,0.8928702,0.8522718,0.0,0.0,1.0,13.14265,1.0379148,0.0,0.14964363,1.3125706,1.0
4276,0.52981114,0.94064134,1.0553727,0.85553056,0.0,0.0,1.0,14.172826,0.44984972,0.0,0.17190833,1.5078611,1.0
4277,2.7456193,1.3657583,1.2649087,0.68062115,0.0,0.0,1.0,14.9400425,2.5315783,0.0,0.14154866,1.241567,1.0
4278,1.3343557,1.1212693,1.483179,0.92475045,0.0,0.0,1.0,15.67518,1.3343557,0.0,0.11091974,0.9729113,0.0
4279,0.21642001,0.89066374,0.91627717,0.9629694,0.0,0.0,1.0,17.987722,0.20511755,0.0,0.13195696,1.1574353,1.0
4280,2.8166435,1.4019866,1.3993425,0.5993427,0.0,0.0,1.0,16.010368,2.7089825,0.0,0.12695359,1.1135491,1.0
4281,0.94797593,1.0286386,0.80784655,0.6892522,0.0,0.0,1.0,15.81266,0.880758,0.0,0.13886777,1.218052,1.0
4282,1.1046814,1.0634542,0.80642825,0.7436561,0.0,0.0,1.0,16.612448,1.051244,0.0,0.13056614,1.1452359,1.0
4283,0.6716064,0.96904474,0.8647301,0.9440799,0.0,0.0,1.0,16.942919,0.58893657,0.0,0.15973228,1.4010612,1.0
4284,0.69165623,0.9818181,0.87098825,0.9133659,0.0,0.0,1.0,17.539595,0.6514855,0.0,0.1340931,1.176172,1.0
4285,1.7968214,1.1731235,1.4153466,0.7458248,0.0,0.0,1.0,17.539595,1.588277,0.0,0.15677813,1.3751494,1.0
4286,1.2362946,1.101244,0.9480159,0.7024786,0.0,0.0,1.0,17.18613,1.2362946,0.0,0.08977977,0.78748614,0.0
4287,0.72159225,0.9961348,0.9153855,0.67181754,0.0,0.0,1.0,31.326546,0.72159225,0.0,0.09674839,0.84861004,0.0
4288,1.1051953,1.0744717,0.9696207,0.65482014,0.0,0.0,1.0,32.240807,1.1051953,0.0,0.10570916,0.9272077,0.0
4289,0.9956981,1.0521109,1.142721,0.66449267,0.0,0.0,1.0,32.240807,0.9956981,0.0,0.09266659,0.81280726,0.0
4290,0.82508004,1.0172684,0.98541194,0.77090305,0.0,0.0,1.0,32.63014,0.82508004,0.0,0.10855858,0.95220083,0.0
4291,2.043442,1.2660743,1.2619898,0.7198745,0.0,0.0,1.0,32.63014,2.043442,0.0,0.08942349,0.78436106,0.0
4292,1.6454577,1.1820987,1.0329531,0.9580267,0.0,0.0,1.0,31.326546,1.6322273,0.0,0.11664841,1.0231593,1.0
4293,1.2885731,1.0874673,1.0216767,0.77800554,0.0,0.0,1.0,30.69622,1.1688327,0.0,0.14737806,1.2926985,1.0
4294,2.3589413,1.2618132,1.316794,0.85770863,0.0,0.0,1.0,30.69622,2.0225759,0.0,0.16817999,1.4751587,1.0
4295,1.6301956,1.1479208,1.1390604,0.75679976,0.0,0.0,1.0,29.652227,1.4648638,0.0,0.15077241,1.3224714,1.0
4296,1.0932572,1.0628386,1.0371227,0.76672,0.0,0.0,1.0,29.652227,1.0482296,0.0,0.12800041,1.1227311,1.0
4297,2.0437036,1.2661277,1.1265326,0.87865597,0.0,0.0,1.0,31.327543,2.0437036,0.0,0.112490006,0.9866846,0.0
4298,1.0470393,1.0625955,1.1011025,0.8862283,0.0,0.0,1.0,30.279188,1.0470393,0.0,0.08610144,0.7552224,0.0
4299,1.9885392,1.2548624,1.1551671,0.678112,0.0,0.0,1.0,31.692898,1.9885392,0.0,0.08571831,0.7518618,0.0
4300,1.662573,1.1882957,1.1076041,0.70459086,0.0,0.0,1.0,31.692898,1.662573,0.0,0.10430519,0.9148931,0.0
4301,1.0059247,1.0503969,1.1145455,0.8206444,0.0,0.0,1.0,31.692898,0.9873049,0.0,0.120151184,1.0538832,1.0
4302,1.3923055,1.1331035,1.1421988,0.6654172,0.0,0.0,1.0,33.62602,1.3923055,0.0,0.091159664,0.7995896,0.0
4303,1.4207762,1.1008688,1.0243247,0.6503401,0.0,0.0,1.0,33.62602,1.2344576,0.0,0.16317213,1.4312332,1.0
4304,1.033135,1.059756,1.0775405,0.84871656,0.0,0.0,1.0,33.62602,1.033135,0.0,0.108612955,0.9526778,0.0
4305,1.3315777,1.120702,1.1152633,0.69973326,0.0,0.0,1.0,33.62602,1.3315777,0.0,0.09647635,0.8462239,0.0
4306,0.36908373,0.92414784,0.90824085,0.75085133,0.0,0.0,1.0,38.027332,0.36908373,0.11759054,0.093752675,0.8223337,0.0
4307,1.4146794,1.1376725,1.0956694,0.91295385,0.0,0.0,1.0,38.027332,1.4146794,0.11759054,0.095240295,0.83538204,0.0
4308,1.7449982,1.2051281,1.0823148,0.93940294,0.0,0.0,1.0,21.333664,1.7449982,0.0,0.10535846,0.9241316,0.0
4309,3.1778767,1.4977411,1.3836757,0.7781465,0.0,0.0,1.0,21.333664,3.1778767,0.0,0.09122606,0.800172,0.0
4310,1.1995875,1.0937479,1.1522005,0.661043,0.0,0.0,1.0,21.333664,1.1995875,0.0,0.105756104,0.92761946,0.0
4311,1.6568639,1.1871299,1.0606928,1.0544153,0.0,0.0,1.0,21.333664,1.6568639,0.0,0.1093408,0.959062,0.0
4312,1.8858964,1.2339014,1.0430667,0.9973295,0.0,0.0,1.0,20.966026,1.8858964,0.0,0.10415164,0.9135462,0.0
4313,2.0870433,1.2749783,1.1971983,0.7581845,0.0,0.0,1.0,20.966026,2.0870433,0.0,0.10475517,0.91884,0.0
4314,2.116188,1.28093,1.1342514,0.852233,0.0,0.0,1.0,21.865631,2.116188,0.0,0.11051667,0.96937585,0.0
4315,1.2819812,1.1105738,1.0073807,0.6885484,0.0,0.0,1.0,20.966026,1.2819812,0.0,0.11127529,0.97603,0.0
4316,1.0704207,1.0673703,0.9187101,0.7796817,0.0,0.0,1.0,20.189686,1.0704207,0.0,0.086984314,0.7629663,0.0
4317,1.4415663,1.1431632,1.1797372,0.7338513,0.0,0.0,1.0,21.458782,1.4415663,0.0,0.10572461,0.92734325,0.0
4318,1.591878,1.1738589,1.0285238,0.77121335,0.0,0.0,1.0,36.733868,1.591878,0.058142714,0.11294143,0.99064416,0.0
4319,1.6526177,1.1862627,1.1583503,0.7176533,0.0,0.0,1.0,36.733868,1.6526177,0.058142714,0.10382498,0.910681,0.0
4320,1.5337121,1.1619806,1.104301,0.72792184,0.0,0.0,1.0,40.771782,1.5337121,0.24372585,0.08566423,0.7513874,0.0
4321,2.238101,1.3058263,1.1923196,0.76574093,0.0,0.0,1.0,42.023354,2.238101,0.30124828,0.08880966,0.778977,0.0
4322,2.5227685,1.3639592,1.0352287,0.97763926,0.0,0.0,1.0,44.463783,2.5227685,0.41341078,0.08965682,0.7864077,0.0
4323,2.3036227,1.3192067,1.2408239,0.78535205,0.0,0.0,1.0,42.023354,2.3036227,0.30124828,0.10018977,0.8787954,0.0
4324,1.8846384,1.2336445,1.0617976,0.7683515,0.0,0.0,1.0,40.771782,1.8846384,0.24372585,0.09060173,0.79469573,0.0
4325,1.1659063,1.0868697,1.0484097,0.9447628,0.0,0.0,1.0,33.593746,1.1659063,0.0,0.0992111,0.8702112,0.0
4326,1.2830546,1.1103705,1.0610967,0.91914517,0.0,0.0,1.0,30.559813,1.2809858,0.0,0.114534125,1.0046142,1.0
4327,1.972457,1.2515782,1.0986881,0.76250434,0.0,0.0,1.0,33.593746,1.972457,0.0,0.099826455,0.8756087,0.0
4328,2.2644358,1.3112042,1.0545466,0.86444855,0.0,0.0,1.0,29.093452,2.2644358,0.0,0.10349626,0.9077977,0.0
4329,1.7193407,1.1998885,1.0681988,0.93133837,0.0,0.0,1.0,26.674297,1.7193407,0.0,0.10628035,0.9322178,0.0
4330,1.2570592,1.1054844,1.0459471,0.8888014,0.0,0.0,1.0,26.264435,1.2570592,0.0,0.10493427,0.9204109,0.0
4331,2.2226498,1.302671,1.086865,0.91419667,0.0,0.0,1.0,26.264435,2.2226498,0.0,0.08209419,0.7200735,0.0
4332,1.057694,1.0647713,1.0259686,0.6609683,0.0,0.0,1.0,25.78222,1.057694,0.0,0.090576,0.7944701,0.0
4333,0.5094703,0.95281667,1.0993019,0.79271144,0.0,0.0,1.0,25.78222,0.5094703,0.0,0.102162324,0.8960973,0.0
4334,0.88764036,1.0300441,1.2640085,0.7538507,0.0,0.0,1.0,25.538767,0.88764036,0.0,0.10652985,0.9344062,0.0
4335,1.6484795,1.1854177,1.1810857,0.58214504,0.0,0.0,1.0,25.32748,1.6484795,0.0,0.11180356,0.9806636,0.0
4336,1.0494158,1.0630808,1.0596018,0.85805994,0.0,0.0,1.0,14.121912,1.0494158,0.0,0.110285565,0.96734875,0.0
4337,0.97916573,1.0487348,1.0249125,0.9202586,0.0,0.0,1.0,14.121912,0.97916573,0.0,0.09719025,0.8524857,0.0
4338,1.6119894,1.1779659,1.207513,0.656716,0.0,0.0,1.0,14.195851,1.6119894,0.0,0.09153918,0.80291843,0.0
4339,1.4528613,1.1454698,1.0787513,0.61833835,0.0,0.0,1.0,14.185175,1.4528613,0.0,0.082855925,0.7267549,0.0
4340,1.9182833,1.2405152,1.0806236,0.81817716,0.0,0.0,1.0,13.902732,1.9182833,0.0,0.07218494,0.6331564,0.0
4341,1.4300373,1.1408088,1.1029922,0.6747307,0.0,0.0,1.0,14.360282,1.4300373,0.0,0.09841546,0.8632324,0.0
4342,1.7898587,1.2142892,1.1673087,0.7357196,0.0,0.0,1.0,14.275206,1.7898587,0.0,0.097041816,0.8511838,0.0
4343,1.742407,1.2045989,1.1335076,0.74302787,0.0,0.0,1.0,14.275206,1.742407,0.0,0.10343722,0.90727985,0.0
4344,1.313757,1.1170628,1.0945351,0.79951495,0.0,0.0,1.0,14.360282,1.313757,0.0,0.0950975,0.8341295,0.0
4345,1.4103656,1.1367916,1.2225189,0.72226465,0.0,0.0,1.0,14.461227,1.4103656,0.0,0.09849572,0.8639364,0.0
4346,2.5935135,1.3784063,1.3295325,0.5963955,0.0,0.0,1.0,14.461227,2.5935135,0.0,0.085181504,0.7471533,0.0
4347,1.740414,1.2041919,1.2125959,0.6714402,0.0,0.0,1.0,27.345934,1.740414,0.0,0.08533461,0.7484962,0.0
4348,1.2574806,1.1055704,1.1688645,0.7846532,0.0,0.0,1.0,25.911768,1.2574806,0.0,0.10175922,0.89256155,0.0
4349,1.7129358,1.1985805,1.0394421,0.7813641,0.0,0.0,1.0,27.345934,1.7129358,0.0,0.10261336,0.9000535,0.0
4350,2.096713,1.276953,1.1621524,0.9627246,0.0,0.0,1.0,27.345934,2.096713,0.0,0.08742385,0.7668216,0.0
4351,1.5577697,1.1668935,1.0022395,0.90168536,0.0,0.0,1.0,25.953838,1.5577697,0.0,0.098273546,0.86198765,0.0
4352,1.4365251,1.1421337,1.1629183,0.79580057,0.0,0.0,1.0,25.953838,1.4365251,0.0,0.0824253,0.72297776,0.0
4353,1.8011712,1.2165993,1.1210504,0.7999891,0.0,0.0,1.0,23.548412,1.8011712,0.0,0.08673508,0.76078016,0.0
4354,1.2931203,1.1128485,1.1234782,0.77028024,0.0,0.0,1.0,25.911768,1.2931203,0.0,0.09790337,0.8587407,0.0
4355,2.072268,1.271961,1.0670894,0.9347363,0.0,0.0,1.0,25.911768,2.072268,0.0,0.08468533,0.74280125,0.0
4356,1.7121233,1.1984146,1.1133107,0.84082377,0.0,0.0,1.0,27.345934,1.7121233,0.0,0.09254266,0.8117203,0.0
4357,1.5036608,1.1558437,1.0166581,0.871248,0.0,0.0,1.0,29.22209,1.5036608,0.0,0.06324221,0.554717,0.0
4358,1.8646713,1.2295669,1.2450567,0.71709746,0.0,0.0,1.0,29.836775,1.8646713,0.0,0.08496202,0.7452281,0.0
4359,1.2213011,1.0981821,1.2203721,0.7873399,0.0,0.0,1.0,25.911768,1.2213011,0.0,0.099203706,0.87014633,0.0
4360,1.6978635,1.1955025,1.1727293,0.75482374,0.0,0.0,1.0,29.22209,1.6978635,0.0,0.08655287,0.759182,0.0
4361,2.3257782,1.3237312,1.2849379,0.67170155,0.0,0.0,1.0,29.22209,2.3257782,0.0,0.086082,0.7550518,0.0
4362,3.1011412,1.4820707,1.5188836,0.65105104,0.0,0.0,1.0,28.5058,3.1011412,0.0,0.07940908,0.6965216,0.0
4363,1.8680221,1.2302512,1.3251793,0.73269933,0.0,0.0,1.0,29.22209,1.8680221,0.0,0.09582477,0.8405087,0.0
4364,2.4694395,1.3530687,1.4211763,0.7321771,0.0,0.0,1.0,29.22209,2.4694395,0.0,0.10948754,0.960349,0.0
4365,1.4994228,1.1549783,1.1602398,0.771452,0.0,0.0,1.0,14.551713,1.4994228,0.0,0.11274218,0.9888965,0.0
4366,2.01118,1.259486,1.2231168,0.7441975,0.0,0.0,1.0,13.052667,2.01118,0.0,0.09495984,0.8329221,0.0
4367,2.0288446,1.2565888,1.2177597,0.8086963,0.0,0.0,1.0,14.688554,1.9969931,0.0,0.11920348,1.0455705,1.0
4368,1.3400402,1.1224302,0.9579215,0.8348963,0.0,0.0,1.0,15.219153,1.3400402,0.0,0.10456732,0.9171923,0.0
4369,2.2145958,1.3010262,1.1658635,0.7869344,0.0,0.0,1.0,15.074675,2.2145958,0.0,0.10841057,0.9509026,0.0
4370,1.7947897,1.2152961,1.2593249,0.7800325,0.0,0.0,1.0,15.219153,1.7947897,0.0,0.11259617,0.98761576,0.0
4371,2.488173,1.3568944,1.442507,0.7251032,0.0,0.0,1.0,16.981848,2.488173,0.0,0.11273269,0.9888133,0.0
4372,2.0423172,1.2658446,1.2735666,0.68188006,0.0,0.0,1.0,15.864668,2.0423172,0.0,0.08736062,0.766267,0.0
4373,1.8885508,1.2344434,1.2129332,0.8242992,0.0,0.0,1.0,15.950376,1.8885508,0.0,0.10340558,0.9070023,0.0
4374,2.0032952,1.2578758,1.3000456,0.74973214,0.0,0.0,1.0,16.293697,2.0032952,0.0,0.08869437,0.7779657,0.0
4375,0.8242873,1.0171065,1.2586058,0.84074354,0.0,0.0,1.0,15.781254,0.8242873,0.0,0.09516324,0.8347062,0.0
4376,2.0965445,1.2769185,1.530638,0.67522764,0.0,0.0,1.0,15.781254,2.0965445,0.0,0.09451363,0.8290083,0.0
4377,2.2858396,1.3155751,1.6052312,0.6528123,0.0,0.0,1.0,15.781254,2.2858396,0.0,0.08363834,0.7336177,0.0
4378,2.0328941,1.2639203,1.516861,0.6785226,0.0,0.0,1.0,15.372496,2.0328941,0.0,0.08722049,0.7650379,0.0
4379,2.9576983,1.4527777,1.6970837,0.6078243,0.0,0.0,1.0,15.379642,2.9576983,0.0,0.084074385,0.73744243,0.0
4380,1.7054486,1.1970515,1.1732618,0.73079383,0.0,0.0,1.0,27.929466,1.7054486,0.0,0.11286828,0.9900026,0.0
4381,2.1861656,1.2952204,1.1889906,0.92097795,0.0,0.0,1.0,27.71051,2.1861656,0.0,0.10344235,0.9073248,0.0
4382,2.4641657,1.3507383,1.1735191,0.8841924,0.0,0.0,1.0,26.407942,2.4580278,0.0,0.114821464,1.0071346,1.0
4383,2.1487863,1.287587,1.3582654,0.6781249,0.0,0.0,1.0,26.236765,2.1487863,0.0,0.07673383,0.6730561,0.0
4384,2.4009879,1.33909,1.3902949,0.61121595,0.0,0.0,1.0,27.021631,2.4009879,0.0,0.075528406,0.662483,0.0
4385,1.4730426,1.1495911,1.4580375,0.75787777,0.0,0.0,1.0,26.236765,1.4730426,0.0,0.090625055,0.79490036,0.0
4386,2.4092205,1.3407712,1.3662885,0.77580214,0.0,0.0,1.0,27.021631,2.4092205,0.0,0.100477256,0.8813171,0.0
4387,1.6093094,1.1774186,1.5473896,0.71215415,0.0,0.0,1.0,27.021631,1.6093094,0.0,0.10388644,0.9112201,0.0
4388,2.2218752,1.3025128,1.4648407,0.72692955,0.0,0.0,1.0,27.22379,2.2218752,0.0,0.086233936,0.7563845,0.0
4389,2.8224418,1.4146394,1.5059073,0.73831445,0.0,0.0,1.0,28.245506,2.7709408,0.0,0.12006229,1.0531034,1.0
4390,2.9735992,1.4560249,1.4931607,0.7385586,0.0,0.0,1.0,28.245506,2.9735992,0.0,0.106494285,0.9340943,0.0
4391,2.8433776,1.4294319,1.5026246,0.67221075,0.0,0.0,1.0,28.235281,2.8433776,0.0,0.092561,0.8118811,0.0
4392,2.6776397,1.395586,1.403889,0.66704786,0.0,0.0,1.0,28.245506,2.6776397,0.0,0.09103001,0.7984523,0.0
4393,1.9311259,1.2431378,1.2541571,0.8119643,0.0,0.0,1.0,31.886597,1.9311259,0.0,0.0923034,0.8096217,0.0
4394,2.074317,1.2723794,1.1889628,0.8639349,0.0,0.0,1.0,33.42833,2.074317,0.0,0.10646479,0.93383557,0.0
4395,2.968834,1.4550518,1.2619789,0.8272026,0.0,0.0,1.0,38.84946,2.968834,0.15537567,0.111508235,0.9780732,0.0
4396,1.6283226,1.1813014,1.1760286,0.6574438,0.0,0.0,1.0,37.718365,1.6283226,0.10339034,0.07787964,0.68310636,0.0
4397,0.37678805,0.92572117,1.1040499,0.884549,0.0,0.0,1.0,37.718365,0.37678805,0.10339034,0.11091885,0.9729035,0.0
4398,1.2807196,1.1103162,0.9178645,0.77004707,0.0,0.0,1.0,37.718365,1.2807196,0.10339034,0.07989393,0.7007744,0.0
4399,1.1788322,1.0895094,0.9936411,0.7854782,0.0,0.0,1.0,45.96449,1.1788322,0.48238343,0.1026774,0.90061516,0.0
4400,1.1960453,1.0930245,0.7620376,0.95424587,0.0,0.0,1.0,25.70223,1.1960453,0.0,0.08828796,0.77440095,0.0
4401,0.29311064,0.9086331,0.82876825,0.77805334,0.0,0.0,1.0,25.70223,0.29311064,0.0,0.09542531,0.83700484,0.0
4402,0.0,0.8459926,0.79760885,0.8111801,0.0,0.0,1.0,22.262672,0.0,0.0,0.08043088,0.7054841,0.0
4403,1.0857629,1.0705034,0.97399426,0.7569537,0.0,0.0,1.0,22.262672,1.0857629,0.0,0.11161642,0.9790221,0.0
4404,0.8770903,1.0278896,0.9559564,0.7895292,0.0,0.0,1.0,25.704632,0.8770903,0.0,0.09938307,0.8717196,0.0
4405,0.055569354,0.860124,0.9602219,0.62615246,0.0,0.0,1.0,25.93224,0.055569354,0.0,0.094497606,0.8288677,0.0
4406,0.18764976,0.8870966,0.8050746,0.9280239,0.0,0.0,1.0,24.74673,0.18764976,0.0,0.092190646,0.8086326,0.0
4407,1.0497859,1.0631564,0.8102761,0.8508009,0.0,0.0,1.0,24.74673,1.0497859,0.0,0.099846065,0.8757807,0.0
4408,1.114244,1.0763196,0.98888165,0.78442234,0.0,0.0,1.0,25.93224,1.114244,0.0,0.10019448,0.8788367,0.0
4409,0.97485125,1.0478537,0.8158824,0.818807,0.0,0.0,1.0,26.6174,0.97485125,0.0,0.10631872,0.93255436,0.0
4410,0.9672368,1.0462987,0.9291903,0.85395193,0.0,0.0,1.0,42.97042,0.9672368,0.34477562,0.0950786,0.8339638,0.0
4411,1.0796207,1.069249,1.0261613,0.79465353,0.0,0.0,1.0,47.51082,1.0796207,0.55345297,0.108966224,0.9557764,0.0
4412,0.92620045,1.0379186,1.0414298,0.89211273,0.0,0.0,1.0,47.51082,0.92620045,0.55345297,0.090646714,0.7950903,0.0
4413,0.2758205,0.8827977,0.979532,0.84754103,0.0,0.0,1.0,42.97042,0.1665989,0.34477562,0.087420166,0.76678926,0.0
4414,0.93494445,1.0397042,1.0475496,0.78052497,0.0,0.0,1.0,42.97042,0.93494445,0.34477562,0.10463859,0.9178174,0.0
4415,1.9600588,1.2490463,1.2747334,0.6191223,0.0,0.0,1.0,49.27188,1.9600588,0.63439167,0.07907373,0.6935801,0.0
4416,0.9227604,1.0372161,1.0853388,0.7521442,0.0,0.0,1.0,46.012535,0.9227604,0.48459163,0.06986083,0.6127709,0.0
4417,0.50751334,0.9233017,1.0933098,0.787913,0.0,0.0,1.0,49.27188,0.3649403,0.63439167,0.07580779,0.6649335,0.0
4418,0.88844126,1.0302076,1.0223868,0.79476446,0.0,0.0,1.0,45.559605,0.88844126,0.4637749,0.08071687,0.7079926,0.0
4419,0.88641745,1.0297943,1.1025728,0.7102678,0.0,0.0,1.0,42.756065,0.88641745,0.3349238,0.08767785,0.7690495,0.0
4420,0.99163634,1.0512815,0.89138645,0.98107153,0.0,0.0,1.0,42.756065,0.99163634,0.3349238,0.104978174,0.920796,0.0
4421,1.3709794,1.1287484,1.1292174,0.7218789,0.0,0.0,1.0,45.40563,1.3709794,0.45669812,0.08644779,0.75826025,0.0
4422,0.28763914,0.90751576,0.8273226,0.9485173,0.0,0.0,1.0,42.45712,0.28763914,0.3211842,0.09366677,0.8215802,0.0
4423,1.5080507,1.1567402,1.1394318,0.6604921,0.0,0.0,1.0,45.40563,1.5080507,0.45669812,0.10412311,0.9132959,0.0
4424,0.41778705,0.9340937,0.9939653,0.6646698,0.0,0.0,1.0,42.756065,0.41778705,0.3349238,0.08737169,0.7663641,0.0
4425,0.9575343,1.0443174,1.045104,0.75815696,0.0,0.0,1.0,40.647663,0.9575343,0.23802133,0.07392269,0.6483987,0.0
4426,1.7196798,1.1999577,0.9581299,0.9604282,0.0,0.0,1.0,36.88932,1.7196798,0.065287344,0.0845897,0.7419624,0.0
4427,1.763123,1.2088294,1.1545107,0.8912578,0.0,0.0,1.0,36.88932,1.763123,0.065287344,0.10790808,0.9464951,0.0
4428,0.87031126,1.0215006,0.92507654,0.74557924,0.0,0.0,1.0,33.796783,0.8458043,0.0,0.12344624,1.0827851,1.0
4429,0.728796,0.9976059,0.92542857,0.74614805,0.0,0.0,1.0,36.208893,0.728796,0.034014795,0.086925305,0.7624487,0.0
4430,0.42341527,0.93524307,0.8089723,0.9394727,0.0,0.0,1.0,34.0225,0.42341527,0.0,0.07991078,0.70092213,0.0
4431,0.061356053,0.8613057,0.8419014,0.7717431,0.0,0.0,1.0,17.515198,0.061356053,0.0,0.07760999,0.68074125,0.0
4432,0.7692089,1.0058588,0.9642946,0.8113202,0.0,0.0,1.0,15.605396,0.7692089,0.0,0.09994244,0.876626,0.0
4433,0.9896347,1.0508727,1.0249919,0.6870636,0.0,0.0,1.0,16.78895,0.9896347,0.0,0.07578072,0.6646961,0.0
4434,1.3310668,1.1205977,1.0189363,0.72137743,0.0,0.0,1.0,15.596303,1.3310668,0.0,0.07706852,0.67599183,0.0
4435,1.5677961,1.168941,1.1014568,0.70539045,0.0,0.0,1.0,15.605396,1.5677961,0.0,0.07964206,0.69856507,0.0
4436,0.843488,1.0210276,1.0910567,0.66295564,0.0,0.0,1.0,17.046133,0.843488,0.0,0.080860466,0.7092521,0.0
4437,1.3084787,1.1159849,1.0652945,0.6847968,0.0,0.0,1.0,27.977932,1.3084787,0.0,0.08586141,0.7531169,0.0
4438,1.1901155,1.0918136,1.1512884,0.7917751,0.0,0.0,1.0,27.9925,1.1901155,0.0,0.10513138,0.9221398,0.0
4439,1.8317981,1.2228538,1.2430434,0.7433888,0.0,0.0,1.0,31.315636,1.8317981,0.0,0.0883208,0.774689,0.0
4440,1.9519885,1.2473983,1.3044746,0.7109534,0.0,0.0,1.0,28.925663,1.9519885,0.0,0.0838201,0.73521197,0.0
4441,2.8909466,1.4391462,1.2768686,0.9008216,0.0,0.0,1.0,26.8113,2.8909466,0.0,0.10061494,0.8825247,0.0
4442,2.2002637,1.2980994,1.2686205,0.78377557,0.0,0.0,1.0,25.922922,2.2002637,0.0,0.100886025,0.8849025,0.0
4443,2.6723225,1.3945001,1.3858914,0.7338522,0.0,0.0,1.0,21.585823,2.6723225,0.0,0.09325769,0.817992,0.0
4444,2.2905223,1.3165314,1.3872889,0.6949178,0.0,0.0,1.0,23.527952,2.2905223,0.0,0.08804561,0.77227527,0.0
4445,1.7911733,1.2145576,1.3903513,0.6863268,0.0,0.0,1.0,23.527952,1.7911733,0.0,0.078402504,0.6876926,0.0
4446,2.2456863,1.3073753,1.389079,0.7245646,0.0,0.0,1.0,20.385143,2.2456863,0.0,0.0777886,0.68230784,0.0
4447,3.4833932,1.5601317,1.5159917,0.6822155,0.0,0.0,1.0,17.304695,3.4833932,0.0,0.08073655,0.7081652,0.0
4448,2.2004213,1.2981316,1.3404692,0.8441063,0.0,0.0,1.0,15.474576,2.2004213,0.0,0.10706715,0.9391191,0.0
4449,2.4993858,1.3591841,1.3954809,0.74044055,0.0,0.0,1.0,17.304695,2.4993858,0.0,0.10150646,0.8903445,0.0
4450,1.8050683,1.2173952,1.21811,0.6415195,0.0,0.0,1.0,17.304695,1.8050683,0.0,0.06957738,0.6102847,0.0
4451,2.7743313,1.4153317,1.4762253,0.9632736,0.0,0.0,1.0,17.304695,2.7743313,0.0,0.10796939,0.94703287,0.0
4452,1.735406,1.2031692,1.2697172,0.93648344,0.0,0.0,1.0,16.16928,1.735406,0.0,0.093672186,0.8216277,0.0
4453,1.78769,1.2138463,1.147659,0.670191,0.0,0.0,1.0,15.274386,1.78769,0.0,0.102206506,0.89648485,0.0
4454,2.096409,1.2768909,1.2983164,0.599688,0.0,0.0,1.0,16.676884,2.096409,0.0,0.09542851,0.837033,0.0
4455,1.2601157,1.1061085,1.0553801,0.7558325,0.0,0.0,1.0,16.676884,1.2601157,0.0,0.09048468,0.7936691,0.0
4456,0.99499696,1.0519677,1.1876014,0.732591,0.0,0.0,1.0,14.03949,0.99499696,0.0,0.09371122,0.82197005,0.0
4457,1.4468085,1.1442337,1.0448413,0.7282642,0.0,0.0,1.0,14.03949,1.4468085,0.0,0.11393253,0.9993374,0.0
4458,1.5065166,1.1564269,1.0783864,0.7916993,0.0,0.0,1.0,7.4795246,1.5065166,0.0,0.10937778,0.9593863,0.0
4459,0.5851889,0.9682794,0.95477724,0.7130201,0.0,0.0,1.0,6.7140574,0.5851889,0.0,0.10554797,0.9257939,0.0
4460,0.93404704,1.0319229,1.0257661,0.66188383,0.0,0.0,1.0,7.4795246,0.8968409,0.0,0.12752153,1.1185308,1.0
4461,0.74760103,0.98973995,1.0007112,0.7924773,0.0,0.0,1.0,7.745109,0.69027764,0.0,0.14105858,1.2372683,1.0
4462,0.53503966,0.9580383,0.8218271,0.7443356,0.0,0.0,1.0,9.254272,0.53503966,0.0,0.096265,0.84437007,0.0
4463,0.7557241,1.0025818,0.9597787,0.47529945,0.0,0.0,1.0,7.745109,0.75316226,0.0,0.11511604,1.0097183,1.0
4464,0.48991707,0.94882363,0.8444193,0.6856054,0.0,0.0,1.0,8.813675,0.48991707,0.0,0.107345484,0.9415604,0.0
4465,0.68798506,0.98724896,0.9221114,0.7364245,0.0,0.0,1.0,8.813675,0.6780796,0.0,0.11876649,1.0417376,1.0
4466,0.7866332,1.009417,0.9598724,0.9486394,0.0,0.0,1.0,8.865618,0.7866332,0.0,0.09361925,0.82116336,0.0
4467,0.2904715,0.90809417,0.81640154,0.7410287,0.0,0.0,1.0,10.57325,0.2904715,0.0,0.104333796,0.91514397,0.0
4468,0.4653319,0.943803,0.8674747,0.7531443,0.0,0.0,1.0,10.57325,0.4653319,0.0,0.083624855,0.73349947,0.0
4469,0.43066114,0.93642277,0.8856475,0.8081413,0.0,0.0,1.0,16.000647,0.42919204,0.0,0.11512307,1.00978,1.0
4470,0.47142798,0.9450479,0.79423076,0.70435,0.0,0.0,1.0,14.502413,0.47142798,0.0,0.080030456,0.7019719,0.0
4471,1.6434143,1.1843833,1.0650946,0.88942873,0.0,0.0,1.0,14.241888,1.6434143,0.0,0.10807888,0.9479933,0.0
4472,1.8563675,1.2278712,1.0374802,0.97175413,0.0,0.0,1.0,16.165798,1.8563675,0.0,0.09719497,0.8525271,0.0
4473,2.0316894,1.2636743,1.4492775,0.91339135,0.0,0.0,1.0,16.165798,2.0316894,0.0,0.091348484,0.8012458,0.0
4474,2.0149083,1.2602473,1.0987366,0.93677604,0.0,0.0,1.0,16.600128,2.0149083,0.0,0.078898735,0.6920452,0.0
4475,1.8028425,1.2169406,1.3096702,0.8817641,0.0,0.0,1.0,16.600128,1.8028425,0.0,0.0717106,0.62899584,0.0
4476,1.2283382,1.0996192,1.346856,0.8722645,0.0,0.0,1.0,19.829706,1.2283382,0.0,0.087608375,0.7684401,0.0
4477,0.6110017,0.97355074,0.9828208,0.8059822,0.0,0.0,1.0,20.36874,0.6110017,0.0,0.0520721,0.45674047,0.0
4478,1.8803321,1.2327651,1.031641,0.87951297,0.0,0.0,1.0,21.992525,1.8803321,0.0,0.06880597,0.6035184,0.0
4479,1.8591112,1.2284315,1.2554595,0.80840266,0.0,0.0,1.0,21.992525,1.8591112,0.0,0.08538333,0.7489236,0.0
4480,1.1450028,1.082601,1.0496032,0.86901873,0.0,0.0,1.0,22.7642,1.1450028,0.0,0.08086727,0.7093118,0.0
4481,1.137619,1.0810931,1.035934,0.7826777,0.0,0.0,1.0,21.366886,1.137619,0.0,0.08811381,0.7728734,0.0
4482,1.2254527,1.0990299,1.093499,0.7487073,0.0,0.0,1.0,21.366886,1.2254527,0.0,0.07425569,0.6513196,0.0
4483,1.5249403,1.1601893,1.1535679,0.7235144,0.0,0.0,1.0,21.992525,1.5249403,0.0,0.078928426,0.6923056,0.0
4484,0.5824132,0.9677126,1.0520604,0.764977,0.0,0.0,1.0,21.992525,0.5824132,0.0,0.07449541,0.6534223,0.0
4485,1.1018983,1.0737984,0.9784283,0.85214317,0.0,0.0,1.0,19.829706,1.1018983,0.0,0.082566395,0.7242154,0.0
4486,0.69414264,0.99052924,1.0050205,0.76229376,0.0,0.0,1.0,16.603212,0.69414264,0.0,0.1029632,0.90312207,0.0
4487,0.66597617,0.9847773,0.8371803,0.75740963,0.0,0.0,1.0,16.240736,0.66597617,0.0,0.07328996,0.6428489,0.0
4488,0.5213864,0.9552501,0.87226593,0.78848696,0.0,0.0,1.0,19.829706,0.5213864,0.0,0.07896392,0.69261694,0.0
4489,1.3014994,1.1145597,1.0304309,0.7220944,0.0,0.0,1.0,11.0434475,1.3014994,0.0,0.07303435,0.6406069,0.0
4490,1.0453645,1.0622535,0.9272313,0.7200349,0.0,0.0,1.0,12.271014,1.0453645,0.0,0.077209815,0.67723113,0.0
4491,0.19496295,0.88859004,1.1287016,0.6763094,0.0,0.0,1.0,12.711731,0.19496295,0.0,0.077427045,0.6791365,0.0
4492,1.1561205,1.0843757,0.895805,0.8754279,0.0,0.0,1.0,12.711731,1.1536937,0.0,0.114693284,1.0060102,1.0
4493,0.84705937,1.0217569,0.8512243,0.77813524,0.0,0.0,1.0,12.711731,0.84705937,0.0,0.10427169,0.9145992,0.0
4494,0.27365345,0.9043321,0.82609296,0.7434159,0.0,0.0,1.0,14.559714,0.27204928,0.0,0.11592881,1.0168474,1.0
4495,0.32716507,0.9155875,0.82403785,0.7411974,0.0,0.0,1.0,16.417086,0.32716507,0.0,0.09134033,0.8011743,0.0
4496,0.49056238,0.9489554,0.94268155,0.7695599,0.0,0.0,1.0,18.499388,0.49056238,0.0,0.06736694,0.59089625,0.0
4497,0.69739556,0.99119353,0.8316559,0.73999846,0.0,0.0,1.0,18.499388,0.69739556,0.0,0.08839874,0.7753727,0.0
4498,0.2965314,0.9093317,0.84033364,0.777804,0.0,0.0,1.0,18.499388,0.2965314,0.0,0.07361125,0.645667,0.0
4499,0.3889385,0.92820245,0.8933095,0.80692905,0.0,0.0,1.0,18.940481,0.3889385,0.0,0.089209445,0.7824836,0.0
4500,0.41029435,0.9325636,0.9338088,0.8852501,0.0,0.0,1.0,18.18672,0.41029435,0.0,0.07372058,0.646626,0.0
4501,0.65806377,0.98316145,0.8710522,0.71141005,0.0,0.0,1.0,20.444145,0.65806377,0.0,0.053183526,0.46648914,0.0
4502,0.6442981,0.9803503,1.0754844,0.8518146,0.0,0.0,1.0,36.568123,0.6442981,0.05052506,0.09042191,0.7931185,0.0
4503,1.5889056,1.1732519,1.0784435,0.8761362,0.0,0.0,1.0,36.568123,1.5889056,0.05052506,0.08538782,0.74896294,0.0
4504,1.1406254,1.081707,1.1743227,0.73457503,0.0,0.0,1.0,37.337738,1.1406254,0.085896686,0.06210334,0.54472756,0.0
4505,2.1946118,1.2969452,1.165582,0.83203757,0.0,0.0,1.0,38.250202,2.1946118,0.12783368,0.08736484,0.76630396,0.0
4506,1.3348192,1.121364,1.1907918,0.80530816,0.0,0.0,1.0,38.250202,1.3348192,0.12783368,0.08325741,0.73027647,0.0
4507,1.0334841,1.0598273,0.98398006,0.83863467,0.0,0.0,1.0,41.102528,1.0334841,0.258927,0.08112507,0.71157306,0.0
4508,0.8106871,1.0143292,1.303064,0.8201411,0.0,0.0,1.0,41.09117,0.8106871,0.25840503,0.089313,0.78339195,0.0
4509,1.8905425,1.2348502,1.1655691,0.84037286,0.0,0.0,1.0,44.811634,1.8905425,0.42939806,0.1066576,0.9355268,0.0
4510,1.540304,1.1633267,1.0247606,0.83483076,0.0,0.0,1.0,44.015984,1.540304,0.39282984,0.07995889,0.70134413,0.0
4511,1.4027961,1.1352458,1.1644664,0.7301038,0.0,0.0,1.0,45.343384,1.4027961,0.45383736,0.09063106,0.79495305,0.0
4512,2.340804,1.3267996,1.3154545,0.70423293,0.0,0.0,1.0,46.552143,2.340804,0.5093921,0.08792727,0.77123725,0.0
4513,2.001289,1.2574661,1.1709096,0.8012808,0.0,0.0,1.0,45.343384,2.001289,0.45383736,0.07006751,0.6145838,0.0
4514,1.8363158,1.2237763,1.351639,0.75221145,0.0,0.0,1.0,45.980953,1.8363158,0.48314014,0.10297068,0.9031877,0.0
4515,0.9165978,1.0359576,1.2703912,0.74100775,0.0,0.0,1.0,45.972797,0.9165978,0.4827653,0.0914723,0.8023318,0.0
4516,0.7835808,1.0087937,1.0808035,0.6379593,0.0,0.0,1.0,45.970085,0.7835808,0.48264065,0.086284146,0.7568249,0.0
4517,1.4962758,1.1543356,1.1379677,0.67755026,0.0,0.0,1.0,46.50436,1.4962758,0.507196,0.07743602,0.67921525,0.0
4518,1.361284,1.1267685,1.1325839,0.750687,0.0,0.0,1.0,46.388027,1.361284,0.5018493,0.07600759,0.66668606,0.0
4519,1.423933,1.1395622,1.0548681,0.75319606,0.0,0.0,1.0,46.388027,1.423933,0.5018493,0.066925466,0.5870239,0.0
4520,0.8191503,1.0160575,0.99260706,0.7301828,0.0,0.0,1.0,25.909462,0.8191503,0.0,0.074270785,0.651452,0.0
4521,0.65215945,0.9819557,0.92784816,0.81262904,0.0,0.0,1.0,25.909462,0.65215945,0.0,0.09552836,0.83790874,0.0
4522,0.68464446,0.9885896,0.8823528,0.7346876,0.0,0.0,1.0,26.23628,0.68464446,0.0,0.089527115,0.78527,0.0
4523,0.76947623,1.0059134,1.0126297,0.8170601,0.0,0.0,1.0,26.23628,0.76947623,0.0,0.087015815,0.7632426,0.0
4524,0.4749582,0.94576883,0.9590777,0.64982694,0.0,0.0,1.0,26.23628,0.4749582,0.0,0.0677938,0.5946404,0.0
4525,1.1426597,1.0821224,1.0332204,0.7328053,0.0,0.0,1.0,26.23628,1.1426597,0.0,0.092247196,0.80912864,0.0
4526,0.40207955,0.93088603,0.97084415,0.7931672,0.0,0.0,1.0,26.23628,0.40207955,0.0,0.09382236,0.82294494,0.0
4527,0.655826,0.98270446,1.047004,0.658884,0.0,0.0,1.0,26.449776,0.655826,0.0,0.07945804,0.69695103,0.0
4528,0.22540398,0.8948065,0.8793933,0.7519626,0.0,0.0,1.0,26.347258,0.22540398,0.0,0.0785381,0.68888193,0.0
4529,0.9579984,1.0444121,0.9800594,0.7708611,0.0,0.0,1.0,26.040342,0.9579984,0.0,0.08817531,0.7734129,0.0
4530,0.55559784,0.9622365,1.0159208,0.77305585,0.0,0.0,1.0,26.23628,0.55559784,0.0,0.07867663,0.69009703,0.0
4531,1.2968615,1.1136125,0.9617422,0.8539384,0.0,0.0,1.0,46.496147,1.2968615,0.50681853,0.086317584,0.7571182,0.0
4532,1.9847676,1.2505358,1.1098235,0.865412,0.0,0.0,1.0,46.171593,1.9673527,0.49190196,0.116891466,1.0252912,1.0
4533,1.6427267,1.1842428,1.103948,0.7751747,0.0,0.0,1.0,46.171593,1.6427267,0.49190196,0.110697165,0.97095907,0.0
4534,0.8070761,1.0135918,0.984764,0.7558879,0.0,0.0,1.0,46.171593,0.8070761,0.49190196,0.07173581,0.6292169,0.0
4535,1.3538593,1.1252522,1.0093316,0.7971437,0.0,0.0,1.0,42.32363,1.3538593,0.31504908,0.08261264,0.724621,0.0
4536,1.8649626,1.2296264,1.1597039,0.7938209,0.0,0.0,1.0,36.811653,1.8649626,0.06171775,0.06513659,0.57133317,0.0
4537,1.6539352,1.1865318,1.3605148,0.73439026,0.0,0.0,1.0,32.053226,1.6539352,0.0,0.048672475,0.4269213,0.0
4538,1.6904014,1.1939787,1.3050265,0.8292527,0.0,0.0,1.0,30.033443,1.6904014,0.0,0.09392545,0.8238492,0.0
4539,1.7302761,1.2021216,1.1414076,0.76018095,0.0,0.0,1.0,30.765768,1.7302761,0.0,0.11034798,0.9678962,0.0
4540,2.2019203,1.2984377,1.1908568,0.7830749,0.0,0.0,1.0,32.190544,2.2019203,0.0,0.0719568,0.6311553,0.0
4541,1.3863671,1.1318908,1.0736319,0.7032424,0.0,0.0,1.0,32.190544,1.3863671,0.0,0.10286381,0.9022503,0.0
4542,1.7041487,1.196786,1.0835859,0.8240793,0.0,0.0,1.0,30.987753,1.7041487,0.0,0.081358254,0.7136184,0.0
4543,1.2557883,1.1052248,1.0253587,0.80744106,0.0,0.0,1.0,29.380917,1.2557883,0.0,0.107967466,0.947016,0.0
4544,1.5732425,1.1700532,1.0910152,0.62981814,0.0,0.0,1.0,29.682476,1.5732425,0.0,0.08515267,0.7469004,0.0
4545,1.4435867,1.1435758,1.1031402,0.76823044,0.0,0.0,1.0,31.322994,1.4435867,0.0,0.061434463,0.5388607,0.0
4546,1.4353231,1.1418883,1.1655307,0.72414744,0.0,0.0,1.0,30.938639,1.4353231,0.0,0.07632116,0.6694365,0.0
4547,1.3727558,1.1291112,1.1158813,0.6923551,0.0,0.0,1.0,29.499943,1.3727558,0.0,0.08137315,0.713749,0.0
4548,1.470215,1.1490136,1.2532281,0.842424,0.0,0.0,1.0,29.499943,1.470215,0.0,0.07220339,0.63331825,0.0
4549,1.3244128,1.1148719,1.1066214,0.75596887,0.0,0.0,1.0,16.347425,1.3030282,0.0,0.119353876,1.0468897,1.0
4550,1.0460433,1.0611366,1.0841357,0.76104945,0.0,0.0,1.0,17.059803,1.0398954,0.0,0.11593382,1.0168914,1.0
4551,1.1429714,1.0821861,1.2411747,0.7902603,0.0,0.0,1.0,17.732096,1.1429714,0.0,0.112823434,0.9896092,0.0
4552,1.372705,1.1291008,1.1249301,0.71499187,0.0,0.0,1.0,17.84985,1.372705,0.0,0.07727432,0.67779696,0.0
4553,1.0011357,1.0532213,1.1231,0.75049764,0.0,0.0,1.0,18.032778,1.0011357,0.0,0.079035975,0.693249,0.0
4554,0.8260905,1.0174748,1.0483387,0.6621732,0.0,0.0,1.0,17.440435,0.8260905,0.0,0.08316317,0.72944987,0.0
4555,0.5917832,0.96962607,0.9989196,0.6761597,0.0,0.0,1.0,17.459625,0.5917832,0.0,0.08895322,0.7802362,0.0
4556,0.4794992,0.94669616,0.9458729,0.7878302,0.0,0.0,1.0,17.751915,0.4794992,0.0,0.09857124,0.8645988,0.0
4557,0.79283726,1.010684,1.0586975,0.7231205,0.0,0.0,1.0,17.177345,0.79283726,0.0,0.083906494,0.7359698,0.0
4558,0.9835742,1.049635,1.0366659,0.77416825,0.0,0.0,1.0,17.177345,0.9835742,0.0,0.11223845,0.9844781,0.0
4559,1.1646396,1.086611,1.1300049,0.80209273,0.0,0.0,1.0,17.121698,1.1646396,0.0,0.08771566,0.76938117,0.0
4560,0.6888165,0.9894416,1.0705938,0.77986413,0.0,0.0,1.0,17.121698,0.6888165,0.0,0.07170408,0.6289387,0.0
4561,1.3415276,1.122734,1.106711,0.9218847,0.0,0.0,1.0,17.552528,1.3415276,0.0,0.08359019,0.73319536,0.0
4562,0.42958197,0.9365024,1.0130757,0.6876267,0.0,0.0,1.0,33.446533,0.42958197,0.0,0.07342503,0.6440337,0.0
4563,0.48382738,0.94758004,0.93274105,0.82229257,0.0,0.0,1.0,31.641235,0.48382738,0.0,0.09265379,0.812695,0.0
4564,0.48547503,0.9479165,1.177774,0.82671607,0.0,0.0,1.0,31.746572,0.48547503,0.0,0.058989126,0.5174118,0.0
4565,0.98130107,1.0491709,1.1017699,0.69393194,0.0,0.0,1.0,31.641235,0.98130107,0.0,0.10682777,0.9370194,0.0
4566,2.045416,1.2664775,1.2493992,0.78919184,0.0,0.0,1.0,31.515259,2.045416,0.0,0.06975613,0.6118525,0.0
4567,0.0,0.80898273,1.0345813,0.74549216,0.0,0.0,1.0,31.062,0.0,0.0,0.076161385,0.66803503,0.0
4568,0.72161645,0.99613976,1.0146961,0.7179198,0.0,0.0,1.0,30.715845,0.72161645,0.0,0.054210372,0.47549593,0.0
4569,1.7999903,1.2163582,1.1944702,0.78557336,0.0,0.0,1.0,30.715845,1.7999903,0.0,0.090335436,0.79236,0.0
4570,1.0661186,1.0664917,1.0295949,0.8405236,0.0,0.0,1.0,32.88724,1.0661186,0.0,0.08868853,0.7779145,0.0
4571,2.4214652,1.3432717,1.3417437,0.71260893,0.0,0.0,1.0,34.934338,2.4214652,0.0,0.080178104,0.7032669,0.0
4572,2.4602938,1.351201,1.2610092,0.7452871,0.0,0.0,1.0,37.037952,2.4602938,0.0721185,0.075825565,0.6650894,0.0
4573,1.8879448,1.2343197,1.1307471,0.7351292,0.0,0.0,1.0,37.223038,1.8879448,0.08062504,0.08088285,0.70944846,0.0
4574,1.9058665,1.2379795,1.0638933,0.7572552,0.0,0.0,1.0,36.26217,1.9058665,0.03646337,0.0740038,0.6491102,0.0
4575,0.79368603,1.0108573,1.0694153,0.65390694,0.0,0.0,1.0,37.223038,0.79368603,0.08062504,0.04848165,0.42524755,0.0
4576,0.53624594,0.9582846,1.098714,0.7178809,0.0,0.0,1.0,36.533253,0.53624594,0.048922423,0.07324953,0.6424942,0.0
4577,1.9966259,1.2565138,1.2754383,0.96916354,0.0,0.0,1.0,39.38544,1.9966259,0.18000941,0.07569542,0.6639479,0.0
4578,2.1839268,1.2947632,1.1611092,0.7422663,0.0,0.0,1.0,39.38544,2.1839268,0.18000941,0.06770021,0.59381944,0.0
4579,1.3210205,1.1185461,1.0641938,0.74067354,0.0,0.0,1.0,44.212704,1.3210205,0.40187111,0.072351,0.634613,0.0
4580,0.7472197,1.0013683,1.1237416,0.7359256,0.0,0.0,1.0,44.212704,0.7472197,0.40187111,0.06089361,0.5341167,0.0
4581,1.256392,1.1053481,0.97436476,0.747474,0.0,0.0,1.0,47.301327,1.256392,0.5438247,0.07387673,0.64799565,0.0
4582,0.47474638,0.79484075,0.9341572,0.77263093,0.0,0.0,1.0,48.380703,0.0,0.59343296,0.08012181,0.70277315,0.0
4583,1.0939301,1.0721712,1.1342309,0.7095967,0.0,0.0,1.0,48.380703,1.0939301,0.59343296,0.07676807,0.6733565,0.0
4584,0.9175044,1.0361427,1.0894128,0.7925686,0.0,0.0,1.0,51.29641,0.9175044,0.7274393,0.08839028,0.7752985,0.0
4585,1.4903473,1.1531249,1.2089288,0.8393713,0.0,0.0,1.0,27.061033,1.4903473,0.0,0.10418283,0.9138198,0.0
4586,0.12364435,0.8740258,0.7841528,0.67754424,0.0,0.0,1.0,26.457298,0.12364435,0.0,0.05929065,0.5200566,0.0
4587,0.5395643,0.95896226,0.88999027,0.79058725,0.0,0.0,1.0,26.457298,0.5395643,0.0,0.080468684,0.7058157,0.0
4588,0.0,0.84541744,0.9029581,0.73376596,0.0,0.0,1.0,22.866365,0.0,0.0,0.079335876,0.69587946,0.0
4589,0.41945127,0.93309736,0.8796491,0.8026778,0.0,0.0,1.0,20.774895,0.41290808,0.0,0.11916988,1.0452759,1.0
4590,1.4988519,1.1548617,1.3341156,0.94080627,0.0,0.0,1.0,20.774895,1.4988519,0.0,0.08151292,0.714975,0.0
4591,0.39340883,0.92911536,0.90021944,0.7591435,0.0,0.0,1.0,20.362553,0.39340883,0.0,0.0923063,0.8096471,0.0
4592,0.0,0.8123515,0.93761295,0.69111365,0.0,0.0,1.0,20.362553,0.0,0.0,0.10659493,0.93497705,0.0
4593,2.4791903,1.3174119,1.3100867,0.8055114,0.0,0.0,1.0,20.774895,2.294834,0.0,0.1401763,1.2295296,1.0
4594,1.4339268,1.1416031,1.4126215,0.76817137,0.0,0.0,1.0,22.866365,1.4339268,0.0,0.09230658,0.8096495,0.0
4595,1.4539378,1.1456896,0.9720564,0.7933396,0.0,0.0,1.0,26.457298,1.4539378,0.0,0.106598996,0.9350127,0.0
4596,0.6551377,0.9825639,1.106131,0.87021124,0.0,0.0,1.0,48.50688,0.6551377,0.5992322,0.08096716,0.710188,0.0
4597,0.9018938,1.0329548,0.9675236,0.8124322,0.0,0.0,1.0,50.708416,0.9018938,0.700415,0.09172213,0.80452317,0.0
4598,2.3736184,1.3335007,1.1706234,0.8987812,0.0,0.0,1.0,50.708416,2.3736184,0.700415,0.07443641,0.65290475,0.0
4599,0.9998497,1.0529587,1.0077984,0.8891,0.0,0.0,1.0,50.7573,0.9998497,0.7026618,0.06716146,0.5890939,0.0
4600,1.7906065,1.2144419,1.0853788,0.8273035,0.0,0.0,1.0,59.314606,1.7906065,1.0959568,0.09793972,0.8590596,0.0
4601,1.6785187,1.191552,1.1246717,1.0377684,0.0,0.0,1.0,54.986416,1.6785187,0.89703256,0.10504303,0.9213649,0.0
4602,1.5753661,1.1704869,1.1619998,0.8476845,0.0,0.0,1.0,56.07218,1.5753661,0.9469345,0.10933097,0.9589757,0.0
4603,1.3970817,1.1340789,1.0846273,0.8566684,0.0,0.0,1.0,56.07218,1.3970817,0.9469345,0.097049534,0.8512514,0.0
4604,1.5707265,1.1695395,1.0555547,0.9825966,0.0,0.0,1.0,53.642544,1.5707265,0.83526796,0.1130579,0.9916657,0.0
4605,1.2342165,1.0923146,0.9882583,0.94407386,0.0,0.0,1.0,54.25164,1.192569,0.8632621,0.12538362,1.0997784,1.0
4606,2.730271,1.3912606,1.3532786,0.7240924,0.0,0.0,1.0,54.25164,2.656459,0.8632621,0.12305896,1.0793881,1.0
4607,1.5499282,1.1652921,1.1819413,0.778104,0.0,0.0,1.0,54.25164,1.5499282,0.8632621,0.08493877,0.7450242,0.0
4608,1.0841383,1.0701716,1.0958871,0.7319018,0.0,0.0,1.0,56.661686,1.0841383,0.97402817,0.07053127,0.61865157,0.0
4609,0.88240767,1.0289755,1.0463147,0.770618,0.0,0.0,1.0,56.014595,0.88240767,0.9442878,0.085168354,0.74703795,0.0
4610,1.6143298,1.1717755,0.9880076,0.976219,0.0,0.0,1.0,62.15908,1.5816759,1.2266892,0.12073297,1.0589862,1.0
4611,0.8581006,0.9995301,0.9497124,0.73869175,0.0,0.0,1.0,58.80697,0.73821825,1.0726258,0.087166995,0.7645686,0.0
4612,0.836483,0.9050662,0.98206973,0.85664386,0.0,0.0,1.0,58.219025,0.275644,1.0456038,0.07528477,0.660346,0.0
4613,1.2778686,1.1097339,1.1941197,0.9306868,0.0,0.0,1.0,58.219025,1.2778686,1.0456038,0.06284451,0.5512286,0.0
4614,1.2056584,1.0949876,0.98283726,0.81441396,0.0,0.0,1.0,55.676865,1.2056584,0.92876565,0.072316796,0.634313,0.0
4615,0.764877,0.8970859,0.87421405,0.71750426,0.0,0.0,1.0,56.271523,0.23656583,0.95609623,0.07062926,0.61951107,0.0
4616,0.0,0.84702134,0.98786217,0.7567822,0.0,0.0,1.0,31.602428,0.0,0.0,0.06579254,0.5770867,0.0
4617,0.42744285,0.93606555,0.9267855,0.6524393,0.0,0.0,1.0,34.4507,0.42744285,0.0,0.09335653,0.8188589,0.0
4618,0.4473434,0.9401295,0.89264375,0.7404956,0.0,0.0,1.0,34.4507,0.4473434,0.0,0.08219928,0.7209953,0.0
4619,0.47385755,0.94554406,0.86949426,0.7456173,0.0,0.0,1.0,34.4507,0.47385755,0.0,0.07014006,0.6152201,0.0
4620,0.33638537,0.9174704,0.79882324,0.8009414,0.0,0.0,1.0,37.30261,0.33638537,0.08428213,0.092652455,0.8126833,0.0
4621,0.067425705,0.7241385,0.7943009,0.7922085,0.0,0.0,1.0,37.30261,0.0,0.08428213,0.08842268,0.7755826,0.0
4622,0.5218688,0.9553486,0.760464,0.72744703,0.0,0.0,1.0,35.462463,0.5218688,0.0,0.0736785,0.6462569,0.0
4623,1.0042597,0.92096543,1.1428471,0.9110394,0.0,0.0,1.0,62.782127,0.3535,1.2553246,0.1025871,0.8998231,0.0
4624,2.0510733,1.2676327,1.135376,0.8970279,0.0,0.0,1.0,54.229076,2.0510733,0.8622251,0.092164956,0.8084073,0.0
4625,1.7883258,1.2139761,1.1605116,0.67038876,0.0,0.0,1.0,47.446186,1.7883258,0.55048245,0.07663452,0.67218506,0.0
4626,0.35994563,0.86796564,0.8416418,0.7193192,0.0,0.0,1.0,45.25841,0.09396862,0.449932,0.077954605,0.6837639,0.0
4627,0.4688671,0.94452494,1.0148163,0.72118974,0.0,0.0,1.0,45.25841,0.4688671,0.449932,0.09105763,0.7986946,0.0
4628,2.3343174,1.325475,1.0991184,0.90416056,0.0,0.0,1.0,45.25841,2.3343174,0.449932,0.07648138,0.6708418,0.0
4629,0.8173897,1.015698,1.0863966,0.7121383,0.0,0.0,1.0,45.25841,0.8173897,0.449932,0.09758136,0.8559162,0.0
4630,1.4038182,1.1354545,1.0913748,0.79562694,0.0,0.0,1.0,47.48185,1.4038182,0.5521216,0.10432363,0.9150548,0.0
4631,2.24276,1.2858361,1.124633,0.88965476,0.0,0.0,1.0,42.931484,2.1402123,0.34298608,0.1296157,1.1368994,1.0
4632,2.0914557,1.2722952,1.1086164,0.66883874,0.0,0.0,1.0,42.931484,2.073905,0.34298608,0.11676469,1.0241791,1.0
4633,1.8933514,1.2354238,1.165181,0.8522919,0.0,0.0,1.0,42.931484,1.8933514,0.34298608,0.078471385,0.68829674,0.0
4634,0.8133928,1.0148817,1.0466242,0.73162144,0.0,0.0,1.0,42.931484,0.8133928,0.34298608,0.100995645,0.885864,0.0
4635,1.3903582,1.1327058,1.035585,0.7311794,0.0,0.0,1.0,42.196907,1.3903582,0.3092248,0.10409688,0.9130659,0.0
4636,0.7049143,0.99272895,1.2833856,0.83777237,0.0,0.0,1.0,31.73908,0.7049143,0.0,0.097093955,0.85164106,0.0
4637,0.7166917,0.99513406,1.1040933,0.7222917,0.0,0.0,1.0,38.96121,0.7166917,0.16051163,0.09966892,0.87422687,0.0
4638,2.076077,1.2727388,1.1530364,0.8973581,0.0,0.0,1.0,52.34064,2.076077,0.77543235,0.098690294,0.8656431,0.0
4639,2.3460648,1.327874,1.2008795,0.800592,0.0,0.0,1.0,38.96121,2.3460648,0.16051163,0.08216426,0.7206881,0.0
4640,1.1735637,1.0826707,0.99830276,0.8639014,0.0,0.0,1.0,38.96121,1.1453444,0.16051163,0.12203367,1.070395,1.0
4641,0.9875197,1.0446844,1.1558825,0.77811944,0.0,0.0,1.0,30.881388,0.9593317,0.0,0.12357919,1.0839512,1.0
4642,0.9982689,1.0526359,1.0778817,0.8863027,0.0,0.0,1.0,30.881388,0.9982689,0.0,0.0853218,0.7483839,0.0
4643,1.4268115,1.1401501,1.1947478,0.91663176,0.0,0.0,1.0,35.81739,1.4268115,0.016021287,0.09348611,0.8199955,0.0
4644,0.7715801,1.006343,1.1640322,0.72524965,0.0,0.0,1.0,19.993204,0.7715801,0.0,0.09839227,0.863029,0.0
4645,0.7448806,1.0008906,0.9826286,0.66111183,0.0,0.0,1.0,17.237936,0.7448806,0.0,0.11359592,0.9963849,0.0
4646,0.59299535,0.9698736,0.90173864,0.740953,0.0,0.0,1.0,16.571825,0.59299535,0.0,0.09831426,0.8623448,0.0
4647,0.83036226,1.0101339,1.0839592,0.7776004,0.0,0.0,1.0,17.239115,0.7901433,0.0,0.13058835,1.1454308,1.0
4648,1.6255119,1.1807274,1.0161445,0.7991681,0.0,0.0,1.0,17.611465,1.6255119,0.0,0.0972355,0.8528826,0.0
4649,0.8703605,1.0162271,0.9855811,0.7791689,0.0,0.0,1.0,20.051174,0.81998104,0.0,0.1340213,1.1755422,1.0
4650,1.0784749,1.0489064,0.8747458,0.7973698,0.0,0.0,1.0,20.040228,0.98000634,0.0,0.14673735,1.2870786,1.0
4651,0.5527271,0.96003354,0.85067546,0.76544565,0.0,0.0,1.0,22.749147,0.5448101,0.0,0.11874154,1.0415188,1.0
4652,0.34848765,0.91994184,0.8857115,0.80251807,0.0,0.0,1.0,22.749147,0.34848765,0.0,0.09792349,0.8589172,0.0
4653,1.0756801,1.059753,0.8279166,0.8609314,0.0,0.0,1.0,23.678474,1.0331198,0.0,0.12742716,1.117703,1.0
4654,0.37990966,0.92635864,0.7995795,0.75255144,0.0,0.0,1.0,19.901274,0.37990966,0.0,0.106405236,0.9333132,0.0
4655,0.3844763,0.9272912,0.84010005,0.776644,0.0,0.0,1.0,20.051174,0.3844763,0.0,0.09026205,0.79171634,0.0
4656,1.0441912,1.0620139,0.90357864,0.76102763,0.0,0.0,1.0,42.418194,1.0441912,0.31939518,0.0810516,0.7109287,0.0
4657,0.30729252,0.91152924,0.7915247,0.7568925,0.0,0.0,1.0,42.418194,0.30729252,0.31939518,0.10811488,0.94830906,0.0
4658,0.14085905,0.87736666,0.86131364,0.6809823,0.0,0.0,1.0,35.651627,0.1400039,0.0084027555,0.115997665,1.0174514,1.0
4659,1.3778323,1.1071652,1.0476664,0.8137159,0.0,0.0,1.0,35.957222,1.26529,0.022447966,0.14298107,1.2541311,1.0
4660,1.3683035,1.128202,1.074559,0.7994756,0.0,0.0,1.0,35.946274,1.3683035,0.021944785,0.10733036,0.94142777,0.0
4661,0.93396086,1.0390203,0.99526584,0.7788154,0.0,0.0,1.0,32.31316,0.9315955,0.0,0.11483514,1.0072545,1.0
4662,1.8906195,1.2348659,1.0892688,0.80952054,0.0,0.0,1.0,35.957222,1.8906195,0.022447966,0.10082442,0.88436216,0.0
4663,0.5753352,0.96626717,0.9078288,0.75767404,0.0,0.0,1.0,35.957222,0.5753352,0.022447966,0.1090465,0.9564805,0.0
4664,0.8152098,1.0143372,0.9713258,0.6620739,0.0,0.0,1.0,31.582157,0.8107263,0.0,0.11580947,1.0158006,1.0
4665,0.82278186,1.0167991,1.0465715,0.79423666,0.0,0.0,1.0,35.957222,0.82278186,0.022447966,0.109413646,0.9597009,0.0
4666,0.61482406,0.9743313,0.89397764,0.85732627,0.0,0.0,1.0,32.31316,0.61482406,0.0,0.10411919,0.9132616,0.0
4667,0.038554717,0.85634184,0.94167906,0.6620739,0.0,0.0,1.0,35.957222,0.037048765,0.022447966,0.1272486,1.1161368,1.0
4668,1.6893244,1.1937587,1.0147417,0.82220733,0.0,0.0,1.0,40.79542,1.6893244,0.24481234,0.0998965,0.876223,0.0
4669,0.6629033,0.98414975,1.0603378,0.76949096,0.0,0.0,1.0,40.79542,0.6629033,0.24481234,0.108166695,0.9487635,0.0
4670,1.2440895,1.1028358,0.9891072,0.79450506,0.0,0.0,1.0,41.479343,1.2440895,0.27624547,0.062397413,0.547307,0.0
4671,0.4978289,0.95043933,0.84453654,0.68776137,0.0,0.0,1.0,41.479343,0.4978289,0.27624547,0.08278233,0.7261094,0.0
4672,0.96626836,1.046101,0.8805925,0.77287763,0.0,0.0,1.0,34.35686,0.96626836,0.0,0.08264034,0.724864,0.0
4673,0.64978653,0.9814711,0.84563106,0.64196604,0.0,0.0,1.0,29.658535,0.64978653,0.0,0.085768536,0.75230235,0.0
4674,1.1162964,1.0767387,0.823002,0.8434183,0.0,0.0,1.0,26.98975,1.1162964,0.0,0.102102004,0.89556825,0.0
4675,0.9711666,1.0471013,0.97981554,0.7219474,0.0,0.0,1.0,28.077227,0.9711666,0.0,0.09727282,0.85321,0.0
4676,1.0250734,1.0581098,0.93405265,0.75366056,0.0,0.0,1.0,34.35686,1.0250734,0.0,0.0795999,0.69819534,0.0
4677,1.132869,1.0801231,0.8932465,0.81688875,0.0,0.0,1.0,19.162825,1.132869,0.0,0.081273645,0.71287626,0.0
4678,1.577062,1.1708332,0.89902693,0.7543469,0.0,0.0,1.0,19.162825,1.577062,0.0,0.108855665,0.9548067,0.0
4679,0.71838367,0.9954796,0.8353905,0.7797231,0.0,0.0,1.0,15.671642,0.71838367,0.0,0.11327921,0.9936069,0.0
4680,0.81104267,1.0144018,0.956598,0.748425,0.0,0.0,1.0,19.179344,0.81104267,0.0,0.10516151,0.9224041,0.0
4681,0.68964255,0.98961025,0.7526463,0.7475692,0.0,0.0,1.0,19.085035,0.68964255,0.0,0.112191714,0.9840682,0.0
4682,0.49427328,0.94971323,0.88217634,0.79965055,0.0,0.0,1.0,18.590883,0.49427328,0.0,0.076697856,0.6727406,0.0
4683,0.26197785,0.9022754,0.8302924,0.71353215,0.0,0.0,1.0,19.085035,0.26197785,0.0,0.08326841,0.73037297,0.0
4684,0.0,0.8483615,0.76436186,0.7649992,0.0,0.0,1.0,15.685152,0.0,0.0,0.09779474,0.8577879,0.0
4685,1.2674196,1.1076001,1.0368005,0.87056667,0.0,0.0,1.0,15.714201,1.2674196,0.0,0.089141175,0.7818848,0.0
4686,0.2236612,0.8944506,0.8786511,0.75784105,0.0,0.0,1.0,18.622847,0.2236612,0.0,0.10869442,0.9533923,0.0
4687,0.8713573,1.0267189,0.8928788,0.67220706,0.0,0.0,1.0,18.636742,0.8713573,0.0,0.11157535,0.9786619,0.0
4688,1.5988258,1.1752777,1.330278,0.7042425,0.0,0.0,1.0,18.622847,1.5988258,0.0,0.09785246,0.8582942,0.0
4689,0.7905953,1.0019813,0.9512303,0.62547857,0.0,0.0,1.0,41.41948,0.7502213,0.27349412,0.13153796,1.1537601,1.0
4690,0.987274,1.0503906,1.0594194,0.7403294,0.0,0.0,1.0,47.83913,0.987274,0.56854224,0.08912072,0.7817054,0.0
4691,0.93591577,1.0399026,0.967406,0.7978018,0.0,0.0,1.0,54.09758,0.93591577,0.8561815,0.10596196,0.9294251,0.0
4692,0.5368128,0.8819951,0.9410327,0.8136486,0.0,0.0,1.0,50.068752,0.16266853,0.671016,0.11400163,0.99994355,0.0
4693,1.5562301,1.1567711,1.0401229,1.0677135,0.0,0.0,1.0,47.83913,1.5082018,0.56854224,0.124381095,1.0909851,1.0
4694,0.9951928,1.0353154,0.98754704,0.79375327,0.0,0.0,1.0,50.068752,0.91345316,0.671016,0.14315644,1.2556694,1.0
4695,1.046096,1.0624028,1.5117756,0.84659743,0.0,0.0,1.0,47.516247,1.046096,0.5537025,0.098923855,0.8676917,0.0
4696,0.5266649,0.88945526,0.8520312,0.6332953,0.0,0.0,1.0,49.792755,0.1991998,0.6583311,0.121341236,1.0643215,1.0
4697,0.5266649,0.9358324,1.4226191,0.9008632,0.0,0.0,1.0,49.792755,0.42630103,0.6583311,0.1171162,1.0272623,1.0
4698,0.9741883,1.0388035,1.0076244,0.92130023,0.0,0.0,1.0,49.792755,0.93053365,0.6583311,0.12928958,1.1340389,1.0
4699,1.4506845,1.1450253,1.3647317,1.0516855,0.0,0.0,1.0,51.33344,1.4506845,0.7291412,0.11131125,0.97634536,0.0
4700,1.3156092,1.117441,1.4516537,0.89087087,0.0,0.0,1.0,54.032917,1.3156092,0.8532096,0.11087351,0.97250587,0.0
4701,1.0689656,1.0670731,0.95376134,0.9437485,0.0,0.0,1.0,52.904568,1.0689656,0.8013505,0.082703665,0.7254194,0.0
4702,0.9614478,1.0451165,0.95652866,0.8655467,0.0,0.0,1.0,52.904568,0.9614478,0.8013505,0.07491725,0.6571223,0.0
4703,0.9753234,1.0357289,0.8759183,0.77655214,0.0,0.0,1.0,55.50221,0.91547817,0.92073846,0.13530166,1.1867727,1.0
4704,0.8915509,1.0308427,0.87011653,0.7848927,0.0,0.0,1.0,52.904568,0.8915509,0.8013505,0.10558088,0.92608255,0.0
4705,0.7849024,1.0090636,0.86350495,0.7281781,0.0,0.0,1.0,52.904568,0.7849024,0.8013505,0.056440197,0.4950544,0.0
4706,0.6496225,0.9814376,0.860124,0.7177524,0.0,0.0,1.0,52.904568,0.6496225,0.8013505,0.08294204,0.7275103,0.0
4707,0.5007333,0.95103246,0.84489536,0.8316563,0.0,0.0,1.0,28.046547,0.5007333,0.0,0.09154482,0.8029679,0.0
4708,0.77922136,1.0079035,0.889435,1.0119451,0.0,0.0,1.0,28.046547,0.77922136,0.0,0.09087034,0.79705185,0.0
4709,0.7102739,0.99382347,0.89937806,0.8001466,0.0,0.0,1.0,28.720728,0.7102739,0.0,0.097379304,0.854144,0.0
4710,0.6788111,0.9873983,0.8086896,0.7602683,0.0,0.0,1.0,29.42514,0.6788111,0.0,0.068605945,0.60176396,0.0
4711,0.0,0.84335166,0.85142934,0.82797605,0.0,0.0,1.0,30.357424,0.0,0.0,0.08949343,0.7849745,0.0
4712,0.0,0.78628457,0.73252267,0.7481118,0.0,0.0,1.0,29.60874,0.0,0.0,0.09370084,0.821879,0.0
4713,0.46688935,0.9414137,0.9206591,0.810966,0.0,0.0,1.0,31.076942,0.45363185,0.0,0.12352783,1.0835007,1.0
4714,1.5038885,1.1558902,1.0577766,0.87593096,0.0,0.0,1.0,31.076942,1.5038885,0.0,0.08483019,0.7440718,0.0
4715,0.94347537,1.0414463,0.88450307,0.83997285,0.0,0.0,1.0,30.290459,0.94347537,0.0,0.101143114,0.8871575,0.0
4716,1.350815,1.1246306,0.9461892,0.7438719,0.0,0.0,1.0,30.290459,1.350815,0.0,0.0714092,0.6263522,0.0
4717,0.7427619,0.98873204,0.9151935,0.8404929,0.0,0.0,1.0,55.670048,0.6853421,0.9284524,0.09316314,0.8171627,0.0
4718,0.7427619,0.9848387,0.86983883,0.7864605,0.0,0.0,1.0,55.670048,0.6662771,0.9284524,0.085546054,0.7503509,0.0
4719,0.85620433,1.0236244,1.0210267,0.719611,0.0,0.0,1.0,55.670048,0.85620433,0.9284524,0.06838014,0.59978336,0.0
4720,1.2659298,1.1072959,0.9825259,0.7141325,0.0,0.0,1.0,49.616253,1.2659298,0.650219,0.07789119,0.68320775,0.0
4721,0.6606678,0.98306453,1.0191932,0.7882161,0.0,0.0,1.0,48.465534,0.6575892,0.5973318,0.11553304,1.013376,1.0
4722,0.9552268,1.0438461,0.9879934,0.759988,0.0,0.0,1.0,50.128456,0.9552268,0.67376,0.090778835,0.7962492,0.0
4723,1.0003738,1.0530658,1.038532,0.68438655,0.0,0.0,1.0,50.128456,1.0003738,0.67376,0.07762567,0.68087876,0.0
4724,1.0844191,1.0702289,0.7718645,0.7822961,0.0,0.0,1.0,50.128456,1.0844191,0.67376,0.09700305,0.8508437,0.0
4725,1.4683285,1.1135576,0.975816,0.7897423,0.0,0.0,1.0,52.45727,1.2965924,0.7807927,0.1571526,1.378434,1.0
4726,2.4064467,1.28955,1.0663514,0.7948356,0.0,0.0,1.0,50.128456,2.1583984,0.67376,0.15144259,1.3283497,1.0
4727,1.6587943,1.1875241,1.0919279,0.8076761,0.0,0.0,1.0,50.611897,1.6587943,0.695979,0.091116615,0.799212,0.0
4728,1.3167083,1.1176655,0.9953533,0.748972,0.0,0.0,1.0,50.128456,1.3167083,0.67376,0.11282462,0.9896196,0.0
4729,1.2339636,1.09516,0.9550771,0.8316358,0.0,0.0,1.0,50.611897,1.2065024,0.695979,0.12142216,1.0650313,1.0
4730,1.1144123,1.0584899,0.9311349,0.8064991,0.0,0.0,1.0,52.45727,1.026935,0.7807927,0.14175533,1.2433798,1.0
4731,1.2359338,1.0841842,0.8853122,0.91796607,0.0,0.0,1.0,50.128456,1.1527556,0.67376,0.13751194,1.2061597,1.0
4732,1.2720388,1.1085434,1.1895828,0.8505454,0.0,0.0,1.0,50.128456,1.2720388,0.67376,0.09255388,0.81181866,0.0
4733,0.71487916,0.9947639,0.909278,0.77562267,0.0,0.0,1.0,47.59976,0.71487916,0.55754066,0.101733394,0.89233506,0.0
4734,1.1320903,1.079964,1.1477627,0.8996527,0.0,0.0,1.0,47.59976,1.1320903,0.55754066,0.08687185,0.7619798,0.0
4735,0.77495885,1.007033,0.916298,0.631139,0.0,0.0,1.0,50.128456,0.77495885,0.67376,0.11315756,0.99253994,0.0
4736,0.4457425,0.9398026,0.84030706,0.6422459,0.0,0.0,1.0,28.046547,0.4457425,0.0,0.09283505,0.81428486,0.0
4737,0.8367663,1.0117255,0.8450355,0.841077,0.0,0.0,1.0,28.613924,0.7979375,0.0,0.12985893,1.1390327,1.0
4738,1.2578512,1.1054097,1.0802747,0.7542708,0.0,0.0,1.0,28.613924,1.2566937,0.0,0.114308104,1.0026317,1.0
4739,0.23547013,0.89686215,0.81265324,0.63555384,0.0,0.0,1.0,28.046547,0.23547013,0.0,0.08953218,0.78531444,0.0
4740,0.4943702,0.949733,0.84334975,0.7523808,0.0,0.0,1.0,28.046547,0.4943702,0.0,0.07905452,0.6934116,0.0
4741,1.0859118,1.0705338,0.94118196,0.82547426,0.0,0.0,1.0,30.35807,1.0859118,0.0,0.10934899,0.9591338,0.0
4742,0.88217413,1.0209208,0.911932,0.7780257,0.0,0.0,1.0,34.15216,0.84296495,0.0,0.12915923,1.1328955,1.0
4743,0.24104144,0.8979999,1.1416043,0.76098317,0.0,0.0,1.0,31.148075,0.24104144,0.0,0.09030972,0.7921344,0.0
4744,0.682019,0.974997,0.87143594,0.82015127,0.0,0.0,1.0,30.35807,0.6180837,0.0,0.1477027,1.2955459,1.0
4745,0.47498828,0.945775,0.9320982,0.7104482,0.0,0.0,1.0,30.35807,0.47498828,0.0,0.087797694,0.7701007,0.0
4746,1.0881883,1.0709987,1.0482581,0.8586288,0.0,0.0,1.0,31.524265,1.0881883,0.0,0.11136305,0.9767997,0.0
4747,0.5525206,0.9616081,0.90804577,0.85908693,0.0,0.0,1.0,32.663406,0.5525206,0.0,0.107189424,0.94019157,0.0
4748,1.6032711,1.1761855,1.1889145,0.8450567,0.0,0.0,1.0,58.334328,1.6032711,1.0509031,0.09811896,0.8606317,0.0
4749,0.732374,0.76278055,0.9356545,0.9255373,0.0,0.0,1.0,55.387524,0.0,0.9154675,0.1337045,1.1727635,1.0
4750,1.1603682,1.0857388,1.2234563,0.7631847,0.0,0.0,1.0,54.519516,1.1603682,0.87557375,0.101702,0.8920596,0.0
4751,1.0328606,1.0597,1.0258437,0.7077451,0.0,0.0,1.0,56.193375,1.0328606,0.9525045,0.11127626,0.97603846,0.0
4752,0.8292214,0.9611231,1.0012864,0.82891846,0.0,0.0,1.0,58.02153,0.5501456,1.0365268,0.12621853,1.1071017,1.0
4753,1.2970068,1.1136422,1.0414902,0.7836303,0.0,0.0,1.0,60.09128,1.2970068,1.131653,0.112254806,0.9846216,0.0
4754,0.9053224,1.008718,1.256542,1.0060151,0.0,0.0,1.0,60.09128,0.7832101,1.131653,0.12531002,1.0991329,1.0
4755,1.1186932,1.0772282,1.1062169,0.7510558,0.0,0.0,1.0,54.524284,1.1186932,0.8757929,0.08666631,0.76017696,0.0
4756,1.682687,1.1877005,0.99614173,0.82589084,0.0,0.0,1.0,54.524284,1.6596583,0.8757929,0.11852786,1.0396445,1.0
4757,1.7000998,1.1959592,1.1379784,0.7170692,0.0,0.0,1.0,56.816284,1.7000998,0.9811336,0.09998697,0.8770166,0.0
4758,1.9677665,1.2506204,0.9797245,0.8055668,0.0,0.0,1.0,60.09128,1.9677665,1.131653,0.107344106,0.94154835,0.0
4759,1.5157088,1.1583041,1.054693,0.77966356,0.0,0.0,1.0,63.914875,1.5157088,1.3073858,0.09702729,0.85105634,0.0
4760,1.3622174,1.1269591,1.0993953,0.70507365,0.0,0.0,1.0,63.914875,1.3622174,1.3073858,0.105121225,0.9220508,0.0
4761,1.8188547,1.2202106,1.0849802,0.92464083,0.0,0.0,1.0,63.914875,1.8188547,1.3073858,0.10774329,0.9450497,0.0
4762,1.5385293,1.1629643,1.0243053,0.762686,0.0,0.0,1.0,63.914875,1.5385293,1.3073858,0.111609526,0.97896165,0.0
4763,1.2050157,1.0948564,1.0436058,0.85234255,0.0,0.0,1.0,63.09663,1.2050157,1.2697792,0.10589967,0.9288787,0.0
4764,1.1035572,1.0741372,1.0226717,0.8819063,0.0,0.0,1.0,58.02153,1.1035572,1.0365268,0.10740737,0.9421032,0.0
4765,0.98374873,1.0496707,0.9445503,0.64736515,0.0,0.0,1.0,60.09128,0.98374873,1.131653,0.10431806,0.9150059,0.0
4766,1.0269345,1.0584898,0.91870135,0.7313913,0.0,0.0,1.0,56.816284,1.0269345,0.9811336,0.108493984,0.9516342,0.0
4767,1.24173,1.1023539,0.9658137,0.8335711,0.0,0.0,1.0,54.786636,1.24173,0.88785064,0.10047805,0.88132405,0.0
4768,0.85707235,1.0005487,0.8103186,0.80201936,0.0,0.0,1.0,58.779003,0.7432064,1.0713404,0.10887643,0.9549888,0.0
4769,1.0584948,1.0649348,0.8575128,0.8678219,0.0,0.0,1.0,32.84569,1.0584948,0.0,0.09364418,0.82138205,0.0
4770,1.104628,1.0712646,0.965092,0.7731429,0.0,0.0,1.0,32.84569,1.0894907,0.0,0.118533865,1.0396972,1.0
4771,0.33034623,0.91611165,0.7070088,0.69970506,0.0,0.0,1.0,35.296967,0.3297318,0.0,0.11461508,1.0053244,1.0
4772,0.0,0.84336,0.8037258,0.6924923,0.0,0.0,1.0,35.458168,0.0,0.0,0.109803006,0.9631161,0.0
4773,0.023970095,0.8535458,0.9240985,0.73058534,0.0,0.0,1.0,34.475784,0.023356944,0.0,0.122559115,1.0750039,1.0
4774,0.7588135,1.0037359,0.8963765,0.77373254,0.0,0.0,1.0,34.131325,0.7588135,0.0,0.10948143,0.96029544,0.0
4775,0.71824193,0.9893667,0.9173351,0.7364525,0.0,0.0,1.0,34.131325,0.6884499,0.0,0.12810403,1.1236401,1.0
4776,0.98786706,1.0505117,0.97430843,0.7387776,0.0,0.0,1.0,34.131325,0.98786706,0.0,0.104362495,0.9153957,0.0
4777,0.8684362,1.0261223,0.91203254,0.7686764,0.0,0.0,1.0,34.706123,0.8684362,0.0,0.097731985,0.85723746,0.0
4778,0.2959135,0.9092055,0.97416335,0.71062136,0.0,0.0,1.0,35.41256,0.2959135,0.0,0.08580447,0.75261754,0.0
4779,0.0,0.7539264,0.838254,0.6888574,0.0,0.0,1.0,35.249058,0.0,0.0,0.1304602,1.1443068,1.0
4780,0.4017979,0.9308285,0.76823837,0.8390244,0.0,0.0,1.0,36.466976,0.4017979,0.045876343,0.10866483,0.9531328,0.0
4781,1.1377089,1.0811114,0.9419852,0.7098077,0.0,0.0,1.0,65.9314,1.1377089,1.4000654,0.09647203,0.846186,0.0
4782,1.4705874,1.1490897,1.0517228,0.92517006,0.0,0.0,1.0,60.25941,1.4705874,1.1393802,0.11057331,0.96987265,0.0
4783,1.1494316,0.90818447,0.8195706,0.68846786,0.0,0.0,1.0,66.73044,0.2909137,1.4367895,0.054537307,0.47836357,0.0
4784,1.4446404,1.0586374,1.0274284,0.77018774,0.0,0.0,1.0,74.75937,1.0276572,1.8058004,0.09938384,0.87172633,0.0
4785,1.6143961,0.8834558,0.90129656,0.75415015,0.0,0.0,1.0,79.3763,0.16982149,2.017995,0.118244976,1.0371633,1.0
4786,1.6753342,1.1143339,1.0154384,0.6396023,0.0,0.0,1.0,81.03366,1.3003938,2.0941677,0.075633965,0.6634089,0.0
4787,1.7167119,1.0920877,1.002617,0.885873,0.0,0.0,1.0,82.15903,1.1914581,2.1458898,0.11337852,0.994478,0.0
4788,1.7662853,0.9914631,1.0541006,0.90186423,0.0,0.0,1.0,83.5073,0.69871575,2.2078567,0.12959138,1.136686,1.0
4789,1.9350522,1.2439396,1.0625179,0.8562927,0.0,0.0,1.0,80.109924,1.9350522,2.0517128,0.087073274,0.7637466,0.0
4790,1.6413702,0.9577727,0.9873757,0.8835331,0.0,0.0,1.0,80.109924,0.53373903,2.0517128,0.08093804,0.70993257,0.0
4791,1.4911834,1.1207095,0.9630167,0.7922189,0.0,0.0,1.0,76.02522,1.3316144,1.8639792,0.10812095,0.94836223,0.0
4792,1.5678962,1.0525106,1.0517819,0.7574596,0.0,0.0,1.0,78.11162,0.9976554,1.9598702,0.121779926,1.0681694,1.0
4793,1.4647776,1.1456739,1.0968999,0.6529406,0.0,0.0,1.0,75.30705,1.4538606,1.830972,0.075062044,0.65839237,0.0
4794,1.4771636,1.1175344,1.057857,0.8850432,0.0,0.0,1.0,75.30705,1.3160663,1.830972,0.15388097,1.3497375,1.0
4795,1.4655647,1.0951912,1.0074333,0.7672189,0.0,0.0,1.0,75.32846,1.2066554,1.8319559,0.13701594,1.2018092,1.0
4796,1.4647776,1.0895898,1.0184367,0.92210984,0.0,0.0,1.0,75.30705,1.1792263,1.830972,0.16674826,1.4626005,1.0
4797,1.4647776,1.0824573,0.9559542,0.760683,0.0,0.0,1.0,75.30705,1.1442994,1.830972,0.13668641,1.1989188,1.0
4798,1.5484265,0.939977,0.9905918,0.63466454,0.0,0.0,1.0,77.58209,0.4465965,1.9355332,0.15141091,1.3280718,1.0
4799,1.4446404,1.0546893,0.95922995,0.78466547,0.0,0.0,1.0,74.75937,1.0083239,1.8058004,0.13984215,1.2265987,1.0
4800,1.7354177,1.2031716,1.0853126,0.71269524,0.0,0.0,1.0,74.75937,1.7354177,1.8058004,0.10870836,0.95351464,0.0
4801,1.1516746,1.0304676,0.8815449,0.7351182,0.0,0.0,1.0,66.79144,0.8897144,1.4395933,0.11955623,1.0486647,1.0
4802,1.2112173,1.075349,1.0107416,0.6207511,0.0,0.0,1.0,37.49376,1.1094911,0.093067445,0.143874,1.2619634,1.0
4803,0.60601646,0.9663827,0.82058716,0.6895923,0.0,0.0,1.0,33.681854,0.57590085,0.0,0.13104187,1.1494087,1.0
4804,1.1346245,1.0754026,1.0268662,0.71269524,0.0,0.0,1.0,32.7468,1.1097537,0.0,0.121308215,1.0640318,1.0
4805,1.0826182,1.0600988,0.78473824,0.94728917,0.0,0.0,1.0,31.34031,1.0348133,0.0,0.12905605,1.1319906,1.0
4806,0.0,0.84284306,0.9513599,0.83520174,0.0,0.0,1.0,29.922472,0.0,0.0,0.13737094,1.204923,1.0
4807,0.553396,0.96093166,0.8867392,0.780902,0.0,0.0,1.0,30.836184,0.5492081,0.0,0.11649192,1.0217867,1.0
4808,1.228783,1.09971,0.91435647,0.9219508,0.0,0.0,1.0,53.40849,1.228783,0.8245108,0.09740353,0.8543564,0.0
4809,1.1634946,1.0833923,0.9634099,0.6605293,0.0,0.0,1.0,50.223675,1.1488777,0.6781362,0.118152335,1.0363506,1.0
4810,1.3515118,1.1032251,0.9861607,0.83884174,0.0,0.0,1.0,47.41503,1.245996,0.54905057,0.14159279,1.2419541,1.0
4811,1.7055421,1.1970706,1.2141982,0.67866313,0.0,0.0,1.0,48.693497,1.7055421,0.60780907,0.07965523,0.69868064,0.0
4812,1.8406396,1.198557,1.1159005,0.69050896,0.0,0.0,1.0,52.3304,1.7128209,0.7749616,0.13831611,1.2132133,1.0
4813,1.4782073,1.141236,1.1633906,0.704485,0.0,0.0,1.0,50.67213,1.4321289,0.69874734,0.12448863,1.0919282,1.0
4814,1.3018548,1.1134216,1.1794429,0.7121204,0.0,0.0,1.0,50.223675,1.2959263,0.6781362,0.11549824,1.0130707,1.0
4815,1.735725,1.199553,1.1426073,0.8118873,0.0,0.0,1.0,48.693497,1.7176981,0.60780907,0.11742663,1.0299852,1.0
4816,2.0069861,1.2359959,1.1786516,0.7191352,0.0,0.0,1.0,47.332867,1.8961529,0.54527426,0.13304795,1.1670047,1.0
4817,2.3875127,1.3007363,1.2935039,0.6047885,0.0,0.0,1.0,45.876453,2.2131763,0.47833732,0.1396671,1.2250632,1.0
4818,1.5019288,1.15549,1.1283323,0.729912,0.0,0.0,1.0,41.280186,1.5019288,0.26709217,0.10582236,0.92820066,0.0
4819,2.1536217,1.2885745,1.1395289,0.7182922,0.0,0.0,1.0,47.63018,2.1536217,0.55893886,0.10438994,0.9156364,0.0
4820,1.4771563,1.1494149,1.2914497,0.90704894,0.0,0.0,1.0,41.993675,1.4721799,0.29988426,0.11510917,1.0096581,1.0
4821,1.4775387,1.1505092,1.1838728,0.71636564,0.0,0.0,1.0,42.718254,1.4775387,0.333186,0.091063224,0.79874367,0.0
4822,1.9320785,1.2433324,1.273345,0.71420306,0.0,0.0,1.0,37.789303,1.9320785,0.10665067,0.090639114,0.7950237,0.0
4823,2.2851067,1.3035706,1.2883077,0.7406253,0.0,0.0,1.0,37.789303,2.2270553,0.10665067,0.122498885,1.0744755,1.0
4824,1.9528244,1.247569,1.214813,0.8398079,0.0,0.0,1.0,35.60558,1.9528244,0.006286419,0.11246631,0.9864768,0.0
4825,2.0312803,1.2635907,1.2403373,0.71380633,0.0,0.0,1.0,32.588333,2.0312803,0.0,0.088406004,0.7754364,0.0
4826,2.552354,1.3088086,1.2396891,0.8007806,0.0,0.0,1.0,30.602655,2.2527046,0.0,0.15733689,1.3800505,1.0
4827,1.820509,1.2205484,1.2260069,0.71402735,0.0,0.0,1.0,33.58853,1.820509,0.0,0.07549954,0.66222984,0.0
4828,1.7247576,1.1998738,1.2703094,0.6044239,0.0,0.0,1.0,34.098663,1.7192689,0.0,0.11504794,1.0091211,1.0
4829,3.2493472,1.5123364,1.4236528,0.9864523,0.0,0.0,1.0,18.723286,3.2493472,0.0,0.10246987,0.8987949,0.0
4830,2.5156233,1.3625001,1.3048114,0.77515244,0.0,0.0,1.0,18.723286,2.5156233,0.0,0.11019603,0.96656346,0.0
4831,2.4747808,1.3541595,1.2382584,0.82641834,0.0,0.0,1.0,17.934528,2.4747808,0.0,0.09925811,0.8706235,0.0
4832,1.9936197,1.2558999,1.137813,0.77589947,0.0,0.0,1.0,17.56683,1.9936197,0.0,0.08742299,0.76681405,0.0
4833,1.4001247,1.1259736,1.1806309,0.9016972,0.0,0.0,1.0,17.902552,1.3573916,0.0,0.12426284,1.0899478,1.0
4834,1.9232897,1.2415376,1.1581628,0.7426726,0.0,0.0,1.0,18.272675,1.9232897,0.0,0.08317918,0.7295903,0.0
4835,2.4494221,1.3489809,1.2419643,0.67086905,0.0,0.0,1.0,17.902552,2.4494221,0.0,0.10301827,0.90360504,0.0
4836,2.504629,1.3602549,1.2777218,0.61947966,0.0,0.0,1.0,17.902552,2.504629,0.0,0.11114474,0.9748848,0.0
4837,1.812584,1.1980404,1.0829897,0.7946936,0.0,0.0,1.0,17.902552,1.7102909,0.0,0.13349053,1.1708868,1.0
4838,2.3784857,1.3344947,1.1467059,0.78359056,0.0,0.0,1.0,17.282963,2.3784857,0.0,0.11071027,0.971074,0.0
4839,2.701641,1.3693763,1.3087844,0.74331963,0.0,0.0,1.0,31.0521,2.5492952,0.0,0.13347411,1.1707426,1.0
4840,1.8429775,1.2251368,1.1720834,0.786573,0.0,0.0,1.0,31.0521,1.8429775,0.0,0.08640062,0.75784653,0.0
4841,2.5351493,1.3249513,1.1462178,0.7545566,0.0,0.0,1.0,30.488855,2.331753,0.0,0.14242177,1.2492254,1.0
4842,2.8096833,1.373078,1.222721,0.7759378,0.0,0.0,1.0,30.488855,2.5674217,0.0,0.14474462,1.2695998,1.0
4843,2.1438067,1.2817814,1.2747849,0.70356023,0.0,0.0,1.0,30.488855,2.1203573,0.0,0.11761046,1.0315977,1.0
4844,2.8304658,1.4267951,1.3839208,0.71863323,0.0,0.0,1.0,29.226042,2.8304658,0.0,0.09257641,0.81201625,0.0
4845,1.8728933,1.2141584,1.269561,0.6639882,0.0,0.0,1.0,28.541725,1.7892183,0.0,0.12924159,1.1336179,1.0
4846,2.4267335,1.3443476,1.286035,0.77030164,0.0,0.0,1.0,29.226042,2.4267335,0.0,0.081682384,0.7164614,0.0
4847,2.538974,1.3225421,1.2215046,0.8320838,0.0,0.0,1.0,29.226042,2.3199556,0.0,0.14475976,1.2697326,1.0
4848,2.1030147,1.2263243,1.1487932,0.78737044,0.0,0.0,1.0,29.226042,1.8487928,0.0,0.15879925,1.3928772,1.0
4849,2.508362,1.3610172,1.2092971,0.9318847,0.0,0.0,1.0,29.226042,2.508362,0.0,0.09598513,0.84191525,0.0
4850,1.6836653,1.1901293,1.2470763,0.73272955,0.0,0.0,1.0,29.207592,1.6715516,0.0,0.11636869,1.0207057,1.0
4851,1.9324083,1.2433997,1.2331009,0.8085463,0.0,0.0,1.0,32.992577,1.9324083,0.0,0.10611029,0.9307261,0.0
4852,2.4434025,1.3263316,1.2416512,0.94368094,0.0,0.0,1.0,32.992577,2.3385122,0.0,0.12861852,1.1281528,1.0
4853,2.206555,1.2680004,1.3250743,0.85473764,0.0,0.0,1.0,33.944103,2.0528736,0.0,0.13839325,1.21389,1.0
4854,2.6794271,1.3603953,1.2665524,0.75028694,0.0,0.0,1.0,32.641994,2.5053167,0.0,0.13664564,1.1985612,1.0
4855,1.8615255,1.2289245,1.2038217,0.57479393,0.0,0.0,1.0,30.720043,1.8615255,0.0,0.09415696,0.82587975,0.0
4856,2.0236862,1.2620399,1.1372492,0.73935485,0.0,0.0,1.0,25.092562,2.0236862,0.0,0.113961205,0.99958897,0.0
4857,2.0651393,1.2705052,1.2595457,0.81822854,0.0,0.0,1.0,25.854805,2.0651393,0.0,0.09949181,0.87267345,0.0
4858,2.934196,1.4199929,1.1626533,0.906978,0.0,0.0,1.0,25.854805,2.7971563,0.0,0.12996675,1.1399785,1.0
4859,1.7979313,1.2159377,1.224358,0.9319998,0.0,0.0,1.0,30.692804,1.7979313,0.0,0.105051346,0.9214378,0.0
4860,2.236355,1.3054698,1.1344516,0.92183363,0.0,0.0,1.0,14.351242,2.236355,0.0,0.089848496,0.7880889,0.0
4861,1.6983229,1.1955963,1.0102793,0.82425874,0.0,0.0,1.0,14.365189,1.6983229,0.0,0.11138079,0.97695535,0.0
4862,1.8818172,1.2316297,1.0624329,0.7878687,0.0,0.0,1.0,14.365189,1.8747725,0.0,0.11523207,1.0107361,1.0
4863,2.0009181,1.2573904,1.0761918,0.74898595,0.0,0.0,1.0,14.365189,2.0009181,0.0,0.10196531,0.89436924,0.0
4864,1.6685634,1.189519,1.1352844,0.79329515,0.0,0.0,1.0,17.053228,1.6685634,0.0,0.11068711,0.9708708,0.0
4865,1.0462437,1.062433,1.009973,0.74784106,0.0,0.0,1.0,14.192222,1.0462437,0.0,0.08393328,0.73620474,0.0
4866,1.1334038,1.0802323,0.9457346,0.8028439,0.0,0.0,1.0,16.600838,1.1334038,0.0,0.10381505,0.91059387,0.0
4867,1.7859617,1.1916255,1.0447918,0.84899324,0.0,0.0,1.0,15.851567,1.6788782,0.0,0.1347845,1.1822366,1.0
4868,1.722528,1.2005394,1.1336185,0.7595744,0.0,0.0,1.0,17.167622,1.722528,0.0,0.09845963,0.86361986,0.0
4869,1.8724433,1.2311541,1.0084729,0.7715069,0.0,0.0,1.0,17.167622,1.8724433,0.0,0.09873897,0.86607,0.0
4870,1.8305699,1.222603,1.0826303,0.8411228,0.0,0.0,1.0,16.83177,1.8305699,0.0,0.09908466,0.8691022,0.0
4871,1.2859832,1.0926577,0.9953496,0.7869883,0.0,0.0,1.0,19.078684,1.194249,0.0,0.139029,1.2194663,1.0
4872,2.6149359,1.3294303,1.1512663,0.90577674,0.0,0.0,1.0,19.233406,2.353686,0.0,0.15016359,1.3171313,1.0
4873,1.497891,1.1529428,1.060735,0.8090024,0.0,0.0,1.0,19.465935,1.4894553,0.0,0.11585289,1.0161815,1.0
4874,2.1288784,1.2835215,1.1409205,0.77240884,0.0,0.0,1.0,18.645115,2.1288784,0.0,0.110867046,0.9724491,0.0
4875,2.609886,1.3817497,1.2268044,0.9554139,0.0,0.0,1.0,18.645115,2.609886,0.0,0.09507411,0.8339244,0.0
4876,2.3810248,1.3350133,1.2312729,0.8998788,0.0,0.0,1.0,34.48654,2.3810248,0.0,0.10704782,0.93894947,0.0
4877,2.075813,1.2726849,1.2027849,0.90897673,0.0,0.0,1.0,35.140705,2.075813,0.0,0.11347629,0.99533564,0.0
4878,2.2504818,1.2615267,1.2177724,0.818851,0.0,0.0,1.0,35.156998,2.0211732,0.0,0.15096405,1.3241524,1.0
4879,3.2707658,1.4259564,1.3328538,0.7813142,0.0,0.0,1.0,39.562237,2.8263586,0.18813498,0.16522592,1.4492476,1.0
4880,2.0871472,1.2665702,1.2112849,0.9110461,0.0,0.0,1.0,39.562237,2.0458703,0.18813498,0.120580055,1.057645,1.0
4881,2.342286,1.3271023,1.2404436,0.75068665,0.0,0.0,1.0,41.613197,2.342286,0.28239742,0.085123636,0.7466457,0.0
4882,2.8039231,1.3636222,1.2491812,0.87461126,0.0,0.0,1.0,47.436184,2.5211182,0.5500228,0.15054744,1.3204981,1.0
4883,2.6886365,1.3309175,1.2572628,0.8928007,0.0,0.0,1.0,47.436184,2.3609686,0.5500228,0.15921566,1.3965298,1.0
4884,2.071094,1.2717212,1.2798548,0.6774372,0.0,0.0,1.0,51.68723,2.071094,0.74540144,0.09812384,0.8606745,0.0
4885,1.8538901,1.2273653,1.1444876,0.8345541,0.0,0.0,1.0,49.837944,1.8538901,0.660408,0.10087683,0.88482183,0.0
4886,2.1245975,1.2826474,1.1737841,0.8038126,0.0,0.0,1.0,54.78812,2.1245975,0.88791883,0.09098035,0.7980168,0.0
4887,1.9337838,1.2067783,1.110888,0.8740065,0.0,0.0,1.0,49.837944,1.753079,0.660408,0.14758457,1.2945099,1.0
4888,2.602656,1.3541964,1.215345,0.78341573,0.0,0.0,1.0,54.78812,2.4749618,0.88791883,0.13081428,1.1474125,1.0
4889,1.3387309,1.1135964,1.131006,0.7914195,0.0,0.0,1.0,61.47028,1.2967827,1.1950319,0.124544986,1.0924226,1.0
4890,1.4267433,1.13261,1.0769358,0.8272657,0.0,0.0,1.0,61.47028,1.3898889,1.1950319,0.12264534,1.0757601,1.0
4891,1.3121955,1.102655,1.1097101,0.7259793,0.0,0.0,1.0,63.168495,1.2432045,1.2730821,0.13208473,1.158556,1.0
4892,0.97702974,1.0114596,0.932936,0.7793622,0.0,0.0,1.0,62.041542,0.79663515,1.2212871,0.10768787,0.94456357,0.0
4893,0.97702974,0.9032186,0.8289391,0.7641701,0.0,0.0,1.0,62.041542,0.26659676,1.2212871,0.09896549,0.8680569,0.0
4894,0.7371575,0.99924314,0.8869229,0.902828,0.0,0.0,1.0,34.778973,0.7368132,0.0,0.114160284,1.0013351,1.0
4895,0.0,0.7846011,0.6402562,0.8076271,0.0,0.0,1.0,34.778973,0.0,0.0,0.11245914,0.98641384,0.0
4896,0.21282886,0.8922385,0.8925799,0.92311144,0.0,0.0,1.0,36.246983,0.21282886,0.035765406,0.10110785,0.8868482,0.0
4897,0.34533626,0.9192983,0.86171347,0.7060366,0.0,0.0,1.0,36.246983,0.34533626,0.035765406,0.07572325,0.6641921,0.0
4898,0.7560874,1.0031792,0.8544042,0.79449224,0.0,0.0,1.0,35.495872,0.7560874,0.0012442748,0.112933986,0.9905789,0.0
4899,0.7475022,1.001426,0.84410226,0.81357026,0.0,0.0,1.0,36.246983,0.7475022,0.035765406,0.06933936,0.6081969,0.0
4900,0.91487396,1.0234241,0.71417624,0.8488295,0.0,0.0,1.0,34.2513,0.85522366,0.0,0.13672765,1.1992804,1.0
4901,0.6635837,0.9783259,0.7089887,0.86006564,0.0,0.0,1.0,32.382404,0.6343849,0.0,0.12900077,1.1315056,1.0
4902,1.0789151,1.0341188,0.846202,0.80938834,0.0,0.0,1.0,31.130705,0.9075935,0.0,0.17549579,1.5393277,1.0
4903,0.34597895,0.91579777,0.8316912,0.8556256,0.0,0.0,1.0,28.978523,0.3281948,0.0,0.13165905,1.1548222,1.0
4904,1.8113021,1.165273,0.980729,0.8712268,0.0,0.0,1.0,51.680656,1.5498341,0.74509937,0.16896224,1.48202,1.0
4905,1.3506645,1.1245998,1.0174325,0.65300965,0.0,0.0,1.0,47.687428,1.3506645,0.5615699,0.077216275,0.6772878,0.0
4906,1.2822882,1.1106365,1.0746632,0.83082235,0.0,0.0,1.0,43.674576,1.2822882,0.3771387,0.10057044,0.8821344,0.0
4907,1.3790823,1.1173286,1.1183133,0.9789628,0.0,0.0,1.0,37.20119,1.3150587,0.079620965,0.12986659,1.1391,1.0
4908,0.6637235,0.98431724,1.0009439,0.74276435,0.0,0.0,1.0,35.008625,0.6637235,0.0,0.08647301,0.7584815,0.0
4909,0.9455535,1.0418707,1.1165581,0.68226343,0.0,0.0,1.0,37.20119,0.9455535,0.079620965,0.10116311,0.8873329,0.0
4910,1.2393669,1.1018714,0.9438492,0.80824775,0.0,0.0,1.0,36.242462,1.2393669,0.035557646,0.095008865,0.8333521,0.0
4911,1.6942185,1.1947582,1.0771013,0.7668268,0.0,0.0,1.0,35.008625,1.6942185,0.0,0.085676424,0.7514944,0.0
4912,1.5348711,1.1495136,1.0251247,1.012117,0.0,0.0,1.0,34.193016,1.4726632,0.0,0.1277678,1.1206908,1.0
4913,1.5914397,1.1737694,1.0201826,0.8126164,0.0,0.0,1.0,31.668211,1.5914397,0.0,0.10786862,0.946149,0.0
4914,1.1243988,1.0783933,1.13165,0.8085848,0.0,0.0,1.0,34.128548,1.1243988,0.0,0.10297952,0.9032652,0.0
4915,1.6607447,1.1879224,1.0772516,0.82615614,0.0,0.0,1.0,34.128548,1.6607447,0.0,0.09306057,0.816263,0.0
4916,1.4602637,1.0837339,1.336659,0.72306025,0.0,0.0,1.0,34.395184,1.1505507,0.0,0.20169222,1.7691048,1.0
4917,1.4410447,1.1206837,1.2499008,0.79480195,0.0,0.0,1.0,30.962091,1.3314877,0.0,0.14081031,1.2350907,1.0
4918,1.8159704,1.2196215,1.3051962,0.91755056,0.0,0.0,1.0,30.962091,1.8159704,0.0,0.10070154,0.88328433,0.0
4919,1.3262235,1.1178472,0.9801241,0.80136764,0.0,0.0,1.0,34.395184,1.317598,0.0,0.11614047,1.0187039,1.0
4920,1.418518,1.1210854,1.052259,0.94842845,0.0,0.0,1.0,32.417305,1.333455,0.0,0.13478729,1.182261,1.0
4921,2.0737846,1.2539842,1.2086358,0.90694594,0.0,0.0,1.0,34.055576,1.9842387,0.0,0.12870812,1.1289387,1.0
4922,1.1104082,1.0755363,0.94914937,0.89512765,0.0,0.0,1.0,34.055576,1.1104082,0.0,0.08810327,0.772781,0.0
4923,1.1650914,1.0867033,1.0095086,0.944191,0.0,0.0,1.0,15.578135,1.1650914,0.0,0.10578276,0.9278533,0.0
4924,1.8109571,1.1816399,0.93572176,1.0665032,0.0,0.0,1.0,18.141943,1.6299806,0.0,0.15017466,1.3172283,1.0
4925,1.3740891,1.1293834,1.047629,0.9560723,0.0,0.0,1.0,19.05878,1.3740891,0.0,0.113846816,0.9985856,0.0
4926,0.32863873,0.9158884,0.98278445,0.7995514,0.0,0.0,1.0,18.141943,0.32863873,0.0,0.10852216,0.9518814,0.0
4927,0.053399563,0.8596809,0.7835988,0.6670966,0.0,0.0,1.0,16.828384,0.053399563,0.0,0.109580606,0.96116537,0.0
4928,1.4058222,1.1337444,1.0404159,0.9516477,0.0,0.0,1.0,18.62288,1.3954438,0.0,0.116430685,1.0212495,1.0
4929,0.876703,1.0230858,0.8380898,0.7010744,0.0,0.0,1.0,20.238298,0.853567,0.0,0.12283719,1.077443,1.0
4930,1.2655004,1.083618,1.0391876,0.93901765,0.0,0.0,1.0,17.616688,1.1499834,0.0,0.1467287,1.2870027,1.0
4931,1.4761628,1.1249971,1.3048228,0.8501159,0.0,0.0,1.0,19.132704,1.3526101,0.0,0.1437622,1.2609826,1.0
4932,1.6975092,1.1954302,1.2826765,0.6137766,0.0,0.0,1.0,16.72563,1.6975092,0.0,0.09778659,0.8577164,0.0
4933,0.014648675,0.82383335,0.9552142,0.85837173,0.0,0.0,1.0,35.867207,0.0,0.018310843,0.09759636,0.85604787,0.0
4934,1.4350568,1.129122,1.2219507,0.76247025,0.0,0.0,1.0,35.867207,1.3728089,0.018310843,0.1287781,1.1295525,1.0
4935,0.84936446,1.0119534,0.92559266,0.9194923,0.0,0.0,1.0,29.92336,0.7990531,0.0,0.1345177,1.1798964,1.0
4936,1.2665366,1.0928159,1.1877389,0.89062124,0.0,0.0,1.0,29.92336,1.1950237,0.0,0.1335009,1.1709777,1.0
4937,1.3058589,1.1154499,1.0118847,0.781289,0.0,0.0,1.0,29.92336,1.3058589,0.0,0.096073166,0.8426874,0.0
4938,0.094176434,0.8680081,1.0944043,0.732193,0.0,0.0,1.0,34.22979,0.094176434,0.0,0.07564403,0.66349715,0.0
4939,1.2062517,1.0609115,0.966349,0.63026136,0.0,0.0,1.0,32.188732,1.0387933,0.0,0.16651845,1.4605848,1.0
4940,0.0,0.8006028,1.0316943,0.63811356,0.0,0.0,1.0,32.188732,0.0,0.0,0.16593756,1.4554896,1.0
4941,2.1182492,1.2321805,1.2298994,0.64296514,0.0,0.0,1.0,31.154413,1.8774694,0.0,0.15578291,1.36642,1.0
4942,1.4852272,1.1520793,1.1126479,0.6929934,0.0,0.0,1.0,31.154413,1.4852272,0.0,0.11373802,0.9976313,0.0
4943,1.0212283,1.0573245,1.1585836,0.77755207,0.0,0.0,1.0,27.540176,1.0212283,0.0,0.10970839,0.9622862,0.0
4944,1.204878,1.0948282,0.9921836,0.85315424,0.0,0.0,1.0,31.154413,1.204878,0.0,0.096159324,0.84344316,0.0
4945,2.8939106,1.4240277,1.3653338,0.8099424,0.0,0.0,1.0,27.187826,2.816914,0.0,0.12291164,1.0780959,1.0
4946,1.0444195,1.0506669,1.0352435,0.6992073,0.0,0.0,1.0,26.054497,0.98862714,0.0,0.13239077,1.1612403,1.0
4947,1.4850413,1.1389714,1.1596069,0.8447712,0.0,0.0,1.0,26.054497,1.4210399,0.0,0.12867872,1.1286808,1.0
4948,2.1505733,1.2702743,1.1201378,0.7718586,0.0,0.0,1.0,25.101595,2.0640087,0.0,0.12766948,1.1198285,1.0
4949,1.700732,1.1960883,1.0498657,0.7680961,0.0,0.0,1.0,24.835806,1.700732,0.0,0.10411387,0.9132149,0.0
4950,1.4376156,1.1176502,1.1114384,0.80699885,0.0,0.0,1.0,23.914837,1.3166331,0.0,0.14393938,1.2625368,1.0
4951,1.5053233,1.1561832,1.06775,0.8020161,0.0,0.0,1.0,23.96737,1.5053233,0.0,0.11109809,0.9744757,0.0
4952,1.1939361,1.0925938,0.973127,0.70313567,0.0,0.0,1.0,22.48905,1.1939361,0.0,0.10591136,0.92898124,0.0
4953,3.144904,1.4479822,1.349693,0.7671593,0.0,0.0,1.0,22.48905,2.9342153,0.0,0.13739733,1.2051544,1.0
4954,1.8059307,1.2131982,1.2609361,0.893915,0.0,0.0,1.0,10.624501,1.7845162,0.0,0.11791699,1.0342864,1.0
4955,1.3989813,1.1344668,0.96948606,0.8038892,0.0,0.0,1.0,10.624501,1.3989813,0.0,0.06807243,0.59708434,0.0
4956,2.3519018,1.3290659,1.2272199,0.8794905,0.0,0.0,1.0,11.868534,2.3519018,0.0,0.1012861,0.88841164,0.0
4957,1.2362047,1.1012256,0.96684587,0.8269708,0.0,0.0,1.0,11.868534,1.2362047,0.0,0.10671423,0.9360235,0.0
4958,0.5425887,0.9595799,0.8729843,0.67824656,0.0,0.0,1.0,12.990076,0.5425887,0.0,0.09763702,0.8564045,0.0
4959,0.8237085,1.007885,0.9605944,0.8041851,0.0,0.0,1.0,13.83033,0.7791309,0.0,0.13264495,1.1634699,1.0
4960,0.7015251,0.98394185,1.0593053,0.89307123,0.0,0.0,1.0,13.83033,0.66188526,0.0,0.13351624,1.1711122,1.0
4961,0.5492049,0.960931,1.1917872,0.8966978,0.0,0.0,1.0,14.524296,0.5492049,0.0,0.113974296,0.99970376,0.0
4962,0.87058556,1.0265613,0.967661,0.73106325,0.0,0.0,1.0,14.524296,0.87058556,0.0,0.11079095,0.9717817,0.0
4963,2.2648869,1.2991685,1.1724075,1.0090259,0.0,0.0,1.0,16.19385,2.2054987,0.0,0.12277932,1.0769353,1.0
4964,1.3629998,1.116697,1.1052239,0.9403104,0.0,0.0,1.0,17.27955,1.3119655,0.0,0.12667899,1.1111405,1.0
4965,1.2558343,1.0750343,1.0041283,0.7832217,0.0,0.0,1.0,17.85925,1.10795,0.0,0.15748607,1.381359,1.0
4966,1.0523835,1.0636868,1.0038671,0.9383199,0.0,0.0,1.0,36.643486,1.0523835,0.053988762,0.09332465,0.8185793,0.0
4967,1.4370289,1.1422366,0.9694856,0.8913113,0.0,0.0,1.0,39.014275,1.4370289,0.16295056,0.09437668,0.82780707,0.0
4968,0.13036045,0.8728733,0.95127666,0.9082756,0.0,0.0,1.0,39.014275,0.11800067,0.16295056,0.12408409,1.0883799,1.0
4969,1.5245425,1.1516352,1.2506967,0.8216044,0.0,0.0,1.0,40.425198,1.4830521,0.2277968,0.12312098,1.0799321,1.0
4970,1.076319,1.0685748,1.2445787,0.874741,0.0,0.0,1.0,38.351925,1.076319,0.13250886,0.08962066,0.7860905,0.0
4971,1.6633452,1.1884534,1.1114298,0.81737304,0.0,0.0,1.0,41.9775,1.6633452,0.29914087,0.11030569,0.9675253,0.0
4972,1.6746252,1.1767445,1.329967,0.7969216,0.0,0.0,1.0,44.005203,1.6060083,0.39233437,0.12792522,1.1220716,1.0
4973,2.5943627,1.3562818,1.3584377,0.6904794,0.0,0.0,1.0,41.9775,2.4851732,0.29914087,0.1283198,1.1255326,1.0
4974,1.3974589,1.1341559,1.0991043,0.68200856,0.0,0.0,1.0,45.614048,1.3974589,0.46627712,0.10817519,0.948838,0.0
4975,2.433804,1.2867061,1.2386312,0.8430369,0.0,0.0,1.0,45.880245,2.1444726,0.47851157,0.15795644,1.3854847,1.0
4976,1.1638666,1.0712233,1.0857123,0.7750066,0.0,0.0,1.0,45.880245,1.0892881,0.47851157,0.13630979,1.1956153,1.0
4977,1.8813512,1.2232293,1.0873433,0.8008554,0.0,0.0,1.0,49.49678,1.8336369,0.64472806,0.12248433,1.0743479,1.0
4978,1.8850203,1.2337224,1.0322909,0.7282863,0.0,0.0,1.0,49.49678,1.8850203,0.64472806,0.08556574,0.7505235,0.0
4979,2.040269,1.2300025,1.2522693,0.82806265,0.0,0.0,1.0,52.901283,1.8668044,0.80119956,0.14427577,1.2654873,1.0
4980,1.0911503,1.0716035,1.0414608,0.62224287,0.0,0.0,1.0,52.0101,1.0911503,0.7602407,0.10631784,0.9325466,0.0
4981,1.1905634,1.0768045,0.9853403,0.7875441,0.0,0.0,1.0,56.698494,1.1166186,0.97571987,0.13557906,1.1892059,1.0
4982,0.8657635,1.0160182,0.88098544,0.8163704,0.0,0.0,1.0,56.678352,0.8189577,0.9747942,0.1326249,1.163294,1.0
4983,1.8566169,1.2194766,1.1289272,0.8031004,0.0,0.0,1.0,56.698494,1.8152605,0.97571987,0.12142921,1.0650932,1.0
4984,1.3193543,1.1073487,1.0538648,0.8367676,0.0,0.0,1.0,56.698494,1.2661884,0.97571987,0.12768544,1.1199684,1.0
4985,0.8707771,1.0266004,0.9555185,0.70231736,0.0,0.0,1.0,52.0101,0.8707771,0.7602407,0.08451744,0.7413286,0.0
4986,0.9285022,1.0383886,0.9500398,0.673138,0.0,0.0,1.0,52.0101,0.9285022,0.7602407,0.08491633,0.7448274,0.0
4987,2.181948,1.2943591,1.0841833,0.8734213,0.0,0.0,1.0,29.166573,2.181948,0.0,0.09533568,0.83621866,0.0
4988,1.0730366,1.0679045,1.0941737,0.7916427,0.0,0.0,1.0,30.726091,1.0730366,0.0,0.102845654,0.902091,0.0
4989,0.021974683,0.8531965,1.0433486,0.7940007,0.0,0.0,1.0,29.217766,0.021646561,0.0,0.11894565,1.0433091,1.0
4990,0.270399,0.9039951,0.76878756,0.792905,0.0,0.0,1.0,31.76075,0.270399,0.0,0.10174608,0.89244634,0.0
4991,0.41639042,0.9338085,0.8012778,0.71630347,0.0,0.0,1.0,29.326586,0.41639042,0.0,0.11175389,0.9802279,0.0
4992,0.66248685,0.9840647,0.8183477,0.80909854,0.0,0.0,1.0,29.98489,0.66248685,0.0,0.10760067,0.9437987,0.0
4993,0.94313735,1.0413773,0.89634454,0.80917436,0.0,0.0,1.0,28.991331,0.94313735,0.0,0.096121356,0.8431101,0.0
4994,0.42548203,0.93566513,0.8184638,0.8008489,0.0,0.0,1.0,30.34973,0.42548203,0.0,0.105864696,0.92857194,0.0
4995,1.3405043,1.122525,1.1827449,0.92020863,0.0,0.0,1.0,28.961424,1.3405043,0.0,0.1065012,0.9341549,0.0
4996,0.8745918,1.0273794,0.874059,0.7310397,0.0,0.0,1.0,28.94495,0.8745918,0.0,0.094829716,0.83178073,0.0
4997,1.7770782,1.2116792,1.0358768,0.9371132,0.0,0.0,1.0,27.455488,1.7770782,0.0,0.09533093,0.83617705,0.0
4998,1.3703811,1.1165893,1.1546657,0.81451964,0.0,0.0,1.0,44.8562,1.3114383,0.43144637,0.12864836,1.1284145,1.0
4999,0.34515712,0.85467637,0.89433527,0.7177449,0.0,0.0,1.0,44.8562,0.028893216,0.43144637,0.0813198,0.7132811,0.0
5000,1.0534428,1.047853,0.93739927,0.75348437,0.0,0.0,1.0,40.76703,0.97484773,0.2435074,0.14026995,1.2303511,1.0
5001,1.2856413,1.107685,0.9322704,0.78073484,0.0,0.0,1.0,38.27485,1.2678351,0.12896645,0.118582904,1.0401273,1.0
5002,0.5226534,0.9555088,0.9894393,0.7628524,0.0,0.0,1.0,36.754707,0.5226534,0.05910051,0.07334004,0.6432882,0.0
5003,1.5301893,1.1612612,1.0977193,0.8022723,0.0,0.0,1.0,39.94456,1.5301893,0.20570666,0.102428444,0.89843154,0.0
5004,1.057834,1.0647999,0.85481054,0.81393963,0.0,0.0,1.0,39.822086,1.057834,0.2000777,0.10871893,0.9536073,0.0
5005,1.39944,1.123666,0.9195024,0.75723684,0.0,0.0,1.0,39.822086,1.346092,0.2000777,0.12691763,1.1132338,1.0
5006,1.3744808,1.1294634,0.9700988,0.81283504,0.0,0.0,1.0,34.03185,1.3744808,0.0,0.11292898,0.99053496,0.0
5007,1.2303947,1.1000391,0.9031727,0.85584176,0.0,0.0,1.0,34.03185,1.2303947,0.0,0.108244814,0.9494487,0.0
5008,1.2303358,1.088665,1.0766851,0.93667114,0.0,0.0,1.0,33.942654,1.1746975,0.0,0.1294363,1.1353258,1.0
5009,0.7681848,0.99406856,0.8995449,0.82498884,0.0,0.0,1.0,33.942654,0.7114741,0.0,0.13997217,1.2277391,1.0
5010,1.4590309,1.1267182,0.8914242,0.86251706,0.0,0.0,1.0,33.112217,1.3610376,0.0,0.13746081,1.2057112,1.0
5011,1.2594162,1.0921872,1.0759175,0.9271217,0.0,0.0,1.0,33.112217,1.191945,0.0,0.13244677,1.1617315,1.0
5012,1.0368336,1.0605114,0.92168427,0.7160114,0.0,0.0,1.0,33.942654,1.0368336,0.0,0.11078916,0.97176594,0.0
5013,0.8056078,1.0064838,0.9227623,0.76030695,0.0,0.0,1.0,38.687046,0.7722695,0.14791109,0.12806989,1.1233406,1.0
5014,1.7035006,1.1561106,0.7896736,0.92706364,0.0,0.0,1.0,38.687046,1.5049678,0.14791109,0.15697879,1.3769095,1.0
5015,1.3647615,1.1131237,0.9691262,0.7792216,0.0,0.0,1.0,37.45223,1.2944676,0.09115869,0.13169667,1.1551522,1.0
5016,0.5569981,0.95636016,0.7536931,0.79736346,0.0,0.0,1.0,20.956316,0.5268222,0.0,0.13266598,1.1636543,1.0
5017,1.12394,1.0782996,0.83046365,0.78455204,0.0,0.0,1.0,19.01503,1.12394,0.0,0.113847815,0.99859434,0.0
5018,1.0909894,1.0590924,0.8451371,0.79827815,0.0,0.0,1.0,19.098795,1.0298853,0.0,0.13333438,1.169517,1.0
5019,0.52995723,0.9570004,0.8117508,0.80834323,0.0,0.0,1.0,19.490038,0.52995723,0.0,0.1018134,0.8930368,0.0
5020,1.8105882,1.2107921,1.1138831,0.82975584,0.0,0.0,1.0,20.097002,1.7727338,0.0,0.12096375,1.0610105,1.0
5021,2.5027237,1.3598658,1.2400658,0.8965272,0.0,0.0,1.0,21.831142,2.5027237,0.0,0.10451822,0.9167616,0.0
5022,1.8587059,1.2197908,1.1251373,0.92287254,0.0,0.0,1.0,20.097002,1.8167993,0.0,0.12152159,1.0659034,1.0
5023,2.686769,1.3974503,1.2212449,0.7420986,0.0,0.0,1.0,20.549017,2.686769,0.0,0.0981333,0.8607575,0.0
5024,3.3867717,1.5404003,1.3665468,0.8270259,0.0,0.0,1.0,19.86498,3.3867717,0.0,0.07926782,0.6952826,0.0
5025,3.685958,1.6014981,1.4998306,0.7269882,0.0,0.0,1.0,33.981964,3.685958,0.0,0.109918445,0.9641287,0.0
5026,3.7923315,1.6171463,1.5096669,0.9052541,0.0,0.0,1.0,32.63323,3.7625842,0.0,0.116583385,1.0225888,1.0
5027,3.9972546,1.6650691,1.557147,0.9986413,0.0,0.0,1.0,29.59164,3.9972546,0.0,0.10794479,0.9468171,0.0
5028,4.2297134,1.7125403,1.614901,0.7233329,0.0,0.0,1.0,29.59164,4.2297134,0.0,0.073151834,0.6416373,0.0
5029,4.7393804,1.8166212,1.7560236,0.78369164,0.0,0.0,1.0,28.524693,4.7393804,0.0,0.07519825,0.6595871,0.0
5030,4.6384706,1.7960141,1.7760211,0.7910901,0.0,0.0,1.0,26.699844,4.6384706,0.0,0.0888592,0.7794115,0.0
5031,5.1314206,1.8966811,1.7920933,0.7616819,0.0,0.0,1.0,26.648172,5.1314206,0.0,0.081459455,0.71450603,0.0
5032,4.2144017,1.7038698,1.7225275,0.85348475,0.0,0.0,1.0,26.648172,4.1872554,0.0,0.11611987,1.0185232,1.0
5033,5.752522,2.0235183,1.9669502,0.9311555,0.0,0.0,1.0,26.543262,5.752522,0.0,0.110735886,0.9712987,0.0
5034,4.57217,1.7824745,2.054234,0.81796926,0.0,0.0,1.0,26.543262,4.57217,0.0,0.09067029,0.7952971,0.0
5035,5.8724,2.047999,2.0081706,0.699004,0.0,0.0,1.0,25.990652,5.8724,0.0,0.08704865,0.7635306,0.0
5036,5.632584,1.9990253,1.8680435,0.9220551,0.0,0.0,1.0,22.68945,5.632584,0.0,0.10408553,0.9129663,0.0
5037,5.749942,2.0229914,1.8367481,0.9596677,0.0,0.0,1.0,24.497278,5.749942,0.0,0.0977643,0.8575209,0.0
5038,6.15884,2.106494,2.05547,0.6794677,0.0,0.0,1.0,22.68945,6.15884,0.0,0.11346466,0.9952336,0.0
5039,5.68645,2.0100255,1.9317843,0.911642,0.0,0.0,1.0,22.263948,5.68645,0.0,0.09999615,0.87709713,0.0
5040,5.9875836,2.071521,2.033938,0.6359271,0.0,0.0,1.0,24.133032,5.9875836,0.0,0.10468816,0.91825217,0.0
5041,6.0227547,2.0787034,1.9846885,0.76585597,0.0,0.0,1.0,22.263948,6.0227547,0.0,0.10290141,0.90258,0.0
5042,6.6396403,2.1383576,2.0966403,0.7083954,0.0,0.0,1.0,24.133032,6.314872,0.0,0.13076048,1.1469406,1.0
5043,6.593968,2.0967453,2.0838199,0.7933826,0.0,0.0,1.0,24.133032,6.1111026,0.0,0.13974601,1.2257555,1.0
5044,5.8294415,2.0392263,1.9678714,0.78204775,0.0,0.0,1.0,22.263948,5.8294415,0.0,0.10746007,0.94256544,0.0
5045,6.0382495,2.0818677,2.073089,0.69838667,0.0,0.0,1.0,22.263948,6.0382495,0.0,0.099639386,0.8739678,0.0
5046,5.9730062,2.0685441,2.346867,0.87861824,0.0,0.0,1.0,12.2933035,5.9730062,0.0,0.10763687,0.94411623,0.0
5047,7.2197423,2.3231444,2.243972,0.79886514,0.0,0.0,1.0,11.091173,7.2197423,0.0,0.11066162,0.9706473,0.0
5048,7.5547004,2.3826296,2.3757203,0.8098478,0.0,0.0,1.0,10.016126,7.5110316,0.0,0.1159019,1.0166113,1.0
5049,7.5734878,2.2745726,2.4746542,0.7655593,0.0,0.0,1.0,11.091173,6.981894,0.0,0.14160863,1.242093,1.0
5050,7.982889,2.4011164,2.4958303,0.7036686,0.0,0.0,1.0,12.017958,7.601558,0.0,0.13034864,1.1433282,1.0
5051,9.884879,2.7615983,2.7073674,0.7219516,0.0,0.0,1.0,14.408742,9.36678,0.0,0.13202539,1.1580355,1.0
5052,10.001303,2.7531729,2.7921927,0.9047676,0.0,0.0,1.0,14.408742,9.325521,0.0,0.1376129,1.2070452,1.0
5053,11.255544,2.9625025,2.9213078,0.8534529,0.0,0.0,1.0,14.408742,10.3505745,0.0,0.14248785,1.249805,1.0
5054,10.130008,2.9174597,3.2522573,0.87772787,0.0,0.0,1.0,14.408742,10.130008,0.0,0.08077197,0.7084759,0.0
5055,11.441476,3.1852791,3.1318524,0.6950978,0.0,0.0,1.0,15.273618,11.441476,0.0,0.10821698,0.94920456,0.0
5056,12.128573,3.3255937,3.2938974,0.6974417,0.0,0.0,1.0,15.273618,12.128573,0.0,0.09624487,0.8441935,0.0
5057,12.8368,3.4300508,3.3895512,0.74334985,0.0,0.0,1.0,15.706477,12.640083,0.0,0.11907748,1.0444654,1.0
5058,15.620302,3.5471904,3.5120888,0.89542747,0.0,0.0,1.0,12.885834,13.2136965,0.0,0.1733345,1.5203704,1.0
5059,12.852565,3.4343078,3.5512183,0.7651823,0.0,0.0,1.0,13.546485,12.660929,0.0,0.11893842,1.0432457,1.0
5060,15.0045185,3.7452168,3.857544,0.7127848,0.0,0.0,1.0,12.740255,14.1834,0.0,0.13286595,1.1654083,1.0
5061,15.594227,3.8735738,3.991651,0.844809,0.0,0.0,1.0,12.740255,14.811943,0.0,0.1312117,1.1508983,1.0
5062,17.119911,3.9346018,3.979504,0.7709571,0.0,0.0,1.0,12.707048,15.110787,0.0,0.15731797,1.3798845,1.0
5063,17.10867,4.105458,4.17948,0.9255346,0.0,0.0,1.0,12.677673,15.947441,0.0,0.13772696,1.2080457,1.0
5064,20.693357,4.1085505,4.130495,0.81955737,0.0,0.0,1.0,11.393748,15.962585,0.0,0.21054564,1.8467609,1.0
5065,18.128437,4.2843623,4.3072767,0.81136656,0.0,0.0,1.0,11.393748,16.823507,0.0,0.1392742,1.221617,1.0
5066,18.271513,4.338328,4.438696,0.79579294,0.0,0.0,1.0,11.35961,17.087769,0.0,0.13657334,1.197927,1.0
5067,16.455847,4.209281,4.402531,0.82109153,0.0,0.0,1.0,11.35961,16.455847,0.0,0.111132175,0.97477466,0.0
5068,17.843632,4.4926853,4.5711174,0.7793854,0.0,0.0,1.0,11.33482,17.843632,0.0,0.105966456,0.9294645,0.0
5069,18.37128,4.452645,4.522792,0.7314939,0.0,0.0,1.0,11.090131,17.64756,0.0,0.12736645,1.1171706,1.0
5070,20.487238,4.581907,4.514652,0.84708345,0.0,0.0,1.0,10.724148,18.280535,0.0,0.15332887,1.3448949,1.0
5071,19.730354,4.6107783,4.643207,0.7372627,0.0,0.0,1.0,10.724148,18.421913,0.0,0.13714398,1.2029322,1.0
5072,20.596962,4.682367,4.660869,0.816214,0.0,0.0,1.0,10.702845,18.77247,0.0,0.1456664,1.277685,1.0
5073,19.17059,4.763668,4.771058,0.9032694,0.0,0.0,1.0,10.819058,19.17059,0.0,0.10560279,0.9262747,0.0
5074,21.592827,4.7826333,5.000461,0.7455345,0.0,0.0,1.0,10.6896105,19.26346,0.0,0.1533967,1.3454899,1.0
5075,20.353296,4.9096007,5.0012083,0.85721356,0.0,0.0,1.0,10.607024,19.885199,0.0,0.12167591,1.067257,1.0
5076,23.19548,4.9671235,4.927789,0.8045437,0.0,0.0,1.0,10.458261,20.0,0.0,0.16605245,1.4564973,1.0
5077,21.367453,4.9681134,5.1078773,0.79691,0.0,0.0,1.0,10.265386,20.0,0.0,0.13627958,1.1953503,1.0
5078,22.203245,5.120324,5.242563,0.75599563,0.0,0.0,1.0,10.201117,20.0,0.0,0.14989203,1.3147494,1.0
5079,24.588644,5.054701,5.1402726,0.79287356,0.0,0.0,1.0,9.92654,20.0,0.0,0.18874273,1.6555208,1.0
5080,24.012283,4.9614167,5.419621,0.8052569,0.0,0.0,1.0,9.505397,20.0,0.0,0.1793556,1.5731834,1.0
5081,23.637426,5.193633,5.3512583,0.78644073,0.0,0.0,1.0,9.34258,20.0,0.0,0.17325035,1.5196323,1.0
5082,24.971455,5.1482525,5.2484016,0.6732083,0.0,0.0,1.0,8.295209,20.0,0.0,0.19497748,1.7102077,1.0
5083,24.724907,5.252273,5.489772,0.8136326,0.0,0.0,1.0,1.2542099,20.0,0.0,0.19096202,1.6749868,1.0
5084,22.832886,5.233683,5.2888374,0.7730467,0.0,0.0,1.0,0.677894,20.0,0.0,0.16014689,1.4046979,1.0
5085,25.123432,5.3728414,5.6290064,0.8646172,0.0,0.0,1.0,0.67449075,20.0,0.0,0.19745274,1.7319189,1.0
5086,22.54159,5.4166856,5.56453,0.7558548,0.0,0.0,1.0,0.67449075,20.0,0.0,0.15540262,1.3630843,1.0
5087,22.14439,5.3445907,5.4273176,0.80620444,0.0,0.0,1.0,0.67449075,20.0,0.0,0.14893344,1.3063412,1.0
5088,22.968561,5.619536,5.6616287,0.72889185,0.0,0.0,1.0,0.67449075,20.0,0.0,0.16235666,1.4240804,1.0
5089,20.05623,5.437072,5.6377516,0.95893013,0.0,0.0,1.0,0.67449075,20.0,0.0,0.114923894,1.008033,1.0
5090,22.05894,5.438783,5.6334925,0.89498675,0.0,0.0,1.0,0.67449075,20.0,0.0,0.14754175,1.2941343,1.0
5091,20.938738,5.377875,5.497692,0.8343121,0.0,0.0,1.0,0.67449075,20.0,0.0,0.12929717,1.1341054,1.0
5092,21.903732,5.3878717,5.549585,0.81876844,0.0,0.0,1.0,0.67449075,20.0,0.0,0.14501391,1.2719618,1.0
5093,23.727266,5.377429,5.5207143,0.7842706,0.0,0.0,1.0,0.67449075,20.0,0.0,0.17471358,1.5324668,1.0
5094,26.245234,5.421102,5.6372004,0.8635883,0.0,0.0,1.0,0.25088263,20.0,0.0,0.21572338,1.8921764,1.0
5095,20.668829,5.575004,5.6920547,0.8854394,0.0,0.0,1.0,0.0,20.0,0.0,0.1249012,1.095547,1.0
5096,22.095657,5.4894667,5.7489223,0.94911295,0.0,0.0,1.0,0.0,20.0,0.0,0.14813976,1.2993796,1.0
5097,22.901373,5.769494,5.954993,0.84673357,0.0,0.0,1.0,0.0,20.0,0.0,0.16126233,1.4144818,1.0
5098,23.35999,5.4940867,5.623368,0.80974096,0.0,0.0,1.0,0.0,20.0,0.0,0.16873178,1.4799986,1.0
5099,26.335815,5.537072,5.692886,0.8175678,0.0,0.0,1.0,0.0,20.0,0.0,0.21719866,1.9051166,1.0
5100,23.568342,5.5802617,5.8194904,0.8164537,0.0,0.0,1.0,0.0,20.0,0.0,0.17212518,1.5097631,1.0
5101,23.341913,5.747208,5.8314414,0.77421075,0.0,0.0,1.0,0.0,20.0,0.0,0.16843738,1.4774163,1.0
5102,23.550438,5.748523,5.99863,0.822045,0.0,0.0,1.0,0.0,20.0,0.0,0.17183359,1.5072055,1.0
5103,26.95728,5.7894673,6.011396,0.8743199,0.0,0.0,1.0,0.0,20.0,0.0,0.22732034,1.993897,1.0
5104,26.171528,5.909099,6.1847014,0.92043287,0.0,0.0,1.0,0.0,20.0,0.0,0.2145229,1.8816466,1.0
5105,23.678114,5.878105,6.045786,0.89741665,0.0,0.0,1.0,0.0,20.0,0.0,0.17391302,1.5254449,1.0
5106,24.041082,5.905828,6.0695825,0.7939015,0.0,0.0,1.0,0.0,20.0,0.0,0.17982464,1.5772974,1.0
5107,25.891474,5.9421787,6.1028438,0.7656849,0.0,0.0,1.0,0.0,20.0,0.0,0.20996171,1.841639,1.0
5108,24.843874,6.0561185,6.2563233,0.87137735,0.0,0.0,1.0,0.0,20.0,0.0,0.1928996,1.691982,1.0
5109,23.1003,6.080327,6.218754,0.871966,0.0,0.0,1.0,0.0,20.0,0.0,0.16450223,1.4429,1.0
5110,25.352913,5.768405,6.186215,0.8077847,0.0,0.0,1.0,0.0,20.0,0.0,0.20119023,1.7647017,1.0
5111,23.039726,5.952067,6.211513,0.7672011,0.0,0.0,1.0,0.0,20.0,0.0,0.16351572,1.4342469,1.0
5112,26.41617,5.813317,6.2615314,0.8019344,0.0,0.0,1.0,0.0,20.0,0.0,0.2185074,1.9165958,1.0
5113,25.430218,6.189929,6.3860626,0.9206727,0.0,0.0,1.0,0.0,20.0,0.0,0.20244928,1.7757452,1.0
5114,28.282434,6.1179214,6.292131,0.9660446,0.0,0.0,1.0,0.0,20.0,0.0,0.248903,2.1832051,1.0
5115,25.636425,6.141777,6.238004,0.923571,0.0,0.0,1.0,0.0,20.0,0.0,0.2058078,1.8052038,1.0
5116,22.58691,6.1460915,6.213604,0.89007235,0.0,0.0,1.0,0.0,20.0,0.0,0.15614073,1.3695586,1.0
5117,27.497314,6.148149,6.2706456,0.9035002,0.0,0.0,1.0,0.0,20.0,0.0,0.23611583,2.071045,1.0
5118,21.006474,6.1466155,6.14041,0.91220903,0.0,0.0,1.0,0.0,20.0,0.0,0.13040036,1.1437819,1.0
5119,24.015715,6.1424036,6.1897864,0.82157236,0.0,0.0,1.0,0.0,20.0,0.0,0.17941149,1.5736736,1.0
5120,24.000141,6.1401076,6.2139764,0.85508096,0.0,0.0,1.0,0.0,20.0,0.0,0.17915784,1.5714488,1.0
5121,22.789793,5.863046,6.155155,0.75891626,0.0,0.0,1.0,0.0,20.0,0.0,0.15944503,1.3985417,1.0
5122,24.221611,6.102771,6.1694746,0.8666896,0.0,0.0,1.0,0.0,20.0,0.0,0.18276489,1.6030873,1.0
5123,24.310669,6.095891,6.1997313,0.79519033,0.0,0.0,1.0,0.0,20.0,0.0,0.18421538,1.61581,1.0
5124,21.98818,6.149797,6.175123,0.7500374,0.0,0.0,1.0,0.0,20.0,0.0,0.1463893,1.2840258,1.0
5125,23.702072,6.141695,6.137154,0.7447128,0.0,0.0,1.0,0.0,20.0,0.0,0.17430326,1.5288677,1.0
5126,24.340408,6.1713443,6.223988,0.82503664,0.0,0.0,1.0,0.0,20.0,0.0,0.1846997,1.6200582,1.0
5127,26.037495,6.1319504,6.204858,0.8666896,0.0,0.0,1.0,0.0,20.0,0.0,0.21233995,1.8624994,1.0
5128,26.062958,6.1794786,6.228157,0.82073087,0.0,0.0,1.0,0.0,20.0,0.0,0.21275468,1.866137,1.0
5129,23.05517,6.1781683,6.187798,0.74451995,0.0,0.0,1.0,0.0,20.0,0.0,0.1637672,1.4364527,1.0
5130,23.195877,6.1782446,6.2118244,0.76889443,0.0,0.0,1.0,0.0,20.0,0.0,0.16605888,1.4565538,1.0
5131,23.383062,6.175419,6.18916,0.8523653,0.0,0.0,1.0,0.0,20.0,0.0,0.16910756,1.4832946,1.0
5132,25.024183,6.17462,6.1852093,0.7761239,0.0,0.0,1.0,0.0,20.0,0.0,0.19583626,1.7177403,1.0
5133,25.261593,6.1735578,6.2153006,0.8016291,0.0,0.0,1.0,0.0,20.0,0.0,0.19970292,1.751656,1.0
5134,22.790281,6.172488,6.22685,0.75564474,0.0,0.0,1.0,0.0,20.0,0.0,0.159453,1.3986115,1.0
5135,22.84395,6.1719747,6.1499767,0.77322686,0.0,0.0,1.0,0.0,20.0,0.0,0.16032709,1.4062785,1.0
5136,24.095896,6.172809,6.268802,0.82074416,0.0,0.0,1.0,0.0,20.0,0.0,0.18071736,1.5851278,1.0
5137,26.075653,6.1712403,6.201246,0.77870053,0.0,0.0,1.0,0.0,20.0,0.0,0.21296145,1.8679507,1.0
5138,26.022722,6.170872,6.237969,0.8699557,0.0,0.0,1.0,0.0,20.0,0.0,0.21209936,1.860389,1.0
5139,22.375103,6.1721554,6.196131,0.6825866,0.0,0.0,1.0,0.0,20.0,0.0,0.15269105,1.3393004,1.0
5140,26.071482,6.1704226,6.156269,0.870441,0.0,0.0,1.0,0.0,20.0,0.0,0.21289349,1.8673545,1.0
5141,25.341234,6.170161,6.1546297,0.75989515,0.0,0.0,1.0,0.0,20.0,0.0,0.20100002,1.7630333,1.0
5142,25.03886,6.1695757,6.1766133,0.7872725,0.0,0.0,1.0,0.0,20.0,0.0,0.19607532,1.7198372,1.0
5143,27.032948,6.168505,6.2238655,0.78635514,0.0,0.0,1.0,0.0,20.0,0.0,0.22855276,2.0047069,1.0
5144,26.10965,6.1671853,6.21795,0.8358809,0.0,0.0,1.0,0.0,20.0,0.0,0.21351513,1.8728071,1.0
5145,25.662691,5.9129863,6.2983565,0.849403,0.0,0.0,1.0,0.0,20.0,0.0,0.20623557,1.8089559,1.0
5146,25.622599,5.9380145,6.215247,0.7673266,0.0,0.0,1.0,0.0,20.0,0.0,0.2055826,1.8032285,1.0
5147,25.00806,5.8831234,6.0812507,0.79019564,0.0,0.0,1.0,0.0,20.0,0.0,0.1955737,1.7154374,1.0
5148,24.77062,5.8805604,6.092165,0.7807541,0.0,0.0,1.0,0.0,20.0,0.0,0.19170651,1.681517,1.0
5149,24.727592,6.1257496,6.180537,0.7182325,0.0,0.0,1.0,0.0,20.0,0.0,0.19100575,1.6753705,1.0
5150,26.349695,6.1529193,6.204031,0.8358809,0.0,0.0,1.0,0.0,20.0,0.0,0.2174247,1.9070992,1.0
5151,25.219437,5.8717732,6.2454214,0.7777546,0.0,0.0,1.0,0.0,20.0,0.0,0.19901632,1.7456336,1.0
5152,26.926386,6.145921,6.228526,0.8075744,0.0,0.0,1.0,0.0,20.0,0.0,0.2268172,1.9894838,1.0
5153,22.429966,5.873328,6.1793065,0.85106164,0.0,0.0,1.0,0.0,20.0,0.0,0.15358463,1.3471383,1.0
5154,25.298061,6.138453,6.128275,0.73546237,0.0,0.0,1.0,0.0,20.0,0.0,0.20029691,1.7568661,1.0
5155,24.505257,6.1147532,6.216328,0.87523454,0.0,0.0,1.0,0.0,20.0,0.0,0.1873846,1.6436083,1.0
5156,25.700222,5.8552904,6.203126,0.7930061,0.0,0.0,1.0,0.0,20.0,0.0,0.20684679,1.8143171,1.0
5157,28.333801,5.8518763,6.2384515,0.8459693,0.0,0.0,1.0,0.0,20.0,0.0,0.24973959,2.1905432,1.0
5158,24.541733,6.1223245,6.129299,0.66450274,0.0,0.0,1.0,0.0,20.0,0.0,0.18797868,1.6488191,1.0
5159,25.855186,6.118624,6.1843057,0.744354,0.0,0.0,1.0,0.0,20.0,0.0,0.20937072,1.8364552,1.0
5160,25.228785,6.115065,6.1053905,0.7698742,0.0,0.0,1.0,0.0,20.0,0.0,0.19916858,1.7469691,1.0
5161,25.775185,5.840388,6.128375,0.77313423,0.0,0.0,1.0,0.0,20.0,0.0,0.20806774,1.8250265,1.0
5162,25.23781,5.8464837,6.2033677,0.84113795,0.0,0.0,1.0,0.0,20.0,0.0,0.1993156,1.7482586,1.0
5163,28.13166,6.0740476,6.151326,0.80513155,0.0,0.0,1.0,0.0,20.0,0.0,0.24644737,2.161666,1.0
5164,25.973663,5.842588,6.1328106,0.8437377,0.0,0.0,1.0,0.0,20.0,0.0,0.21130036,1.8533807,1.0
5165,28.108711,5.8326125,6.1165133,0.84608376,0.0,0.0,1.0,0.0,20.0,0.0,0.24607354,2.1583872,1.0
5166,26.1411,6.098691,6.149874,0.75564474,0.0,0.0,1.0,0.0,20.0,0.0,0.21402735,1.8773,1.0
5167,25.697899,5.8187857,6.109508,0.7938639,0.0,0.0,1.0,0.0,20.0,0.0,0.206809,1.8139856,1.0
5168,25.74564,5.816444,6.1324887,0.8759443,0.0,0.0,1.0,0.0,20.0,0.0,0.20758657,1.8208059,1.0
5169,26.244194,5.825581,6.1512575,0.8354978,0.0,0.0,1.0,0.0,20.0,0.0,0.21570644,1.8920279,1.0
5170,26.789553,5.8297005,6.2526836,0.7718801,0.0,0.0,1.0,0.0,20.0,0.0,0.22458863,1.9699363,1.0
5171,25.280205,5.810593,6.014035,0.83471507,0.0,0.0,1.0,0.0,20.0,0.0,0.20000607,1.754315,1.0
5172,25.628023,5.8091006,6.058166,0.82195246,0.0,0.0,1.0,0.0,20.0,0.0,0.20567094,1.8040034,1.0
5173,25.846771,5.80778,5.9586644,0.8095491,0.0,0.0,1.0,0.0,20.0,0.0,0.20923366,1.835253,1.0
5174,26.784773,6.028942,6.2520943,0.7595592,0.0,0.0,1.0,0.0,20.0,0.0,0.22451076,1.9692532,1.0
5175,28.521755,6.0945334,6.250458,0.88525057,0.0,0.0,1.0,0.0,20.0,0.0,0.25280076,2.2173936,1.0
5176,28.019932,5.8355856,6.1554418,0.8706091,0.0,0.0,1.0,0.0,20.0,0.0,0.24462764,2.1457045,1.0
5177,27.964157,6.0641227,6.1206546,0.7182325,0.0,0.0,1.0,0.0,20.0,0.0,0.24371924,2.1377368,1.0
5178,26.437407,5.8421555,6.168564,0.8280445,0.0,0.0,1.0,0.0,20.0,0.0,0.21885327,1.9196296,1.0
5179,26.701313,6.1048865,6.1832266,0.74101555,0.0,0.0,1.0,0.0,20.0,0.0,0.22315145,1.9573302,1.0
5180,27.966915,6.077718,6.223089,0.7753777,0.0,0.0,1.0,0.0,20.0,0.0,0.24376415,2.1381307,1.0
5181,26.031284,6.117287,6.1089334,0.76987416,0.0,0.0,1.0,0.0,20.0,0.0,0.2122388,1.8616121,1.0
5182,26.955322,6.1278315,6.1884437,0.773876,0.0,0.0,1.0,0.0,20.0,0.0,0.22728847,1.9936174,1.0
5183,26.011204,5.8331704,6.1114535,0.82813543,0.0,0.0,1.0,0.0,20.0,0.0,0.21191175,1.8587434,1.0
5184,26.374458,5.8958826,6.2243977,0.78257346,0.0,0.0,1.0,0.0,20.0,0.0,0.21782802,1.9106369,1.0
5185,28.270895,6.1622276,6.3106155,0.7879274,0.0,0.0,1.0,0.0,20.0,0.0,0.24871504,2.1815565,1.0
5186,26.549702,6.1364684,6.2014103,0.73169965,0.0,0.0,1.0,0.0,20.0,0.0,0.22068217,1.9356716,1.0
5187,29.72921,6.185229,6.333391,0.7879274,0.0,0.0,1.0,0.0,20.0,0.0,0.2724664,2.3898869,1.0
5188,29.93349,6.123994,6.259825,0.7781908,0.0,0.0,1.0,0.0,20.0,0.0,0.27579352,2.4190702,1.0
5189,28.4898,5.885353,6.2364883,0.80788386,0.0,0.0,1.0,0.0,20.0,0.0,0.25228032,2.2128286,1.0
5190,28.035467,6.1803265,6.2924523,0.7354262,0.0,0.0,1.0,0.0,20.0,0.0,0.24488065,2.1479237,1.0
5191,27.992723,6.2278132,6.33214,0.80408853,0.0,0.0,1.0,0.0,20.0,0.0,0.2441845,2.1418176,1.0
5192,29.772774,6.236153,6.4361,0.80502003,0.0,0.0,1.0,0.0,20.0,0.0,0.2731759,2.3961103,1.0
5193,29.857052,6.1629453,6.3039374,0.7958759,0.0,0.0,1.0,0.0,20.0,0.0,0.27454856,2.4081502,1.0
5194,30.623856,6.189249,6.3249297,0.7781908,0.0,0.0,1.0,0.0,20.0,0.0,0.28703737,2.5176935,1.0
5195,30.514757,6.258035,6.4027925,0.7955364,0.0,0.0,1.0,0.0,20.0,0.0,0.28526053,2.5021083,1.0
5196,27.702398,6.1909947,6.224879,0.75513476,0.0,0.0,1.0,0.0,20.0,0.0,0.23945598,2.1003425,1.0
5197,28.651236,6.205426,6.3415594,0.7781908,0.0,0.0,1.0,0.0,20.0,0.0,0.25490957,2.2358906,1.0
5198,30.05447,6.2674656,6.416874,0.75705993,0.0,0.0,1.0,0.0,20.0,0.0,0.2777639,2.436353,1.0
5199,29.916176,6.2406845,6.3229737,0.79005927,0.0,0.0,1.0,0.0,20.0,0.0,0.27551153,2.416597,1.0
5200,28.670828,6.039196,6.287392,0.7385708,0.0,0.0,1.0,0.0,20.0,0.0,0.2552287,2.2386897,1.0
5201,28.329027,5.9078817,6.2748137,0.6713796,0.0,0.0,1.0,44189.656,20.0,20.0,0.24966183,2.189861,1.0
5202,28.398779,5.8729324,6.1526017,0.90122736,0.0,0.0,1.0,44189.656,20.0,20.0,0.25079787,2.1998255,1.0
5203,30.857166,6.1214595,6.279432,0.8063269,0.0,0.0,1.0,44189.656,20.0,20.0,0.29083732,2.551024,1.0
5204,26.932945,5.7872725,6.127167,0.8841373,0.0,0.0,1.0,44189.656,20.0,20.0,0.226924,1.9904206,1.0
5205,27.077366,5.883505,6.2359657,0.8287502,0.0,0.0,1.0,44189.656,20.0,20.0,0.22927618,2.0110521,1.0
5206,29.409523,5.9824023,6.1737175,0.8063269,0.0,0.0,1.0,44189.656,20.0,20.0,0.26725975,2.3442178,1.0
5207,28.632414,5.641271,5.925445,0.7769752,0.0,0.0,1.0,44189.656,20.0,20.0,0.25460306,2.233202,1.0
5208,30.510769,5.967132,6.2087827,0.80502003,0.0,0.0,1.0,44189.656,20.0,20.0,0.28519556,2.5015383,1.0
5209,32.293568,5.9221153,6.0992455,0.80727816,0.0,0.0,1.0,44189.656,20.0,20.0,0.31423175,2.756224,1.0
5210,31.051645,5.8787923,6.0954604,0.81088495,0.0,0.0,1.0,44189.656,20.0,20.0,0.29400474,2.5788064,1.0
5211,28.986492,5.440509,5.856744,0.7121743,0.0,0.0,1.0,44189.656,20.0,20.0,0.26036987,2.2837846,1.0
5212,28.654762,5.3742266,5.910225,0.8221957,0.0,0.0,1.0,44189.656,20.0,20.0,0.254967,2.2363944,1.0
5213,29.729765,5.539796,5.819838,0.7182325,0.0,0.0,1.0,44189.656,20.0,20.0,0.27247545,2.3899665,1.0
5214,28.361412,5.6957226,5.784738,0.721458,0.0,0.0,1.0,44189.656,20.0,20.0,0.25018927,2.1944873,1.0
5215,30.296883,5.6708603,5.8952875,0.80502003,0.0,0.0,1.0,44189.656,20.0,20.0,0.28171206,2.4709835,1.0
5216,30.725191,5.594987,5.730823,0.8082039,0.0,0.0,1.0,44189.656,20.0,20.0,0.28868783,2.53217,1.0
5217,23.4914,5.4125934,5.7122607,0.66518193,0.0,0.0,1.0,44189.656,20.0,20.0,0.170872,1.4987712,1.0
5218,25.454556,5.249117,5.692234,0.75861925,0.0,0.0,1.0,44189.656,20.0,20.0,0.20284568,1.7792221,1.0
5219,24.92857,5.3119984,5.5341935,0.7849083,0.0,0.0,1.0,44189.656,20.0,20.0,0.19427903,1.7040814,1.0
5220,26.834965,5.241234,5.6017933,0.7737489,0.0,0.0,1.0,44189.656,20.0,20.0,0.22532825,1.9764237,1.0
5221,25.080252,5.444926,5.7526236,0.73714876,0.0,0.0,1.0,44189.656,20.0,20.0,0.19674945,1.7257502,1.0
5222,25.446133,5.2176356,5.62344,0.7817116,0.0,0.0,1.0,44189.656,20.0,20.0,0.20270853,1.7780191,1.0
5223,27.056053,5.2025514,5.4874644,0.7535221,0.0,0.0,1.0,44189.656,20.0,20.0,0.22892907,2.0080075,1.0
5224,26.652523,5.19293,5.4686184,0.7745257,0.0,0.0,1.0,44189.656,20.0,20.0,0.22235681,1.9503603,1.0
5225,26.619207,5.169687,5.45944,0.7516823,0.0,0.0,1.0,44189.656,20.0,20.0,0.22181423,1.9456011,1.0
5226,25.645369,5.2254844,5.644558,0.67718214,0.0,0.0,1.0,44189.656,20.0,20.0,0.20595343,1.8064812,1.0
5227,26.552296,5.20751,5.300993,0.76907027,0.0,0.0,1.0,44189.656,20.0,20.0,0.22072446,1.9360424,1.0
5228,26.258924,5.098224,5.397382,0.742,0.0,0.0,1.0,44189.656,20.0,20.0,0.21594632,1.8941319,1.0
5229,26.265366,5.0960746,5.4038463,0.7617705,0.0,0.0,1.0,44189.656,20.0,20.0,0.21605125,1.8950523,1.0
5230,24.95188,5.092939,5.402851,0.7817116,0.0,0.0,1.0,44189.656,20.0,20.0,0.1946587,1.7074115,1.0
5231,24.588398,4.889659,5.2461104,0.7641203,0.0,0.0,1.0,44189.656,19.787546,20.0,0.19303843,1.6931998,1.0
5232,25.380926,5.208623,5.270585,0.67253363,0.0,0.0,1.0,44189.656,20.0,20.0,0.20164649,1.7687037,1.0
5233,27.485094,5.0888867,5.3609986,0.80954206,0.0,0.0,1.0,44189.656,20.0,20.0,0.2359168,2.069299,1.0
5234,25.914585,5.105787,5.3160443,0.5426804,0.0,0.0,1.0,44189.656,20.0,20.0,0.21033815,1.8449409,1.0
5235,26.551804,5.146562,5.193706,0.6977894,0.0,0.0,1.0,44189.656,20.0,20.0,0.22071645,1.9359721,1.0
5236,25.937729,5.1128845,5.2663636,0.7727829,0.0,0.0,1.0,44189.656,20.0,20.0,0.21071506,1.8482468,1.0
5237,24.8558,5.0966263,5.199698,0.66873604,0.0,0.0,1.0,44189.656,20.0,20.0,0.19309382,1.6936855,1.0
5238,24.223137,5.100469,5.25562,0.7762277,0.0,0.0,1.0,44189.656,20.0,20.0,0.18278974,1.6033053,1.0
5239,26.26028,5.0841575,5.2447033,0.7625452,0.0,0.0,1.0,44189.656,20.0,20.0,0.21596844,1.894326,1.0
5240,24.269474,5.0392523,5.261726,0.6834144,0.0,0.0,1.0,44189.656,20.0,20.0,0.18354441,1.6099248,1.0
5241,24.911612,5.10563,5.2805667,0.6742636,0.0,0.0,1.0,44189.656,20.0,20.0,0.19400282,1.7016587,1.0
5242,23.462572,5.0957375,5.1591334,0.6963249,0.0,0.0,1.0,44189.656,20.0,20.0,0.17040254,1.4946533,1.0
5243,22.622581,5.06694,5.390849,0.736874,0.0,0.0,1.0,44189.656,20.0,20.0,0.15672171,1.3746545,1.0
5244,23.045185,5.1305532,5.3641267,0.79226935,0.0,0.0,1.0,44189.656,20.0,20.0,0.16360457,1.4350263,1.0
5245,23.322239,5.0796638,5.139931,0.807076,0.0,0.0,1.0,44189.656,20.0,20.0,0.16811693,1.4746056,1.0
5246,24.465284,5.0713096,5.1269016,0.81808424,0.0,0.0,1.0,44189.656,20.0,20.0,0.18673354,1.6378976,1.0
5247,23.69027,5.0407686,5.20986,0.83532816,0.0,0.0,1.0,44189.656,20.0,20.0,0.174111,1.5271813,1.0
5248,23.43494,5.047146,5.203794,0.8236988,0.0,0.0,1.0,697.09424,20.0,20.0,0.16995247,1.4907056,1.0
5249,24.939135,5.0771656,5.246323,0.7740968,0.0,0.0,1.0,326.62744,20.0,13.381694,0.19445111,1.7055907,1.0
5250,24.954308,5.3447685,5.4651856,0.72484523,0.0,0.0,1.0,294.86377,20.0,11.921831,0.1946982,1.7077581,1.0
5251,24.603062,5.075483,5.4077783,0.6355277,0.0,0.0,1.0,279.10538,20.0,11.197574,0.18897754,1.6575804,1.0
5252,23.850208,5.1428595,5.336335,0.8118824,0.0,0.0,1.0,274.94507,20.0,11.006365,0.17671588,1.5500296,1.0
5253,24.559055,5.195102,5.378096,0.8118824,0.0,0.0,1.0,270.88492,20.0,10.819759,0.1882608,1.6512936,1.0
5254,23.923683,5.1465607,5.3674197,0.8118824,0.0,0.0,1.0,265.01608,20.0,10.550027,0.17791256,1.560526,1.0
5255,24.72433,5.1754894,5.4593,0.7489883,0.0,0.0,1.0,260.01663,20.0,10.320251,0.19095264,1.6749046,1.0
5256,24.568123,5.142045,5.41579,0.73908466,0.0,0.0,1.0,256.39038,20.0,10.153588,0.18840848,1.652589,1.0
5257,22.015364,5.252328,5.598298,0.758116,0.0,0.0,1.0,254.41415,20.0,10.062761,0.14683202,1.287909,1.0
5258,24.038216,5.273186,5.3806634,0.82892954,0.0,0.0,1.0,253.04817,20.0,9.99998,0.17977795,1.576888,1.0
5259,23.64993,5.2991023,5.406471,0.82892954,0.0,0.0,1.0,253.04817,20.0,9.99998,0.17345397,1.5214183,1.0
5260,23.994514,5.2417006,5.4872146,0.6933144,0.0,0.0,1.0,243.68132,20.0,9.569478,0.17906618,1.5706449,1.0
5261,25.29187,5.2068915,5.469416,0.73908466,0.0,0.0,1.0,240.15636,20.0,9.407471,0.20019604,1.7559813,1.0
5262,23.263462,5.3441687,5.758285,0.69993377,0.0,0.0,1.0,232.59604,20.0,9.059998,0.16715963,1.4662088,1.0
5263,24.81337,5.389087,5.5090756,0.7605955,0.0,0.0,1.0,268.9691,20.0,10.731708,0.19240278,1.6876242,1.0
5264,24.427307,5.268694,5.560972,0.7040753,0.0,0.0,1.0,259.6341,20.0,10.3026705,0.18611504,1.6324725,1.0
5265,24.697792,5.312844,5.5334783,0.70413715,0.0,0.0,1.0,325.95297,20.0,13.350696,0.19052038,1.6711131,1.0
5266,25.4245,5.3097796,5.579821,0.7652417,0.0,0.0,1.0,289.5498,20.0,11.677601,0.20235619,1.7749287,1.0
5267,25.039875,5.3200417,5.5385747,0.70620054,0.0,0.0,1.0,274.27057,20.0,10.975365,0.19609185,1.7199821,1.0
5268,25.825245,5.347359,5.575778,0.67006934,0.0,0.0,1.0,274.27057,20.0,10.975365,0.20888306,1.8321779,1.0
5269,24.677145,5.5578685,5.5602713,0.7569255,0.0,0.0,1.0,274.27057,20.0,10.975365,0.1901841,1.6681635,1.0
5270,25.135279,5.3354826,5.594938,0.7875345,0.0,0.0,1.0,270.21042,20.0,10.788759,0.19764566,1.7336112,1.0
5271,23.11729,5.3383512,5.658306,0.69115984,0.0,0.0,1.0,264.3416,20.0,10.519029,0.16477896,1.4453272,1.0
5272,25.687775,5.326583,5.6230187,0.71082,0.0,0.0,1.0,264.3416,20.0,10.519029,0.2066441,1.8125392,1.0
5273,24.15087,5.6788125,5.7398224,0.72036207,0.0,0.0,1.0,258.72977,20.0,10.261107,0.18161273,1.5929813,1.0
5274,24.393124,5.6683145,5.709258,0.7348711,0.0,0.0,1.0,255.12047,20.0,10.095223,0.1855583,1.6275892,1.0
5275,22.880404,5.4084973,5.6147337,0.76927334,0.0,0.0,1.0,174.94548,20.0,6.410369,0.16092084,1.4114864,1.0
5276,23.641819,5.5678816,5.8107905,0.71486753,0.0,0.0,1.0,172.47166,20.0,6.296672,0.17332189,1.5202599,1.0
5277,23.229961,5.4448113,5.6234603,0.7552575,0.0,0.0,1.0,131.62366,20.0,4.4192915,0.16661401,1.4614229,1.0
5278,23.270113,5.436951,5.7566004,0.75646144,0.0,0.0,1.0,127.798706,20.0,4.243496,0.16726796,1.467159,1.0
5279,23.460855,5.3657646,5.7626405,0.69129217,0.0,0.0,1.0,125.37057,20.0,4.1318984,0.17037456,1.4944079,1.0
5280,22.131193,5.4256687,5.5740104,0.7387571,0.0,0.0,1.0,123.491234,20.0,4.045524,0.14871854,1.3044562,1.0
5281,25.061913,5.3747506,5.838748,0.71430403,0.0,0.0,1.0,125.6107,20.0,4.1429353,0.19645078,1.7231306,1.0
5282,25.549355,5.351572,5.6829762,0.797558,0.0,0.0,1.0,126.919685,20.0,4.2030964,0.20438965,1.7927648,1.0
5283,20.92354,5.483309,5.538344,0.8731486,0.0,0.0,1.0,127.55543,20.0,4.232315,0.12904967,1.1319345,1.0
5284,24.512568,5.353039,5.6108975,0.7727678,0.0,0.0,1.0,125.37057,20.0,4.1318984,0.18750364,1.6446524,1.0
5285,26.588291,5.320985,5.633395,0.74073327,0.0,0.0,1.0,123.261665,20.0,4.034973,0.2213107,1.9411845,1.0
5286,23.272173,5.495657,5.5374756,0.73814887,0.0,0.0,1.0,125.37057,20.0,4.1318984,0.1673015,1.4674532,1.0
5287,24.878397,5.2846575,5.7402887,0.63422436,0.0,0.0,1.0,125.60826,20.0,4.142823,0.19346185,1.6969137,1.0
5288,23.457117,5.410781,5.5331535,0.6907306,0.0,0.0,1.0,125.60826,20.0,4.142823,0.17031369,1.493874,1.0
5289,25.718777,5.566188,5.561133,0.7745257,0.0,0.0,1.0,127.798706,20.0,4.243496,0.20714903,1.8169681,1.0
5290,22.98255,5.4749293,5.6240335,0.70118815,0.0,0.0,1.0,127.798706,20.0,4.243496,0.16258445,1.4260784,1.0
5291,25.409012,5.2269483,5.443151,0.7254284,0.0,0.0,1.0,125.60826,20.0,4.142823,0.20210394,1.7727162,1.0
5292,23.901619,5.1743298,5.45593,0.7050831,0.0,0.0,1.0,125.60826,20.0,4.142823,0.17755322,1.5573741,1.0
5293,21.78334,5.285227,5.5455937,0.75814515,0.0,0.0,1.0,123.261665,20.0,4.034973,0.1430531,1.2547629,1.0
5294,23.831066,5.591896,5.619324,0.66428465,0.0,0.0,1.0,125.60826,20.0,4.142823,0.17640416,1.5472955,1.0
5295,23.623915,5.3012176,5.6086516,0.80638653,0.0,0.0,1.0,125.60826,20.0,4.142823,0.17303027,1.517702,1.0
5296,22.758717,5.40458,5.465606,0.7296083,0.0,0.0,1.0,122.03161,20.0,3.9784396,0.15893894,1.3941026,1.0
5297,25.218954,5.1862993,5.533043,0.76742387,0.0,0.0,1.0,123.911865,20.0,4.0648565,0.19900848,1.7455648,1.0
5298,23.859797,5.3790765,5.422563,0.7914238,0.0,0.0,1.0,121.627495,20.0,3.9598663,0.17687207,1.5513996,1.0
5299,24.58363,5.2048273,5.536127,0.74073327,0.0,0.0,1.0,122.671844,20.0,4.007865,0.18866105,1.6548043,1.0
5300,26.148264,5.474247,5.461439,0.781221,0.0,0.0,1.0,122.264366,20.0,3.9891372,0.21414402,1.8783234,1.0
5301,25.909073,5.459414,5.4976892,0.77269506,0.0,0.0,1.0,126.03212,20.0,4.1623034,0.21024837,1.8441534,1.0
5302,26.64717,5.455148,5.4948287,0.7762277,0.0,0.0,1.0,126.03212,20.0,4.1623034,0.22226964,1.9495957,1.0
5303,24.261885,5.183093,5.470132,0.79057425,0.0,0.0,1.0,124.75327,20.0,4.1035275,0.18342084,1.6088408,1.0
5304,24.136698,5.449672,5.5141215,0.6792358,0.0,0.0,1.0,205.6959,20.0,7.823663,0.18138191,1.5909568,1.0
5305,22.536308,5.2471576,5.4574833,0.7623647,0.0,0.0,1.0,594.8662,20.0,20.0,0.1553166,1.36233,1.0
5306,23.046635,5.1574903,5.324456,0.74402696,0.0,0.0,1.0,594.8662,20.0,20.0,0.1636282,1.4352336,1.0
5307,26.561325,5.413485,5.4589725,0.7765314,0.0,0.0,1.0,205.72214,20.0,7.8248687,0.22087148,1.937332,1.0
5308,25.783794,5.3655157,5.424212,0.7866153,0.0,0.0,1.0,205.7259,20.0,7.825042,0.20820795,1.8262563,1.0
5309,22.576925,5.37041,5.3893886,0.7746618,0.0,0.0,1.0,205.7259,20.0,7.825042,0.15597811,1.3681322,1.0
5310,22.598305,5.1026573,5.3316584,0.75577116,0.0,0.0,1.0,542.4748,20.0,20.0,0.15632631,1.3711864,1.0
5311,22.93292,5.236713,5.3818703,0.7459032,0.0,0.0,1.0,542.4748,20.0,20.0,0.16177617,1.4189888,1.0
5312,24.902946,5.319374,5.355357,0.76147276,0.0,0.0,1.0,542.4748,20.0,20.0,0.19386171,1.700421,1.0
5313,27.122952,5.296531,5.3409123,0.79950285,0.0,0.0,1.0,604.38635,20.0,20.0,0.2300186,2.0175643,1.0
5314,25.351944,5.2668624,5.255252,0.6657441,0.0,0.0,1.0,641.73346,20.0,20.0,0.20117448,1.7645636,1.0
5315,24.621086,4.9808717,5.21877,0.7297685,0.0,0.0,1.0,641.73346,20.0,20.0,0.18927108,1.660155,1.0
5316,26.9368,5.025374,5.108582,0.89968425,0.0,0.0,1.0,641.73346,20.0,20.0,0.22698683,1.9909716,1.0
5317,27.334282,5.1408615,5.198643,0.8336006,0.0,0.0,1.0,668.10675,20.0,20.0,0.23346058,2.0477548,1.0
5318,23.591133,4.8574595,5.065301,0.68567467,0.0,0.0,1.0,644.89014,19.629871,20.0,0.1797411,1.5765647,1.0
5319,21.767797,4.7715583,5.0495286,0.6771955,0.0,0.0,1.0,650.8165,19.209227,20.0,0.15739462,1.3805568,1.0
5320,26.978178,4.9872355,5.0608687,0.84061897,0.0,0.0,1.0,644.89014,20.0,20.0,0.22766073,1.9968826,1.0
5321,27.993368,4.9260387,4.946692,0.88559276,0.0,0.0,1.0,644.89014,19.965693,20.0,0.24497843,2.1487815,1.0
5322,26.98202,4.8968296,4.9068656,0.78192705,0.0,0.0,1.0,599.4038,19.82266,20.0,0.23165476,2.0319154,1.0
5323,22.702452,4.8089447,4.853698,0.64834696,0.0,0.0,1.0,599.39294,19.392302,20.0,0.16960946,1.487697,1.0
5324,21.034628,4.567653,4.74473,0.7365303,0.0,0.0,1.0,599.39294,18.210737,20.0,0.16451928,1.4430494,1.0
5325,21.843674,4.5943604,4.831725,0.7337925,0.0,0.0,1.0,210.14917,18.341516,8.028336,0.17620486,1.5455472,1.0
5326,22.862507,4.5101795,4.642563,0.68142724,0.0,0.0,1.0,210.14917,17.929298,8.028336,0.20363402,1.786137,1.0
5327,21.831211,4.368825,4.5778317,0.6876795,0.0,0.0,1.0,125.744125,17.237106,4.1490674,0.20082492,1.7614974,1.0
5328,20.848663,4.444336,4.5410967,0.6877588,0.0,0.0,1.0,125.317856,17.606873,4.129476,0.17398308,1.5260594,1.0
5329,20.912899,4.4762163,4.4832215,0.648347,0.0,0.0,1.0,119.88866,17.762985,3.879949,0.17177115,1.5066578,1.0
5330,20.311716,4.4378023,4.4315934,0.6581111,0.0,0.0,1.0,115.02264,17.574879,3.656306,0.16473334,1.444927,1.0
5331,20.21512,4.341347,4.353195,0.648347,0.0,0.0,1.0,111.93964,17.102552,3.514611,0.1732904,1.5199836,1.0
5332,17.865225,4.036742,4.2568727,0.70701975,0.0,0.0,1.0,108.415085,15.610952,3.352622,0.16104558,1.4125806,1.0
5333,20.04889,4.2232423,4.2020535,0.7643649,0.0,0.0,1.0,106.85538,16.524212,3.2809377,0.18348908,1.6094395,1.0
5334,18.634857,4.1105566,4.0843387,0.70460147,0.0,0.0,1.0,102.37282,15.972409,3.0749185,0.16830538,1.4762585,1.0
5335,17.917122,3.7656345,4.0897193,0.72698325,0.0,0.0,1.0,98.69788,14.283381,2.906018,0.19687675,1.7268668,1.0
5336,18.434326,3.94886,3.9531546,0.712608,0.0,0.0,1.0,97.259346,15.180607,2.8399026,0.1838246,1.6123824,1.0
5337,19.078136,3.8696425,3.9104595,0.7475948,0.0,0.0,1.0,68.00313,14.792692,1.4952825,0.20837419,1.8277143,1.0
5338,18.971117,3.7988722,3.770359,0.7765314,0.0,0.0,1.0,67.27294,14.446141,1.4617231,0.21603903,1.8949451,1.0
5339,18.554987,3.7039967,3.699531,0.7540898,0.0,0.0,1.0,67.27294,13.981551,1.4617231,0.22055842,1.934586,1.0
5340,16.322996,3.4202158,3.6309555,0.71225035,0.0,0.0,1.0,65.55277,12.591923,1.3826638,0.21052627,1.846591,1.0
5341,15.800268,3.379891,3.4278095,0.8501751,0.0,0.0,1.0,62.45837,12.394458,1.2404447,0.20351578,1.7850999,1.0
5342,14.597617,3.4580107,3.5871727,0.755256,0.0,0.0,1.0,62.45837,12.776998,1.2404447,0.16042301,1.4071198,1.0
5343,17.159945,3.4072235,3.418294,0.8152788,0.0,0.0,1.0,59.62209,12.528301,1.1100888,0.23443139,2.0562701,1.0
5344,17.163204,3.3310122,3.3942475,0.8557525,0.0,0.0,1.0,58.29352,12.1551075,1.0490276,0.24821699,2.177188,1.0
5345,16.07636,3.1786776,3.3425531,0.8235312,0.0,0.0,1.0,2.4294202,11.409149,0.0,0.24725945,2.1687891,1.0
5346,15.821728,3.1602337,3.254473,0.75016767,0.0,0.0,1.0,0.92843395,11.318832,0.0,0.24359398,2.136638,1.0
5347,16.156616,3.12256,3.1926837,0.8656551,0.0,0.0,1.0,0.923759,11.134351,0.0,0.26093528,2.288744,1.0
5348,15.5506735,3.0797985,3.2742195,0.8236939,0.0,0.0,1.0,1.609154,10.924954,0.0,0.25192803,2.2097385,1.0
5349,15.835441,3.086913,3.116784,0.8621413,0.0,0.0,1.0,1.6071545,10.959793,0.0,0.2589178,2.271048,1.0
5350,15.5376215,3.0376282,3.0497556,0.812154,0.0,0.0,1.0,1.5953534,10.718453,0.0,0.2604642,2.284612,1.0
5351,15.71556,3.0626752,3.0658398,0.82851875,0.0,0.0,1.0,1.5546392,10.8411045,0.0,0.26046842,2.2846491,1.0
5352,15.19432,3.0009465,3.0906425,0.7828006,0.0,0.0,1.0,1.5243915,10.538829,0.0,0.25790137,2.2621326,1.0
5353,14.80943,2.9782195,3.0121756,0.8161346,0.0,0.0,1.0,1.5244812,10.427539,0.0,0.2508904,2.2006373,1.0
5354,15.7740555,2.9850965,3.0360568,0.7717154,0.0,0.0,1.0,1.5220444,10.461214,0.0,0.2794373,2.451031,1.0
5355,15.12348,2.9663723,3.0191667,0.8300637,0.0,0.0,1.0,1.5221337,10.369524,0.0,0.26334387,2.3098705,1.0
5356,14.433442,2.9607787,3.0173628,0.7875059,0.0,0.0,1.0,1.5224013,10.3421335,0.0,0.24286851,2.1302748,1.0
5357,14.730065,2.9521034,2.9782143,0.7717154,0.0,0.0,1.0,1.5232915,10.299652,0.0,0.25412455,2.2290049,1.0
5358,14.604608,2.8750317,2.9151995,0.8427998,0.0,0.0,1.0,1.5208676,9.922245,0.0,0.26772535,2.3483016,1.0
5359,14.001399,2.9136813,2.9771364,0.84401697,0.0,0.0,1.0,1.988786,10.1115055,0.0,0.23931915,2.099142,1.0
5360,13.270716,2.8046122,2.9217029,0.79954416,0.0,0.0,1.0,4.685126,9.577412,0.0,0.23962103,2.1017902,1.0
5361,13.756653,2.8274565,2.8987844,0.8194411,0.0,0.0,1.0,15.164634,9.689277,0.0,0.2507465,2.199375,1.0
5362,13.244563,2.7823026,2.8021805,0.8427998,0.0,0.0,1.0,20.692066,9.468165,0.0,0.24392907,2.1395774,1.0
5363,12.771056,2.6683977,2.8004951,0.79954416,0.0,0.0,1.0,24.195108,8.910392,0.0,0.25514245,2.2379332,1.0
5364,12.63843,2.7391417,2.7163544,0.8427998,0.0,0.0,1.0,25.102335,9.256813,0.0,0.23300356,2.0437462,1.0
5365,12.031888,2.6398718,2.661917,0.8427998,0.0,0.0,1.0,28.794151,8.770705,0.0,0.23512593,2.0623622,1.0
5366,11.590425,2.6198988,2.6703799,0.8091375,0.0,0.0,1.0,28.21688,8.6729,0.0,0.22358467,1.9611301,1.0
5367,12.143182,2.6225138,2.6511962,0.8091375,0.0,0.0,1.0,26.680782,8.685705,0.0,0.24367276,2.137329,1.0
5368,11.649468,2.537061,2.5976527,0.8091375,0.0,0.0,1.0,26.882528,8.267257,0.0,0.24727029,2.168884,1.0
5369,11.484192,2.537499,2.5667148,0.8091375,0.0,0.0,1.0,13.861727,8.269402,0.0,0.24064085,2.1107352,1.0
5370,11.416495,2.5370214,2.5624902,0.84089303,0.0,0.0,1.0,15.2371235,8.267063,0.0,0.23810145,2.0884614,1.0
5371,11.476498,2.496885,2.5201073,0.8016345,0.0,0.0,1.0,15.333985,8.070522,0.0,0.25147793,2.2057905,1.0
5372,11.238115,2.5168982,2.4998443,0.7893962,0.0,0.0,1.0,14.1789665,8.168523,0.0,0.23641466,2.073666,1.0
5373,9.999328,2.4931924,2.4893167,0.8362577,0.0,0.0,1.0,15.5707855,8.05244,0.0,0.19276358,1.690789,1.0
5374,10.368809,2.4171631,2.44229,0.8132485,0.0,0.0,1.0,17.20026,7.6801367,0.0,0.22804265,2.0002325,1.0
5375,10.595715,2.4373376,2.4190862,0.8091375,0.0,0.0,1.0,19.14647,7.778928,0.0,0.23195912,2.034585,1.0
5376,9.19589,2.417522,2.4218934,0.82801753,0.0,0.0,1.0,21.351643,7.681894,0.0,0.17820643,1.5631037,1.0
5377,9.587995,2.396766,2.3516426,0.8612855,0.0,0.0,1.0,21.380613,7.580255,0.0,0.20028427,1.7567552,1.0
5378,9.567497,2.4016097,2.3785694,0.863625,0.0,0.0,1.0,27.067213,7.603974,0.0,0.19812106,1.737781,1.0
5379,9.155875,2.3509474,2.3795173,0.79330766,0.0,0.0,1.0,27.979185,7.355889,0.0,0.19371602,1.699143,1.0
5380,9.282026,2.3552356,2.3293912,0.79954416,0.0,0.0,1.0,28.667019,7.376888,0.0,0.19813228,1.7378794,1.0
5381,8.762069,2.2796667,2.267032,0.8673977,0.0,0.0,1.0,28.667019,7.006839,0.0,0.19560602,1.7157209,1.0
5382,8.431274,2.2733269,2.264597,0.8673977,0.0,0.0,1.0,52.24483,6.975794,0.7710289,0.18197232,1.5961355,1.0
5383,8.347123,2.2791882,2.2621408,0.8673977,0.0,0.0,1.0,49.675232,7.0044956,0.6529297,0.17644568,1.5476595,1.0
5384,8.306619,2.2684944,2.2764409,0.85965073,0.0,0.0,1.0,54.533566,6.95213,0.87621945,0.17747174,1.5566595,1.0
5385,8.345072,2.2725813,2.3006263,0.8318789,0.0,0.0,1.0,57.123352,6.972143,0.9952464,0.17815106,1.562618,1.0
5386,8.67214,2.3558404,2.313492,0.7794503,0.0,0.0,1.0,64.61342,7.3798494,1.339491,0.17104816,1.5003163,1.0
5387,8.450058,2.2891104,2.2916632,0.7794503,0.0,0.0,1.0,62.190422,7.0530834,1.2281297,0.17852546,1.565902,1.0
5388,8.5991125,2.3222754,2.3000357,0.71746844,0.0,0.0,1.0,62.190422,7.215487,1.2281297,0.17647074,1.5478795,1.0
5389,8.319737,2.2358153,2.2821562,0.72785,0.0,0.0,1.0,64.61342,6.7921057,1.339491,0.1872706,1.6426083,1.0
5390,8.665459,2.2612107,2.2458851,0.80271167,0.0,0.0,1.0,57.973133,6.916463,1.0343025,0.19637866,1.7224979,1.0
5391,8.575373,2.2547092,2.280841,0.7771568,0.0,0.0,1.0,61.181053,6.8846264,1.181739,0.19400361,1.7016656,1.0
5392,8.56359,2.2153826,2.261137,0.7771568,0.0,0.0,1.0,58.586193,6.69205,1.0624788,0.20510581,1.7990464,1.0
5393,8.536291,2.2288806,2.2443237,0.7771568,0.0,0.0,1.0,53.891563,6.758148,0.84671295,0.19971316,1.7517458,1.0
5394,8.640967,2.2406425,2.2817564,0.66401017,0.0,0.0,1.0,52.571136,6.8157444,0.78602594,0.20123892,1.7651287,1.0
5395,8.529028,2.1900268,2.2514298,0.7654034,0.0,0.0,1.0,51.980247,6.567887,0.7588686,0.21127173,1.8531296,1.0
5396,8.840913,2.2338345,2.2525537,0.7654034,0.0,0.0,1.0,51.980247,6.7824063,0.7588686,0.2128716,1.8671626,1.0
5397,7.9943705,2.1480267,2.2498157,0.66401017,0.0,0.0,1.0,52.462082,6.3622193,0.7810138,0.19757207,1.7329657,1.0
5398,8.626972,2.234516,2.2479503,0.6732072,0.0,0.0,1.0,52.462082,6.7857428,0.7810138,0.20239297,1.7752513,1.0
5399,8.484934,2.2172449,2.2358325,0.66401017,0.0,0.0,1.0,56.90233,6.7011695,0.98508817,0.20071512,1.7605344,1.0
5400,8.293667,2.15633,2.191651,0.66401017,0.0,0.0,1.0,57.733723,6.4028797,1.0232992,0.21019916,1.8437217,1.0
5401,7.9647784,2.167947,2.1963098,0.66401017,0.0,0.0,1.0,32.34795,6.4597664,0.0,0.18989913,1.665664,1.0
5402,8.070898,2.145586,2.1639664,0.72756624,0.0,0.0,1.0,32.82559,6.350268,0.0,0.20226789,1.7741541,1.0
5403,6.835756,2.035409,2.1462343,0.68124366,0.0,0.0,1.0,32.82559,5.8107486,0.0,0.17146766,1.5039959,1.0
5404,7.1004276,1.9965287,2.1251028,0.85634905,0.0,0.0,1.0,32.464806,5.6203585,0.0,0.19978796,1.752402,1.0
5405,6.782534,1.9721104,2.0519056,0.7966286,0.0,0.0,1.0,30.171711,5.500786,0.0,0.18990874,1.6657482,1.0
5406,6.166235,1.8951466,2.0649917,0.85024244,0.0,0.0,1.0,29.093742,5.1239066,0.0,0.18027106,1.5812131,1.0
5407,6.410276,1.92286,2.0046942,0.8938262,0.0,0.0,1.0,27.94243,5.259615,0.0,0.18527056,1.6250653,1.0
5408,6.1891055,1.9183717,2.0542195,0.8724957,0.0,0.0,1.0,29.424469,5.237636,0.0,0.17318152,1.5190287,1.0
5409,6.3057947,1.8970014,2.041539,0.92876387,0.0,0.0,1.0,29.039196,5.1329894,0.0,0.1884338,1.652811,1.0
5410,5.9157143,1.8272177,2.0106142,0.92876387,0.0,0.0,1.0,29.371403,4.79127,0.0,0.19045413,1.670532,1.0
5411,5.9302926,1.7924801,1.9860115,0.82900846,0.0,0.0,1.0,51.79838,4.6211658,0.75051004,0.20628598,1.809398,1.0
5412,5.76245,1.7639178,1.8945116,0.8238168,0.0,0.0,1.0,51.035877,4.481301,0.7154652,0.20713243,1.8168225,1.0
5413,5.71595,1.7624081,1.9715863,0.8501254,0.0,0.0,1.0,51.035877,4.473908,0.7154652,0.20443894,1.7931972,1.0
5414,6.0729074,1.8063588,1.8956168,0.8238168,0.0,0.0,1.0,53.78685,4.6891274,0.8419003,0.21013443,1.8431541,1.0
5415,5.669999,1.7448169,1.866133,0.8238168,0.0,0.0,1.0,57.827034,4.387767,1.0275878,0.20919795,1.8349398,1.0
5416,5.436123,1.7095982,1.8334649,0.8238168,0.0,0.0,1.0,57.827034,4.2153063,1.0275878,0.20834653,1.8274719,1.0
5417,5.4285326,1.7028061,1.785573,0.8238168,0.0,0.0,1.0,54.63388,4.1820464,0.88083,0.2110962,1.8515899,1.0
5418,5.357079,1.730913,1.793385,0.82900846,0.0,0.0,1.0,53.78685,4.3196816,0.8419003,0.19223583,1.6861598,1.0
5419,5.416226,1.7170944,1.7691224,0.8238168,0.0,0.0,1.0,52.462082,4.252014,0.7810138,0.20319574,1.7822926,1.0
5420,5.169944,1.6707872,1.7505139,0.8238168,0.0,0.0,1.0,51.676495,4.025255,0.74490803,0.20664017,1.8125048,1.0
5421,4.718905,1.595477,1.6699804,0.8238168,0.0,0.0,1.0,51.676495,3.6564734,0.74490803,0.20865488,1.8301765,1.0
5422,5.369601,1.6863548,1.7082621,0.8238168,0.0,0.0,1.0,51.100643,4.101487,0.71844184,0.21472077,1.8833822,1.0
5423,4.7994285,1.6124768,1.6478252,0.8238168,0.0,0.0,1.0,52.225555,3.739719,0.770143,0.206311,1.8096175,1.0
5424,4.913242,1.620919,1.6488686,0.8238168,0.0,0.0,1.0,48.903877,3.7810588,0.61747813,0.2115454,1.85553,1.0
5425,4.866142,1.6117953,1.62123,0.8238168,0.0,0.0,1.0,48.903877,3.7363815,0.61747813,0.21250047,1.8639072,1.0
5426,4.3409214,1.5273521,1.5248575,0.8238168,0.0,0.0,1.0,43.599976,3.322877,0.37371007,0.21380568,1.8753556,1.0
5427,4.7075195,1.6046485,1.6143492,0.82900846,0.0,0.0,1.0,43.450844,3.7013845,0.36685595,0.20255214,1.7766474,1.0
5428,3.9978807,1.4934663,1.4901739,0.82900834,0.0,0.0,1.0,43.599976,3.1569433,0.37371007,0.20077704,1.7610774,1.0
5429,4.3486953,1.5371273,1.5682664,0.8501254,0.0,0.0,1.0,24.536762,3.3707442,0.0,0.20851395,1.8289403,1.0
5430,4.043515,1.4907706,1.5089253,0.8238168,0.0,0.0,1.0,24.588442,3.143743,0.0,0.20723756,1.8177446,1.0
5431,3.5999987,1.412102,1.510422,0.8501254,0.0,0.0,1.0,24.615736,2.7585158,0.0,0.21337396,1.8715689,1.0
5432,3.6693628,1.4516189,1.574462,0.85154647,0.0,0.0,1.0,24.588442,2.9520237,0.0,0.19316196,1.6942832,1.0
5433,3.670813,1.421992,1.5018796,0.80666125,0.0,0.0,1.0,22.853342,2.8069453,0.0,0.21425728,1.8793168,1.0
5434,3.4678564,1.4069705,1.5734005,0.85939074,0.0,0.0,1.0,24.588442,2.7333877,0.0,0.20153457,1.767722,1.0
5435,3.4017098,1.396689,1.5924146,0.85154647,0.0,0.0,1.0,23.57543,2.683041,0.0,0.20125878,1.7653029,1.0
5436,3.0231798,1.3421824,1.5510747,0.8781577,0.0,0.0,1.0,24.588442,2.416131,0.0,0.195849,1.7178521,1.0
5437,3.0356898,1.3479433,1.619056,0.85939074,0.0,0.0,1.0,2.8299658,2.4443412,0.0,0.19281226,1.691216,1.0
5438,2.913074,1.3275561,1.6391888,0.85939074,0.0,0.0,1.0,2.7533116,2.3445084,0.0,0.19300248,1.6928843,1.0
5439,2.6669703,1.3035456,1.558808,0.87185985,0.0,0.0,1.0,2.7533116,2.2269328,0.0,0.17837313,1.5645658,1.0
5440,2.7071574,1.2880778,1.5962647,0.88061,0.0,0.0,1.0,2.7533116,2.1511898,0.0,0.19819377,1.7384188,1.0
5441,2.7718692,1.2928021,1.6489252,0.8988717,0.0,0.0,1.0,2.4872153,2.1743236,0.0,0.2035269,1.7851974,1.0
5442,2.34074,1.2358905,1.931865,0.89380693,0.0,0.0,1.0,35.861454,1.8956369,0.018046455,0.1904925,1.6708685,1.0
5443,2.8628125,1.3123914,1.6911514,0.88061,0.0,0.0,1.0,31.039003,2.2702494,0.0,0.19902952,1.7457495,1.0
5444,2.821811,1.3305664,1.7298348,0.88777435,0.0,0.0,1.0,27.566137,2.3592494,0.0,0.17787313,1.5601802,1.0
5445,2.661782,1.2833078,1.9479285,0.9055866,0.0,0.0,1.0,27.559195,2.1278317,0.0,0.19574742,1.7169611,1.0
5446,2.9891658,1.339342,1.9581195,0.9055866,0.0,0.0,1.0,22.95253,2.402222,0.0,0.1935967,1.6980965,1.0
5447,2.6648867,1.2955476,1.7718548,0.88777435,0.0,0.0,1.0,27.559195,2.187768,0.0,0.18504639,1.6230991,1.0
5448,3.3646545,1.4063224,1.9551328,0.9055866,0.0,0.0,1.0,27.559195,2.7302139,0.0,0.18970215,1.6639363,1.0
5449,3.0103424,1.3533615,1.9356372,0.88382566,0.0,0.0,1.0,30.675714,2.470873,0.0,0.18512678,1.6238042,1.0
5450,3.1180887,1.3538935,1.9259869,0.9055866,0.0,0.0,1.0,27.559195,2.4734783,0.0,0.1988981,1.7445967,1.0
5451,3.0893888,1.3516243,1.9159818,0.9055866,0.0,0.0,1.0,30.675714,2.462366,0.0,0.1969546,1.7275496,1.0
5452,2.9567857,1.3340973,1.8636572,0.9055866,0.0,0.0,1.0,34.225876,2.3765395,0.0,0.19353874,1.6975881,1.0
5453,3.057642,1.3538694,1.8363955,0.9055866,0.0,0.0,1.0,35.861454,2.4733605,0.018046455,0.19095695,1.6749424,1.0
5454,2.8636947,1.3300802,1.8036844,0.9061898,0.0,0.0,1.0,37.59708,2.3568683,0.097816095,0.18405539,1.6144067,1.0
5455,2.569162,1.272289,1.755303,0.9061898,0.0,0.0,1.0,37.256836,2.0738745,0.082178414,0.19180138,1.6823492,1.0
5456,2.6373422,1.2889116,1.7264842,0.9061898,0.0,0.0,1.0,37.100243,2.1552725,0.07498136,0.18686573,1.639057,1.0
5457,1.828447,1.1574961,1.66913,0.9061898,0.0,0.0,1.0,36.970913,1.5117521,0.06903735,0.18224636,1.5985391,1.0
5458,2.019624,1.1936227,1.6046575,0.9061898,0.0,0.0,1.0,36.970913,1.6886584,0.06903735,0.17785037,1.5599805,1.0
5459,2.2438312,1.2240026,1.610093,0.9061898,0.0,0.0,1.0,37.100243,1.8374237,0.07498136,0.18605573,1.6319523,1.0
5460,1.5495039,1.1054753,1.5699764,0.88055384,0.0,0.0,1.0,33.030884,1.2570149,0.0,0.1898024,1.6648154,1.0
5461,2.094115,1.1928148,1.5911889,0.88055384,0.0,0.0,1.0,25.988165,1.6847023,0.0,0.19316807,1.6943369,1.0
5462,1.5646874,1.098917,1.6752635,0.8884434,0.0,0.0,1.0,33.030884,1.2248999,0.0,0.20436768,1.7925721,1.0
5463,1.9111032,1.15989,1.5571569,0.88055384,0.0,0.0,1.0,17.71593,1.523475,0.0,0.19688767,1.7269626,1.0
5464,1.8080827,1.1362528,1.6623157,0.87794095,0.0,0.0,1.0,17.71593,1.407727,0.0,0.20664734,1.8125676,1.0
5465,1.7810942,1.1310663,1.6361058,0.8738495,0.0,0.0,1.0,19.314692,1.3823298,0.0,0.20797439,1.8242077,1.0
5466,1.554573,1.0922877,1.6376475,0.8738495,0.0,0.0,1.0,0.9901512,1.192437,0.0,0.21293254,1.8676971,1.0
5467,1.2028215,1.034095,1.682823,0.87794095,0.0,0.0,1.0,19.314692,0.9074773,0.0,0.22002134,1.9298751,1.0
5468,1.4818372,1.0753894,1.2559539,0.8579106,0.0,0.0,1.0,19.314692,1.109689,0.0,0.22324817,1.9581786,1.0
5469,1.5476145,1.0881374,1.5554351,0.9141593,0.0,0.0,1.0,20.099913,1.1721139,0.0,0.21836191,1.9153198,1.0
5470,1.2056276,1.0381922,1.5533615,0.87107134,0.0,0.0,1.0,20.141882,0.9275402,0.0,0.21166795,1.856605,1.0
5471,0.79296905,0.97428757,1.5647072,0.858965,0.0,0.0,1.0,20.288193,0.61460984,0.0,0.20853671,1.82914,1.0
5472,2.0226786,1.1819485,1.2863388,0.7318636,0.0,0.0,1.0,20.30116,1.6314918,0.0,0.19211091,1.6850642,1.0
5473,1.8557293,1.1600268,1.1740777,0.70423704,0.0,0.0,1.0,22.435633,1.5241445,0.0,0.18487376,1.6215849,1.0
5474,2.2457633,1.2225567,1.3138568,0.7280013,0.0,0.0,1.0,22.435633,1.8303434,0.0,0.18793832,1.648465,1.0
5475,1.9329963,1.1631314,1.2202277,0.7042785,0.0,0.0,1.0,36.210354,1.5393472,0.034081943,0.19730715,1.730642,1.0
5476,1.8854419,1.1540791,1.3757969,0.8877712,0.0,0.0,1.0,41.52774,1.4950196,0.27846983,0.19907393,1.7461389,1.0
5477,1.0754577,1.0234991,1.3861386,0.904338,0.0,0.0,1.0,54.098473,0.8555908,0.8562225,0.19771497,1.7342191,1.0
5478,1.8859502,1.2017442,1.354254,0.8291751,0.0,0.0,1.0,54.098473,1.7284279,0.8562225,0.14369455,1.2603893,1.0
5479,1.6142236,1.1300138,1.3391817,0.8291752,0.0,0.0,1.0,54.146152,1.3771759,0.85841393,0.1700759,1.4917883,1.0
5480,1.6857377,1.1417322,1.3532363,0.8291752,0.0,0.0,1.0,59.50809,1.434559,1.1048493,0.17104185,1.5002608,1.0
5481,3.2563035,1.3841068,1.4322145,0.81672794,0.0,0.0,1.0,54.203945,2.6214278,0.86107004,0.19289744,1.6919631,1.0
5482,3.6259499,1.4277667,1.3966339,0.85106844,0.0,0.0,1.0,54.203945,2.8352232,0.86107004,0.20485422,1.7968397,1.0
5483,3.8814898,1.4770347,1.4358792,0.81672794,0.0,0.0,1.0,54.203945,3.0764806,0.86107004,0.19924232,1.7476159,1.0
5484,3.871589,1.4617374,1.5036582,0.8778856,0.0,0.0,1.0,54.203945,3.0015724,0.86107004,0.2084242,1.828153,1.0
5485,1.541538,1.1218097,1.3099542,0.74726826,0.0,0.0,1.0,54.1968,1.3370018,0.8607417,0.16383979,1.4370894,1.0
5486,1.8104279,1.1778272,1.3197678,0.7522289,0.0,0.0,1.0,59.54064,1.6113105,1.1063454,0.15426102,1.3530711,1.0
5487,1.574243,1.1457275,1.320226,0.7522289,0.0,0.0,1.0,59.52758,1.4541234,1.1057451,0.14091599,1.2360177,1.0
5488,1.3866655,1.113468,1.3147908,0.7522289,0.0,0.0,1.0,54.20869,1.296154,0.8612882,0.13675457,1.1995167,1.0
5489,1.3716286,1.128881,1.2627068,0.7679057,0.0,0.0,1.0,54.20869,1.3716286,0.8612882,0.11373789,0.9976302,0.0
5490,1.5835562,1.166155,1.2337502,0.7527288,0.0,0.0,1.0,57.770447,1.5541533,1.024987,0.12017065,1.0540539,1.0
5491,1.3533567,1.1251496,1.2037306,0.765572,0.0,0.0,1.0,57.770447,1.3533567,1.024987,0.108326264,0.9501631,0.0
5492,1.5502527,1.1653584,1.1680666,0.75396997,0.0,0.0,1.0,47.84361,1.5502527,0.56874806,0.0957849,0.840159,0.0
5493,1.2794015,1.0835913,1.0038806,0.8386729,0.0,0.0,1.0,47.84361,1.1498526,0.56874806,0.15070747,1.3219018,1.0
5494,1.1261512,1.0701575,1.1272786,0.7822969,0.0,0.0,1.0,47.84361,1.0840694,0.56874806,0.12665267,1.1109097,1.0
5495,1.5364938,1.1625487,1.1388813,0.7925428,0.0,0.0,1.0,61.039467,1.5364938,1.1752317,0.11254578,0.9871738,0.0
5496,1.434605,1.1293861,1.0177424,0.73473585,0.0,0.0,1.0,34.303226,1.374102,0.0,0.1283506,1.1258028,1.0
5497,1.5138416,1.1423573,1.1544378,0.669121,0.0,0.0,1.0,35.46057,1.4376202,0.0,0.13127838,1.1514833,1.0
5498,1.5639718,1.1139531,1.029428,0.7693677,0.0,0.0,1.0,40.126118,1.2985293,0.21405102,0.1805946,1.584051,1.0
5499,1.1750308,1.0887331,1.222928,0.6565762,0.0,0.0,1.0,41.10711,1.1750308,0.25913754,0.10896375,0.9557547,0.0
5500,1.7582878,1.1234511,1.0651808,0.82175463,0.0,0.0,1.0,42.84327,1.3450395,0.3389317,0.2140872,1.877825,1.0
5501,1.5021482,1.0918255,1.0161606,0.7699547,0.0,0.0,1.0,45.33507,1.1901739,0.45345533,0.19939198,1.7489287,1.0
5502,2.776024,1.3008978,1.1229724,0.7458136,0.0,0.0,1.0,44.191776,2.213967,0.4009093,0.19670257,1.725339,1.0
5503,2.34069,1.2285242,1.1296082,0.7626744,0.0,0.0,1.0,45.33507,1.8595653,0.45345533,0.19828598,1.7392277,1.0
5504,2.1503417,1.2041781,1.1073806,0.7984508,0.0,0.0,1.0,80.65046,1.7403463,2.0765557,0.19074616,1.6730934,1.0
5505,2.3801663,1.247313,1.1035969,0.77141756,0.0,0.0,1.0,80.65046,1.9515711,2.0765557,0.18554504,1.6274729,1.0
5506,2.0569994,1.1932968,1.1427541,0.79024863,0.0,0.0,1.0,80.65046,1.6870624,2.0765557,0.18543535,1.6265107,1.0
5507,2.399005,1.2527597,1.1386195,0.79024863,0.0,0.0,1.0,80.65046,1.9782425,2.0765557,0.18329082,1.6077005,1.0
5508,2.0817292,1.235349,1.1836478,0.73747355,0.0,0.0,1.0,80.65046,1.8929855,2.0765557,0.14648633,1.2848768,1.0
5509,1.8193654,1.1194521,1.0673873,0.786509,0.0,0.0,1.0,84.95094,1.325457,2.2742066,0.18948641,1.6620439,1.0
5510,2.0675452,1.1136494,1.1061585,0.7182085,0.0,0.0,1.0,91.700806,1.2970419,2.5844314,0.13858512,1.215573,1.0
5511,2.3646164,1.2440273,1.1124654,0.7886923,0.0,0.0,1.0,91.700806,1.9354812,2.5844314,0.18623064,1.6334865,1.0
5512,2.0675452,1.1203499,1.0288411,0.7246191,0.0,0.0,1.0,91.700806,1.3298532,2.5844314,0.13485245,1.1828326,1.0
5513,2.2369585,1.2072867,1.1681927,0.750103,0.0,0.0,1.0,87.3843,1.7555687,2.386044,0.20332761,1.7834493,1.0
5514,2.4551003,1.2595694,1.1549723,0.750103,0.0,0.0,1.0,84.95094,2.0115886,2.2742066,0.1858261,1.6299381,1.0
5515,1.7167119,1.1064413,1.0933653,0.8233552,0.0,0.0,1.0,82.15903,1.261745,2.1458898,0.1769672,1.552234,1.0
5516,1.6277266,1.0954148,1.1255221,0.9097373,0.0,0.0,1.0,79.73885,1.20775,2.0346582,0.18819849,1.6507472,1.0
5517,2.374901,1.2433139,1.1992916,0.88860667,0.0,0.0,1.0,71.47557,1.931988,1.6548766,0.18868414,1.6550069,1.0
5518,2.109799,1.2026556,1.2744405,0.8915699,0.0,0.0,1.0,54.487156,1.7328907,0.8740865,0.18485677,1.6214359,1.0
5519,2.5691142,1.2598985,1.2732685,0.8915699,0.0,0.0,1.0,54.487156,2.0132003,0.8740865,0.20395538,1.7889557,1.0
5520,1.765202,1.1597568,1.1729801,0.75431293,0.0,0.0,1.0,46.86173,1.5228224,0.5236207,0.16585398,1.4547565,1.0
5521,1.6507281,1.1277902,1.212035,0.85822916,0.0,0.0,1.0,43.914974,1.3662874,0.38818744,0.18182178,1.594815,1.0
5522,2.9360209,1.3764677,1.1698691,0.815382,0.0,0.0,1.0,8.129778,2.5840206,0.0,0.15838063,1.3892055,1.0
5523,2.2835019,1.262594,1.1269165,0.8001569,0.0,0.0,1.0,8.213795,2.0263994,0.0,0.15533647,1.3625041,1.0
5524,1.8597261,1.1975853,1.0720195,0.70188475,0.0,0.0,1.0,8.492124,1.7080626,0.0,0.14293116,1.2536933,1.0
5525,1.7556046,1.1726261,1.0832682,0.62949663,0.0,0.0,1.0,24.838337,1.5858415,0.0,0.148878,1.3058549,1.0
5526,1.8356661,1.1852939,1.0772227,0.61514413,0.0,0.0,1.0,24.662582,1.6478735,0.0,0.15112928,1.3256016,1.0
5527,1.6254792,1.1488233,1.0811028,0.6308331,0.0,0.0,1.0,24.662582,1.4692827,0.0,0.14863653,1.3037369,1.0
5528,1.0774581,1.0369743,1.09625,0.76595545,0.0,0.0,1.0,24.849035,0.9215766,0.0,0.16910544,1.483276,1.0
5529,0.9538706,1.0204865,1.1458703,0.8996472,0.0,0.0,1.0,26.468336,0.8408384,0.0,0.15779631,1.3840802,1.0
5530,1.5077139,1.1107239,1.2158538,0.9082892,0.0,0.0,1.0,24.849035,1.2827162,0.0,0.17114477,1.5011636,1.0
5531,1.3764467,1.1001815,1.1865668,0.8673023,0.0,0.0,1.0,24.218023,1.2310917,0.0,0.15246786,1.3373427,1.0
5532,1.4823929,1.1114248,1.1183467,0.8150454,0.0,0.0,1.0,24.45881,1.2861485,0.0,0.16371004,1.4359514,1.0
5533,1.1698476,1.0623015,1.12074,0.9052421,0.0,0.0,1.0,25.639349,1.0455998,0.0,0.15271519,1.3395121,1.0
5534,1.1996309,1.0643928,1.0674248,0.856717,0.0,0.0,1.0,25.008799,1.0558405,0.0,0.15836884,1.389102,1.0
5535,1.1634954,1.0863774,1.0574867,0.6847998,0.0,0.0,1.0,46.196457,1.1634954,0.49304473,0.110901564,0.9727519,0.0
5536,2.3545687,1.3090304,1.2312055,0.82169825,0.0,0.0,1.0,46.196457,2.253791,0.49304473,0.12857331,1.1277562,1.0
5537,2.3294659,1.3165627,1.2747324,0.91130006,0.0,0.0,1.0,45.077724,2.2906752,0.44162762,0.11952418,1.0483835,1.0
5538,1.9526821,1.2095119,1.178743,0.83697313,0.0,0.0,1.0,47.39917,1.766465,0.5483216,0.14834663,1.3011942,1.0
5539,1.9417479,1.2148157,1.1634481,0.79433274,0.0,0.0,1.0,44.410236,1.7924371,0.41094977,0.14114216,1.2380015,1.0
5540,2.041077,1.2167525,1.1842201,0.8027465,0.0,0.0,1.0,42.06841,1.8019212,0.30331904,0.1572408,1.3792076,1.0
5541,2.2418082,1.2378384,1.2335596,0.8409863,0.0,0.0,1.0,39.681877,1.9051753,0.19363366,0.1715639,1.5048399,1.0
5542,1.9045669,1.1917329,1.1891651,0.83892405,0.0,0.0,1.0,39.681877,1.6794041,0.19363366,0.15768066,1.3830658,1.0
5543,2.7320004,1.3080096,1.2534953,0.8180751,0.0,0.0,1.0,39.681877,2.2487924,0.19363366,0.18400069,1.6139269,1.0
5544,1.6905873,1.1590701,1.2335205,0.6531008,0.0,0.0,1.0,39.681877,1.51946,0.19363366,0.15069386,1.3217825,1.0
5545,1.7798064,1.1571578,1.1607331,0.7083656,0.0,0.0,1.0,40.423504,1.5100955,0.22771895,0.17218645,1.5103005,1.0
5546,3.066708,1.3559924,1.223199,0.81110597,0.0,0.0,1.0,39.681877,2.4837565,0.19363366,0.19046044,1.6705874,1.0
5547,3.2117064,1.3675365,1.2344924,0.8316793,0.0,0.0,1.0,42.06841,2.540286,0.30331904,0.20010334,1.7551682,1.0
5548,1.9740028,1.1751766,1.1273028,0.84758264,0.0,0.0,1.0,44.410236,1.5983309,0.41094977,0.19056945,1.6715435,1.0
5549,1.600215,1.1061798,1.2587913,0.8378412,0.0,0.0,1.0,43.113556,1.2604648,0.35135412,0.20180845,1.7701243,1.0
5550,1.8415419,1.1458254,1.201857,0.8715434,0.0,0.0,1.0,42.136997,1.4546026,0.30647135,0.20065753,1.7600292,1.0
5551,1.6719118,1.138161,1.1296841,0.81110615,0.0,0.0,1.0,42.136997,1.4170711,0.30647135,0.17258744,1.5138178,1.0
5552,1.3408197,1.0886217,1.0461633,0.8107799,0.0,0.0,1.0,40.02145,1.1744857,0.2092405,0.16013995,1.404637,1.0
5553,1.2094295,1.0892843,1.1350242,0.5852448,0.0,0.0,1.0,37.020332,1.1777301,0.07130867,0.122775495,1.0769018,1.0
5554,1.2219453,1.0643488,0.92579836,0.8036713,0.0,0.0,1.0,36.73572,1.0556251,0.058227923,0.16533,1.4501605,1.0
5555,0.7540639,0.9939351,0.94576216,0.8443995,0.0,0.0,1.0,36.73572,0.7108206,0.058227923,0.13382454,1.1738164,1.0
5556,0.49091223,0.9412561,0.90816975,0.6804812,0.0,0.0,1.0,20.466503,0.45286012,0.0,0.14137854,1.2400749,1.0
5557,0.84637254,1.0029509,0.88741153,0.7835307,0.0,0.0,1.0,20.466503,0.75496954,0.0,0.1534446,1.3459101,1.0
5558,0.6189513,0.96468586,0.89052755,0.5936292,0.0,0.0,1.0,20.644243,0.5675918,0.0,0.14348298,1.2585336,1.0
5559,0.13712457,0.8726313,0.76849866,0.7996068,0.0,0.0,1.0,19.945309,0.116815664,0.0,0.17063887,1.4967263,1.0
5560,0.21346481,0.88692945,0.78723514,0.6818922,0.0,0.0,1.0,21.331673,0.18683134,0.0,0.1604431,1.407296,1.0
5561,0.0,0.8279484,0.8176136,0.5943184,0.0,0.0,1.0,25.433933,0.0,0.0,0.12820129,1.1244931,1.0
5562,0.17152672,0.8784573,0.80735326,0.83137435,0.0,0.0,1.0,25.613464,0.14534461,0.0,0.17268576,1.5146801,1.0
5563,0.10833162,0.86735135,0.73846036,0.6721603,0.0,0.0,1.0,21.331673,0.09096057,0.0,0.17621523,1.5456382,1.0
5564,0.3311048,0.9085317,0.8141377,0.82041,0.0,0.0,1.0,20.365833,0.29261416,0.0,0.15685573,1.37583,1.0
5565,0.20124169,0.8865813,0.8544445,0.7669201,0.0,0.0,1.0,19.962536,0.1851265,0.0,0.14236338,1.2487133,1.0
5566,0.09647789,0.8674084,0.8520853,0.7865525,0.0,0.0,1.0,23.077969,0.09123989,0.0,0.13270833,1.1640258,1.0
5567,0.32849872,0.914289,0.8507712,0.7149482,0.0,0.0,1.0,23.077969,0.32080656,0.0,0.12181842,1.0685071,1.0
5568,1.109893,1.0627338,0.9175667,0.67464316,0.0,0.0,1.0,41.305477,1.0477165,0.26825458,0.13333888,1.1695565,1.0
5569,0.16665727,0.88035685,0.8294754,0.7385617,0.0,0.0,1.0,36.512062,0.15464637,0.0479485,0.13930708,1.2219055,1.0
5570,0.73589283,0.9868999,0.90367657,0.667302,0.0,0.0,1.0,37.061638,0.67637044,0.07320708,0.14267384,1.2514362,1.0
5571,0.22742152,0.87586117,0.96769524,0.6435128,0.0,0.0,1.0,41.65409,0.13263175,0.2842769,0.14336042,1.2574586,1.0
5572,1.5210929,1.15755,1.0938851,0.8868221,0.0,0.0,1.0,43.452873,1.512016,0.3669492,0.11596352,1.0171518,1.0
5573,1.0320181,1.0577375,1.0942158,0.86180663,0.0,0.0,1.0,37.061638,1.0232505,0.07320708,0.11679911,1.024481,1.0
5574,0.9258339,1.0378437,0.989142,0.766058,0.0,0.0,1.0,36.512062,0.9258339,0.0479485,0.107982896,0.94715136,0.0
5575,0.99396783,1.0517576,1.0444884,0.69875485,0.0,0.0,1.0,35.78903,0.99396783,0.014717753,0.103469886,0.90756637,0.0
5576,1.235952,1.101174,1.0751021,0.71099764,0.0,0.0,1.0,34.543842,1.235952,0.0,0.10763372,0.9440886,0.0
5577,1.5360556,1.1497563,1.1226896,0.79019254,0.0,0.0,1.0,33.133686,1.4738517,0.0,0.12775579,1.1205856,1.0
5578,1.140781,1.0773822,1.1130428,0.5711664,0.0,0.0,1.0,33.133686,1.1194475,0.0,0.120215714,1.0544492,1.0
5579,1.7926662,1.2055974,1.1234899,0.5852448,0.0,0.0,1.0,34.543842,1.7472965,0.0,0.12246604,1.0741875,1.0
5580,1.9644427,1.1910057,1.0336181,0.7520686,0.0,0.0,1.0,36.512062,1.6758432,0.0479485,0.17010379,1.4920329,1.0
5581,1.0860127,1.0396281,1.0333002,0.8239146,0.0,0.0,1.0,35.78903,0.934572,0.014717753,0.16679148,1.4629797,1.0
5582,0.9576611,1.0155233,0.9520214,0.77657014,0.0,0.0,1.0,37.061638,0.8165346,0.07320708,0.1703072,1.4938171,1.0
5583,1.7365806,1.1652722,0.990876,0.69608915,0.0,0.0,1.0,38.46859,1.5498307,0.1378708,0.15325844,1.3442771,1.0
5584,1.4494338,1.1272563,0.9790996,0.64300805,0.0,0.0,1.0,38.46859,1.3636727,0.1378708,0.13449363,1.1796852,1.0
5585,1.4352483,1.1291142,1.032601,0.6902567,0.0,0.0,1.0,44.798546,1.3727704,0.42879653,0.12883309,1.1300348,1.0
5586,1.3975258,1.1268629,1.0064222,0.64183724,0.0,0.0,1.0,45.45903,1.3617463,0.4591525,0.122566715,1.0750705,1.0
5587,1.1616737,1.0793756,1.0002311,0.6189251,0.0,0.0,1.0,40.44506,1.1292089,0.2287097,0.123373,1.0821427,1.0
5588,1.0202336,1.0571214,1.0353868,0.76480913,0.0,0.0,1.0,44.798546,1.0202336,0.42879653,0.1112916,0.97617304,0.0
5589,0.6368973,0.978839,0.9208285,0.6248935,0.0,0.0,1.0,22.27173,0.6368973,0.0,0.099157475,0.86974084,0.0
5590,0.58072174,0.9673672,0.9010238,0.62032783,0.0,0.0,1.0,22.27173,0.58072174,0.0,0.11382505,0.9983947,0.0
5591,0.577531,0.9667156,0.91473174,0.5852448,0.0,0.0,1.0,22.564404,0.577531,0.0,0.1116241,0.97908944,0.0
5592,0.09167316,0.86723,0.871033,0.6650034,0.0,0.0,1.0,22.27173,0.09036631,0.0,0.11871876,1.0413189,1.0
5593,0.4225157,0.93505937,0.8658853,0.5852448,0.0,0.0,1.0,25.398073,0.4225157,0.0,0.107273676,0.94093055,0.0
5594,0.24241097,0.891204,0.8056177,0.6643465,0.0,0.0,1.0,23.032187,0.20776309,0.0,0.16833007,1.4764751,1.0
5595,0.54443145,0.9543191,0.8541425,0.6210262,0.0,0.0,1.0,26.714363,0.5168276,0.0,0.13140574,1.1526004,1.0
5596,1.4750148,1.1398869,0.9890202,0.8194386,0.0,0.0,1.0,29.081,1.4255226,0.0,0.12531722,1.0991961,1.0
5597,0.77323097,0.9860866,0.9600134,0.8283395,0.0,0.0,1.0,29.081,0.6723878,0.0,0.16286142,1.4285078,1.0
5598,0.0,0.6814776,0.970373,0.85064065,0.0,0.0,1.0,30.39246,0.0,0.0,0.14643817,1.2844543,1.0
5599,0.6169171,0.97475874,0.8855365,0.6383607,0.0,0.0,1.0,33.231236,0.6169171,0.0,0.10578555,0.9278777,0.0
5600,0.9230068,1.0372664,1.0327072,0.64504075,0.0,0.0,1.0,53.35885,0.9230068,0.8222293,0.10762641,0.9440245,0.0
5601,0.6922495,0.95859855,0.9942914,0.82511777,0.0,0.0,1.0,54.296238,0.53778327,0.86531186,0.10714538,0.9398052,0.0
5602,2.0055387,1.2444196,1.0661466,0.82169825,0.0,0.0,1.0,53.35885,1.9374024,0.8222293,0.12546389,1.1004826,1.0
5603,0.7566668,0.9425537,1.0980815,0.6303852,0.0,0.0,1.0,56.048225,0.4592142,0.94583344,0.10054943,0.88195014,0.0
5604,0.807058,0.9475769,1.0542939,0.68999946,0.0,0.0,1.0,57.41874,0.48381191,1.0088224,0.12641229,1.1088012,1.0
5605,0.8460544,0.9120207,1.0922242,0.82488275,0.0,0.0,1.0,58.479343,0.309699,1.057568,0.14662322,1.2860776,1.0
5606,2.0430362,1.2659914,1.1774665,0.673999,0.0,0.0,1.0,53.964676,2.0430362,0.8500732,0.10425549,0.91445714,0.0
5607,1.2620038,1.1019468,1.0004599,0.63051647,0.0,0.0,1.0,52.717106,1.2397364,0.7927347,0.11985876,1.0513182,1.0
5608,1.4209061,1.0982554,1.0854408,0.855094,0.0,0.0,1.0,47.829002,1.2216601,0.5680767,0.167134,1.465984,1.0
5609,1.5775349,1.1287621,1.0981097,0.72470284,0.0,0.0,1.0,47.086094,1.3710465,0.53393257,0.1630662,1.4303039,1.0
5610,1.776242,1.160227,0.98527247,0.92121226,0.0,0.0,1.0,49.94132,1.5251247,0.6651591,0.16764191,1.470439,1.0
5611,1.1066114,1.0560259,1.0658369,0.92158043,0.0,0.0,1.0,47.086094,1.014869,0.53393257,0.14345418,1.2582809,1.0
5612,1.2724193,1.1086211,1.0417681,0.6209717,0.0,0.0,1.0,40.680943,1.2724193,0.23955086,0.10741536,0.94217336,0.0
5613,0.46249074,0.94292283,1.0314819,0.74141306,0.0,0.0,1.0,41.18398,0.4610218,0.2626705,0.11504595,1.0091035,1.0
5614,1.4587479,1.1466719,1.0433897,0.67947614,0.0,0.0,1.0,37.26406,1.4587479,0.08251048,0.105663,0.9268028,0.0
5615,0.82689023,1.0176381,1.0873857,0.70014006,0.0,0.0,1.0,43.196728,0.82689023,0.35517672,0.09860908,0.86493075,0.0
5616,2.3145683,1.3179971,1.1673039,0.691198,0.0,0.0,1.0,43.196728,2.2976995,0.35517672,0.116399504,1.0209761,1.0
5617,1.0913802,1.058451,1.1433986,0.83880997,0.0,0.0,1.0,48.154427,1.0267447,0.5830333,0.13451385,1.1798626,1.0
5618,1.842775,1.2250954,1.0799277,0.81284,0.0,0.0,1.0,25.880684,1.842775,0.0,0.10821401,0.9491786,0.0
5619,1.1506743,1.083023,1.055734,0.65547484,0.0,0.0,1.0,26.963501,1.1470693,0.0,0.1150318,1.0089794,1.0
5620,1.9001142,1.2368048,1.1260765,0.7712379,0.0,0.0,1.0,29.392937,1.9001142,0.0,0.10582455,0.92821985,0.0
5621,1.1540993,1.0844586,1.010053,0.8857716,0.0,0.0,1.0,31.05872,1.1540993,0.0,0.103168264,0.9049207,0.0
5622,1.7122266,1.1984357,1.0881642,0.83483315,0.0,0.0,1.0,29.392937,1.7122266,0.0,0.098934606,0.867786,0.0
5623,1.2912353,1.1124636,1.1610236,0.7761739,0.0,0.0,1.0,30.794474,1.2912353,0.0,0.08972055,0.7869666,0.0
5624,1.8207582,1.2205993,1.2030629,0.6671052,0.0,0.0,1.0,29.392937,1.8207582,0.0,0.09493648,0.83271724,0.0
5625,1.2839426,1.1109743,1.1671739,0.77230585,0.0,0.0,1.0,29.392937,1.2839426,0.0,0.09994924,0.8766857,0.0
5626,2.1366613,1.285111,1.2164036,0.6904943,0.0,0.0,1.0,29.392937,2.1366613,0.0,0.103177845,0.90500474,0.0
5627,2.5301394,1.3654644,1.2330898,0.9750946,0.0,0.0,1.0,55.00039,2.5301394,0.89767474,0.108819745,0.9544916,0.0
5628,1.420258,1.1240697,1.0984803,0.8747075,0.0,0.0,1.0,56.44899,1.3480685,0.96425265,0.13145144,1.1530012,1.0
5629,1.1713398,1.0794628,1.0753275,0.75505614,0.0,0.0,1.0,53.946934,1.1296357,0.84925777,0.1260337,1.1054804,1.0
5630,2.4301805,1.3098304,1.2185977,0.8326609,0.0,0.0,1.0,53.946934,2.2577085,0.84925777,0.13889197,1.2182643,1.0
5631,3.3071442,1.5241393,1.4660846,0.73002374,0.0,0.0,1.0,50.59579,3.3071442,0.69523877,0.0936555,0.8214813,0.0
5632,3.617048,1.5874258,1.5287763,0.7533423,0.0,0.0,1.0,50.59579,3.617048,0.69523877,0.10027759,0.8795657,0.0
5633,2.812188,1.4230626,1.5257554,0.8027166,0.0,0.0,1.0,51.820404,2.812188,0.7515222,0.10257761,0.8997399,0.0
5634,2.0099869,1.2592423,1.4973298,0.8255861,0.0,0.0,1.0,51.820404,2.0099869,0.7515222,0.08965422,0.7863849,0.0
5635,2.5338829,1.3662289,1.4907626,0.8854756,0.0,0.0,1.0,51.349342,2.5338829,0.7298721,0.09037529,0.7927096,0.0
5636,1.8999175,1.2367647,1.2339319,0.83425546,0.0,0.0,1.0,45.710392,1.8999175,0.4707051,0.10826075,0.9495885,0.0
5637,1.967223,1.2505094,1.2558074,0.8494555,0.0,0.0,1.0,51.349342,1.967223,0.7298721,0.09810242,0.8604866,0.0
5638,2.098643,1.2773471,1.2207005,0.77657866,0.0,0.0,1.0,50.789093,2.098643,0.70412296,0.10804071,0.9476585,0.0
5639,1.8009914,1.2126594,1.2355825,0.8338049,0.0,0.0,1.0,51.349342,1.7818778,0.7298721,0.11750213,1.0306475,1.0
5640,2.01722,1.2607194,1.1404206,0.83640754,0.0,0.0,1.0,55.34944,2.01722,0.91371727,0.10391897,0.9115054,0.0
5641,1.8455963,1.2227888,1.3698274,0.9119579,0.0,0.0,1.0,59.063923,1.83148,1.0844353,0.1165187,1.0220215,1.0
5642,1.581426,1.1717244,1.1176783,0.82161444,0.0,0.0,1.0,59.602943,1.581426,1.1092088,0.112617925,0.9878066,0.0
5643,1.8639808,1.2253892,1.060858,0.83533895,0.0,0.0,1.0,58.08717,1.8442138,1.0395436,0.11749944,1.0306239,1.0
5644,1.5695556,1.15426,1.049583,0.8054471,0.0,0.0,1.0,58.29484,1.4959058,1.0490882,0.1300455,1.1406693,1.0
5645,2.903972,1.4418061,1.4872227,0.7542977,0.0,0.0,1.0,58.29484,2.903972,1.0490882,0.09675948,0.8487073,0.0
5646,3.308823,1.5244821,1.51781,0.7456305,0.0,0.0,1.0,55.34944,3.308823,0.91371727,0.10233812,0.8976393,0.0
5647,1.2852186,1.1112349,1.1787401,0.95634943,0.0,0.0,1.0,56.236103,1.2852186,0.95446837,0.11330048,0.99379355,0.0
5648,2.0550234,1.2684394,1.4116546,0.7827513,0.0,0.0,1.0,31.472294,2.0550234,0.0,0.09154094,0.8029339,0.0
5649,3.2586272,1.5142314,1.4402068,0.7429072,0.0,0.0,1.0,31.098423,3.2586272,0.0,0.09249869,0.8113346,0.0
5650,0.31804463,0.9124469,1.0808595,0.9408909,0.0,0.0,1.0,31.098423,0.3117862,0.0,0.12054651,1.0573508,1.0
5651,2.3995438,1.3387951,1.3084692,0.7661041,0.0,0.0,1.0,33.61493,2.3995438,0.0,0.08453893,0.74151707,0.0
5652,0.47375423,0.94552296,1.1523359,0.77626,0.0,0.0,1.0,33.61493,0.47375423,0.0,0.1059264,0.9291132,0.0
5653,0.0,0.8368872,0.7923412,0.74147695,0.0,0.0,1.0,34.270103,0.0,0.0,0.120201975,1.0543287,1.0
5654,1.646913,1.1839885,1.0344439,0.7908921,0.0,0.0,1.0,34.663517,1.6414809,0.0,0.11508601,1.009455,1.0
5655,1.4876672,1.1373972,1.0563751,0.8429849,0.0,0.0,1.0,35.992157,1.413331,0.024053583,0.1311407,1.1502756,1.0
5656,0.8328433,1.0188538,0.91407514,0.7469416,0.0,0.0,1.0,35.992157,0.8328433,0.024053583,0.09850983,0.86406016,0.0
5657,1.4155023,1.1324061,1.1012272,0.80054396,0.0,0.0,1.0,35.188152,1.3888906,0.0,0.12024931,1.0547439,1.0
5658,1.7671709,1.2022284,1.1373307,0.7497826,0.0,0.0,1.0,35.992157,1.7307991,0.024053583,0.12085328,1.0600414,1.0
5659,0.6883717,0.98574746,1.0061316,0.75852853,0.0,0.0,1.0,35.992157,0.670727,0.024053583,0.12257722,1.0751626,1.0
5660,0.92591035,1.0248682,0.9605797,0.8084878,0.0,0.0,1.0,33.442074,0.8622952,0.0,0.1380391,1.2107836,1.0
5661,1.1781356,1.0786538,1.009782,0.8641696,0.0,0.0,1.0,32.7758,1.1256744,0.0,0.1291888,1.133155,1.0
5662,1.0991769,1.0732427,0.9382555,0.87249804,0.0,0.0,1.0,31.418066,1.0991769,0.0,0.10200298,0.89469963,0.0
5663,1.5416833,1.1636084,1.1415931,0.798965,0.0,0.0,1.0,30.802074,1.5416833,0.0,0.09057024,0.7944196,0.0
5664,0.94549567,1.0418589,1.0476537,0.7606594,0.0,0.0,1.0,56.133865,0.94549567,0.9497695,0.10443177,0.91600335,0.0
5665,2.3765705,1.3140528,1.2022225,0.6232082,0.0,0.0,1.0,57.511253,2.278385,1.0130744,0.12804551,1.1231267,1.0
5666,2.1881194,1.2956194,1.2285349,0.8126142,0.0,0.0,1.0,61.20606,2.1881194,1.1828883,0.09423131,0.8265319,0.0
5667,2.2522802,1.3087219,1.2201453,0.7879976,0.0,0.0,1.0,62.83309,2.2522802,1.257667,0.106084146,0.9304968,0.0
5668,1.834885,1.2234842,1.2003381,0.7403474,0.0,0.0,1.0,60.07439,1.834885,1.1308765,0.08675932,0.7609928,0.0
5669,1.9911644,1.2368228,1.3799944,0.8576667,0.0,0.0,1.0,61.20606,1.9002024,1.1828883,0.12960102,1.1367706,1.0
5670,1.6859982,1.1930795,1.0778037,0.7804807,0.0,0.0,1.0,63.942398,1.6859982,1.3086509,0.10644412,0.93365425,0.0
5671,2.1259103,1.2699347,1.2653229,0.84676856,0.0,0.0,1.0,67.21467,2.0623455,1.4590448,0.12404781,1.0880617,1.0
5672,1.520372,1.1577379,1.1299808,0.7846324,0.0,0.0,1.0,68.27445,1.512936,1.5077527,0.11560906,1.0140427,1.0
5673,1.4341451,1.1416477,1.1155905,0.77479154,0.0,0.0,1.0,66.03767,1.4341451,1.4049497,0.11221171,0.9842436,0.0
5674,2.3374019,1.3261049,1.1289116,0.8318289,0.0,0.0,1.0,68.27445,2.3374019,1.5077527,0.10777342,0.945314,0.0
5675,1.543864,1.1634715,1.1307894,0.6994887,0.0,0.0,1.0,69.60722,1.5410125,1.569007,0.11461083,1.0052869,1.0
5676,2.6267815,1.3252773,1.5048747,0.7440688,0.0,0.0,1.0,71.06846,2.3333495,1.6361656,0.1549714,1.359302,1.0
5677,1.5461643,1.1643811,0.97115064,0.77367747,0.0,0.0,1.0,69.60722,1.5454671,1.569007,0.11415501,1.0012889,1.0
5678,1.4216698,1.0927681,0.99237686,0.79239064,0.0,0.0,1.0,74.13463,1.1947895,1.7770872,0.121899605,1.0692191,1.0
5679,1.2552056,1.1043761,0.972869,0.71770364,0.0,0.0,1.0,69.60722,1.2516321,1.569007,0.107240416,0.94063884,0.0
5680,1.2552056,0.953285,0.8904973,0.6966793,0.0,0.0,1.0,69.60722,0.5117636,1.569007,0.12783813,1.1213077,1.0
5681,1.2062021,1.0796585,1.0205051,0.7570279,0.0,0.0,1.0,68.27445,1.1305941,1.5077527,0.11328029,0.9936164,0.0
5682,0.103519455,0.82443076,0.8908589,0.7302062,0.0,0.0,1.0,38.284267,0.0,0.12939931,0.11052323,0.9694334,0.0
5683,1.0200433,1.0570825,0.91858,0.7193121,0.0,0.0,1.0,39.04573,1.0200433,0.16439629,0.10819019,0.94896954,0.0
5684,0.58526134,0.96351045,0.90425086,0.7204956,0.0,0.0,1.0,38.56513,0.56183606,0.14230773,0.1275894,1.1191261,1.0
5685,0.05624662,0.8219417,0.7737377,0.79149836,0.0,0.0,1.0,36.998566,0.0,0.070308276,0.09998754,0.87702155,0.0
5686,0.372724,0.92489123,0.95114803,0.78806007,0.0,0.0,1.0,37.31399,0.372724,0.084805295,0.08249722,0.72360855,0.0
5687,0.59895515,0.9710907,0.86826307,0.78594655,0.0,0.0,1.0,36.18667,0.59895515,0.032993358,0.09604169,0.84241134,0.0
5688,0.52088374,0.95514745,0.9674639,0.9301983,0.0,0.0,1.0,36.998566,0.52088374,0.070308276,0.087938055,0.77133185,0.0
5689,0.6199359,0.97537524,0.9475752,0.7537795,0.0,0.0,1.0,36.309837,0.6199359,0.03865422,0.0734092,0.6438948,0.0
5690,1.0542673,1.0640715,0.82958746,0.86835515,0.0,0.0,1.0,35.171852,1.0542673,0.0,0.10835752,0.9504373,0.0
5691,1.0767373,1.0434854,0.9068837,0.89089346,0.0,0.0,1.0,64.753334,0.95346034,1.3459215,0.103254765,0.90567946,0.0
5692,1.0767373,1.0522953,0.95035696,0.85940444,0.0,0.0,1.0,64.753334,0.9966011,1.3459215,0.088695,0.7779712,0.0
5693,1.0673031,1.0197827,1.0248976,0.82656145,0.0,0.0,1.0,64.49675,0.8373919,1.3341289,0.106782675,0.9366238,0.0
5694,1.3599933,1.1265049,1.0748513,0.95407766,0.0,0.0,1.0,64.513054,1.3599933,1.3348782,0.08923967,0.78274876,0.0
5695,1.7597526,1.1970301,1.1373183,0.8222031,0.0,0.0,1.0,64.41841,1.7053436,1.3305285,0.12440072,1.0911572,1.0
5696,1.4052081,1.1357384,0.9679933,0.82858676,0.0,0.0,1.0,60.924034,1.4052081,1.1699264,0.107915446,0.9465597,0.0
5697,1.8290031,1.222283,1.0315205,0.788733,0.0,0.0,1.0,57.73931,1.8290031,1.023556,0.095728084,0.8396606,0.0
5698,0.91331834,0.87628603,0.9642414,0.7965884,0.0,0.0,1.0,60.308754,0.13471222,1.1416479,0.08529736,0.7481695,0.0
5699,0.8600499,0.807811,1.0261196,0.7056997,0.0,0.0,1.0,58.859985,0.0,1.0750624,0.081929535,0.71862924,0.0
5700,1.3356031,1.1215241,1.1118885,0.7681991,0.0,0.0,1.0,62.171635,1.3356031,1.2272663,0.107843876,0.945932,0.0
5701,1.0718342,1.0569055,1.0899754,0.6720002,0.0,0.0,1.0,58.859985,1.0191765,1.0750624,0.13083792,1.1476198,1.0
5702,1.2425239,1.102516,0.87568337,0.8226115,0.0,0.0,1.0,59.426678,1.2425239,1.1011076,0.10829407,0.9498807,0.0
5703,1.152051,1.0840403,0.97487175,0.95912004,0.0,0.0,1.0,59.426678,1.152051,1.1011076,0.0677401,0.5941693,0.0
5704,1.4130087,1.0949478,1.3051636,0.8347941,0.0,0.0,1.0,55.10784,1.2054634,0.9026133,0.17009044,1.4919158,1.0
5705,1.3042774,1.1043004,0.9574965,0.79330957,0.0,0.0,1.0,55.05206,1.2512614,0.9000495,0.12780957,1.1210573,1.0
5706,1.0898316,1.0713342,1.0803852,0.5795159,0.0,0.0,1.0,55.050415,1.0898316,0.8999739,0.0821178,0.72028065,0.0
5707,1.1296496,1.0794656,1.086384,0.6829966,0.0,0.0,1.0,55.050415,1.1296496,0.8999739,0.09181937,0.80537605,0.0
5708,1.25826,1.1057296,0.9531967,0.7790617,0.0,0.0,1.0,52.884052,1.25826,0.8004076,0.091635466,0.803763,0.0
5709,2.490285,1.3087876,1.3442267,0.71141577,0.0,0.0,1.0,29.665949,2.252602,0.0,0.14837818,1.3014709,1.0
5710,1.7635801,1.1821947,0.9328324,0.77084523,0.0,0.0,1.0,30.882633,1.6326972,0.0,0.14012036,1.229039,1.0
5711,2.1271768,1.2425522,1.0401582,0.7749095,0.0,0.0,1.0,29.665949,1.928258,0.0,0.14761111,1.2947427,1.0
5712,1.800965,1.161325,0.99992126,0.7655078,0.0,0.0,1.0,30.881197,1.5305016,0.0,0.1715709,1.5049014,1.0
5713,0.98563015,1.0500549,0.9138141,0.73197836,0.0,0.0,1.0,30.838625,0.98563015,0.0,0.103593715,0.9086525,0.0
5714,0.0,0.8299771,0.9647549,0.79932505,0.0,0.0,1.0,32.189217,0.0,0.0,0.13617669,1.1944479,1.0
5715,0.0,0.8171231,0.87065923,0.82626086,0.0,0.0,1.0,30.881197,0.0,0.0,0.07387574,0.64798695,0.0
5716,0.0,0.6715758,0.96928567,0.7795581,0.0,0.0,1.0,29.625053,0.0,0.0,0.0993217,0.8711813,0.0
5717,0.7012492,0.9919805,0.86374277,0.9136657,0.0,0.0,1.0,26.985432,0.7012492,0.0,0.108461194,0.95134664,0.0
5718,0.36962226,0.9242578,0.87701494,0.8723753,0.0,0.0,1.0,25.057005,0.36962226,0.0,0.093814075,0.8228722,0.0
5719,0.97787,1.0423328,0.9226522,0.80907667,0.0,0.0,1.0,38.553097,0.9478161,0.14175476,0.124336734,1.090596,1.0
5720,0.6819461,0.98803854,0.85685754,0.7266036,0.0,0.0,1.0,38.553097,0.6819461,0.14175476,0.09304824,0.81615484,0.0
5721,0.22814456,0.89391625,0.8416744,0.6092071,0.0,0.0,1.0,41.673756,0.22104454,0.2851807,0.079614274,0.6983214,0.0
5722,1.0518022,1.0635681,0.94685996,0.684935,0.0,0.0,1.0,44.694984,1.0518022,0.42403683,0.111249864,0.97580695,0.0
5723,0.34521574,0.9192737,0.988305,0.811613,0.0,0.0,1.0,38.553097,0.34521574,0.14175476,0.081242375,0.71260196,0.0
5724,1.6237466,1.1803669,1.092604,0.67327416,0.0,0.0,1.0,38.841164,1.6237466,0.15499435,0.10537273,0.92425674,0.0
5725,1.5707067,1.1695354,1.0682675,0.77843344,0.0,0.0,1.0,38.37031,1.5707067,0.13335393,0.092173934,0.80848604,0.0
5726,0.17114018,0.8837251,0.9476008,0.73580676,0.0,0.0,1.0,38.37031,0.17114018,0.13335393,0.09851353,0.8640926,0.0
5727,1.7195789,1.1999371,1.1094446,0.7468073,0.0,0.0,1.0,36.869984,1.7195789,0.06439863,0.099020265,0.86853737,0.0
5728,1.7908179,1.214485,1.0788109,0.75906074,0.0,0.0,1.0,36.869984,1.7908179,0.06439863,0.077612534,0.68076354,0.0
5729,1.4983062,1.1547502,1.0537864,0.8997559,0.0,0.0,1.0,36.53427,1.4983062,0.048969235,0.102871545,0.9023181,0.0
5730,0.966081,1.0460627,0.9877202,0.77694505,0.0,0.0,1.0,33.42285,0.966081,0.0,0.10370099,0.9095934,0.0
5731,1.6791053,1.1916718,1.0398872,0.72424763,0.0,0.0,1.0,33.387386,1.6791053,0.0,0.055066444,0.4830048,0.0
5732,0.9533477,1.0434624,1.0621399,0.7702461,0.0,0.0,1.0,34.51189,0.9533477,0.0,0.08971621,0.7869286,0.0
5733,1.0826311,1.0698638,1.0148281,0.7630037,0.0,0.0,1.0,36.021862,1.0826311,0.025418831,0.111179,0.9751854,0.0
5734,1.4164091,1.1380258,1.0278151,0.822599,0.0,0.0,1.0,36.021862,1.4164091,0.025418831,0.10192986,0.8940583,0.0
5735,1.1348422,1.080526,1.06532,0.8414211,0.0,0.0,1.0,33.61344,1.1348422,0.0,0.09228829,0.80948913,0.0
5736,1.1710626,1.0879227,1.0031456,0.8154149,0.0,0.0,1.0,30.897787,1.1710626,0.0,0.0919592,0.80660254,0.0
5737,1.5200881,1.1591984,1.0587058,0.68012923,0.0,0.0,1.0,32.46735,1.5200881,0.0,0.0769006,0.67451894,0.0
5738,1.8001969,1.2164004,1.0929358,0.78898007,0.0,0.0,1.0,27.740091,1.8001969,0.0,0.08563322,0.75111544,0.0
5739,1.5707663,1.1587768,1.0507141,0.69286215,0.0,0.0,1.0,29.393505,1.5180234,0.0,0.12532566,1.0992701,1.0
5740,1.6790278,1.1835157,1.0750178,0.6223284,0.0,0.0,1.0,15.175505,1.6391658,0.0,0.12192951,1.0694814,1.0
5741,1.1413671,1.0749282,0.9868227,0.73920524,0.0,0.0,1.0,15.49823,1.1074305,0.0,0.123990126,1.0875556,1.0
5742,1.9025338,1.1944745,1.2692542,0.90644175,0.0,0.0,1.0,17.262415,1.6928293,0.0,0.15435979,1.3539374,1.0
5743,3.7579176,1.4703146,1.3856592,0.79134715,0.0,0.0,1.0,18.154118,3.0435736,0.0,0.19046046,1.6705875,1.0
5744,2.1542299,1.2817981,1.1728859,0.7780654,0.0,0.0,1.0,18.806986,2.120439,0.0,0.11919893,1.0455307,1.0
5745,2.3813245,1.2471926,1.0798628,0.9042403,0.0,0.0,1.0,19.012829,1.9509815,0.0,0.18585849,1.6302222,1.0
5746,2.1466546,1.2871517,1.2368026,0.78672594,0.0,0.0,1.0,20.387821,2.1466546,0.0,0.11337698,0.9944645,0.0
5747,1.9867915,1.2545055,1.2891034,0.68975127,0.0,0.0,1.0,19.524282,1.9867915,0.0,0.07607561,0.6672827,0.0
5748,2.312142,1.3209465,1.3290353,0.7700464,0.0,0.0,1.0,18.81378,2.312142,0.0,0.11306547,0.9917321,0.0
5749,1.4063455,1.0889657,1.2625754,0.888202,0.0,0.0,1.0,18.81378,1.1761698,0.0,0.17775467,1.5591412,1.0
5750,2.8285346,1.3911071,1.2249767,0.8625556,0.0,0.0,1.0,18.60947,2.6557071,0.0,0.13520633,1.1859365,1.0
5751,2.849268,1.3734518,1.2048956,0.77624065,0.0,0.0,1.0,19.423689,2.5692523,0.0,0.14950928,1.3113921,1.0
5752,1.7370032,1.2034954,1.088993,0.85169196,0.0,0.0,1.0,18.833805,1.7370032,0.0,0.11386332,0.99873036,0.0
5753,0.957356,1.0370317,1.1606928,0.7500272,0.0,0.0,1.0,18.833805,0.92185736,0.0,0.12655145,1.1100218,1.0
5754,0.32934308,0.91521454,1.1333262,0.7771653,0.0,0.0,1.0,33.729538,0.3253388,0.0,0.118017256,1.0351658,1.0
5755,0.0,0.83850366,1.1728735,0.7389274,0.0,0.0,1.0,33.729538,0.0,0.0,0.12381739,1.0860406,1.0
5756,0.99099946,1.0511514,1.0981641,0.80347437,0.0,0.0,1.0,33.729538,0.99099946,0.0,0.10214283,0.89592636,0.0
5757,0.7081147,0.9933825,1.2094007,0.761159,0.0,0.0,1.0,36.744568,0.7081147,0.0586345,0.094479024,0.8287047,0.0
5758,0.7026117,0.9922587,0.9769133,0.73803705,0.0,0.0,1.0,36.744568,0.7026117,0.0586345,0.10311866,0.9044856,0.0
5759,2.418768,1.3312545,1.1920183,0.8314457,0.0,0.0,1.0,39.201973,2.3626187,0.1715772,0.12174946,1.0679021,1.0
5760,1.9132932,1.2337971,1.0779014,0.9198933,0.0,0.0,1.0,39.201973,1.8853856,0.1715772,0.11882966,1.0422916,1.0
5761,2.8449154,1.3837628,1.099818,0.97757375,0.0,0.0,1.0,43.25737,2.6197436,0.35796386,0.14200577,1.2455765,1.0
5762,1.7144973,1.1988994,1.2409365,0.72887766,0.0,0.0,1.0,44.059174,1.7144973,0.39481485,0.09715722,0.852196,0.0
5763,1.6562932,1.1603409,1.0216756,0.86171937,0.0,0.0,1.0,47.0698,1.5256827,0.53318375,0.14189376,1.244594,1.0
5764,2.5815432,1.3307356,1.0205128,0.8842246,0.0,0.0,1.0,47.0698,2.3600776,0.53318375,0.1445747,1.2681093,1.0
5765,3.3394427,1.5173893,1.4913746,0.86688846,0.0,0.0,1.0,44.074947,3.2740905,0.39553982,0.12050991,1.0570296,1.0
5766,1.6974455,1.1954172,1.2140421,0.8573109,0.0,0.0,1.0,44.171097,1.6974455,0.39995888,0.1063148,0.93252,0.0
5767,1.381135,1.1308223,1.1891836,0.7804625,0.0,0.0,1.0,42.694393,1.381135,0.33208936,0.09944184,0.8722351,0.0
5768,1.4381442,1.1383995,1.1805927,0.80292875,0.0,0.0,1.0,42.715874,1.4182391,0.3330766,0.11857984,1.0401005,1.0
5769,2.323729,1.3029389,1.2127823,0.9048256,0.0,0.0,1.0,41.665813,2.223962,0.28481567,0.12862065,1.1281714,1.0
5770,2.6879869,1.3613759,1.3831427,0.6881544,0.0,0.0,1.0,38.487293,2.5101185,0.13873042,0.13708998,1.2024586,1.0
5771,1.0826888,1.0698756,1.0642881,0.8257322,0.0,0.0,1.0,41.30606,1.0826888,0.2682814,0.09960795,0.8736921,0.0
5772,2.9027724,1.4415611,1.3953922,0.72625923,0.0,0.0,1.0,45.084957,2.9027724,0.44196004,0.09476367,0.8312014,0.0
5773,2.6726375,1.3461909,1.2604955,0.78754294,0.0,0.0,1.0,25.240068,2.43576,0.0,0.14568597,1.2778567,1.0
5774,2.666187,1.3469163,1.2493172,0.9606364,0.0,0.0,1.0,24.494474,2.4393122,0.0,0.14430414,1.2657362,1.0
5775,2.1393912,1.2823958,1.2596582,0.7187615,0.0,0.0,1.0,25.464573,2.1233659,0.0,0.11646644,1.0215632,1.0
5776,2.64194,1.3882957,1.2729595,0.7915951,0.0,0.0,1.0,25.942373,2.64194,0.0,0.09403456,0.82480615,0.0
5777,2.2770023,1.299743,1.0447879,0.8569641,0.0,0.0,1.0,28.15768,2.2083125,0.0,0.12414019,1.088872,1.0
5778,2.7085617,1.3960946,1.2680622,0.7235393,0.0,0.0,1.0,25.987041,2.68013,0.0,0.117463596,1.0303094,1.0
5779,3.0512376,1.3929446,1.2636802,0.8253026,0.0,0.0,1.0,28.15768,2.664705,0.0,0.16125834,1.4144467,1.0
5780,1.0068045,1.054379,1.201751,0.7009725,0.0,0.0,1.0,29.574804,1.0068045,0.0,0.07525955,0.6601248,0.0
5781,2.5031211,1.359947,1.2546009,0.78340036,0.0,0.0,1.0,31.903465,2.5031211,0.0,0.10536398,0.92418003,0.0
5782,1.4435213,1.1435624,1.4945188,0.76947516,0.0,0.0,1.0,29.574804,1.4435213,0.0,0.09293382,0.8151512,0.0
5783,2.3490303,1.3284795,1.2026995,0.77624065,0.0,0.0,1.0,61.146328,2.3490303,1.180143,0.10130384,0.88856727,0.0
5784,1.7321936,1.1730872,1.1757053,0.84056985,0.0,0.0,1.0,64.92649,1.5880995,1.3538798,0.14356342,1.2592391,1.0
5785,1.1695558,0.97526664,1.2010337,0.79321355,0.0,0.0,1.0,67.27776,0.61940414,1.4619447,0.10005708,0.87763155,0.0
5786,0.8990953,1.0323833,1.1879958,0.7029594,0.0,0.0,1.0,55.08922,0.8990953,0.90175736,0.10464748,0.9178954,0.0
5787,1.84411,1.225368,1.2522818,0.7383234,0.0,0.0,1.0,59.85451,1.84411,1.1207709,0.09409487,0.8253352,0.0
5788,2.2824426,1.3148814,1.2187617,0.69001216,0.0,0.0,1.0,62.44684,2.2824426,1.2399147,0.09508273,0.834,0.0
5789,2.3165598,1.3184841,1.258397,0.8937245,0.0,0.0,1.0,65.16311,2.300084,1.3647548,0.11634136,1.020466,1.0
5790,2.2221215,1.3025631,1.2873683,0.6999976,0.0,0.0,1.0,67.7712,2.2221215,1.4846232,0.099606805,0.8736821,0.0
5791,2.1485972,1.2875484,1.3069901,0.6374546,0.0,0.0,1.0,67.7712,2.1485972,1.4846232,0.104142785,0.91346854,0.0
5792,2.307339,1.3199656,1.1651514,0.86972463,0.0,0.0,1.0,65.16311,2.307339,1.3647548,0.08145193,0.71444005,0.0
5793,1.8521202,1.2270038,1.2321432,0.7707715,0.0,0.0,1.0,62.44684,1.8521202,1.2399147,0.08235314,0.7223448,0.0
5794,0.880243,1.0090446,1.2104115,0.8171151,0.0,0.0,1.0,59.409187,0.7848096,1.1003038,0.0876495,0.76880085,0.0
5795,1.6108412,1.1777314,1.1792079,0.8323264,0.0,0.0,1.0,59.409187,1.6108412,1.1003038,0.10199933,0.8946676,0.0
5796,1.6101552,1.1689638,1.1801528,0.822158,0.0,0.0,1.0,61.253273,1.5679076,1.1850582,0.122785136,1.0769863,1.0
5797,1.4093995,1.1365943,1.1203053,0.78239554,0.0,0.0,1.0,52.386055,1.4093995,0.7775196,0.10361758,0.9088618,0.0
5798,1.87372,1.2314148,1.1601721,0.8741989,0.0,0.0,1.0,52.386055,1.87372,0.7775196,0.11023411,0.9668974,0.0
5799,0.68088627,0.9878221,0.9487796,0.81550896,0.0,0.0,1.0,52.386055,0.68088627,0.7775196,0.08105217,0.7109336,0.0
5800,1.7895195,1.2142199,1.0341133,0.7380371,0.0,0.0,1.0,52.386055,1.7895195,0.7775196,0.07767295,0.6812934,0.0
5801,2.032255,1.2637898,1.2472169,0.72342384,0.0,0.0,1.0,52.386055,2.032255,0.7775196,0.085665904,0.75140214,0.0
5802,1.6222622,1.1740264,1.3733242,0.73926246,0.0,0.0,1.0,52.386055,1.5926982,0.7775196,0.120054476,1.0530349,1.0
5803,1.3375932,1.1219305,1.0425888,0.87838215,0.0,0.0,1.0,55.08922,1.3375932,0.90175736,0.1000166,0.87727654,0.0
5804,1.5867909,1.1697649,1.0718486,0.8691611,0.0,0.0,1.0,30.840788,1.5718304,0.0,0.1171084,1.0271939,1.0
5805,1.4150484,1.1377479,1.0397455,0.7345384,0.0,0.0,1.0,29.304588,1.4150484,0.0,0.08556174,0.75048846,0.0
5806,1.2068043,1.0952216,1.0527995,0.83495164,0.0,0.0,1.0,28.886152,1.2068043,0.0,0.103875734,0.91112614,0.0
5807,1.424525,1.1396831,0.9050727,0.8386345,0.0,0.0,1.0,27.070286,1.424525,0.0,0.10569463,0.9270803,0.0
5808,0.7646142,1.0049205,0.8414624,0.8486818,0.0,0.0,1.0,24.262596,0.7646142,0.0,0.09215691,0.80833673,0.0
5809,0.7457965,1.0010777,0.83750707,0.8617188,0.0,0.0,1.0,24.219793,0.7457965,0.0,0.11276503,0.98909694,0.0
5810,1.5038604,1.151744,0.96023715,0.7593102,0.0,0.0,1.0,24.219793,1.4835851,0.0,0.11845973,1.0390469,1.0
5811,1.7803822,1.1854562,1.1010866,0.66111183,0.0,0.0,1.0,40.024757,1.648668,0.20939249,0.1400316,1.2282605,1.0
5812,1.5738566,1.1577863,1.1319377,0.738351,0.0,0.0,1.0,46.410683,1.513173,0.5028906,0.12707128,1.1145815,1.0
5813,0.55955076,0.86152333,0.9439055,0.7922692,0.0,0.0,1.0,50.68717,0.062421687,0.69943845,0.13592437,1.1922346,1.0
5814,1.3656166,1.1276532,1.1259784,0.7668027,0.0,0.0,1.0,48.578217,1.3656166,0.60251075,0.07867433,0.6900769,0.0
5815,2.0082793,1.2588936,1.0639472,0.92220557,0.0,0.0,1.0,48.578217,2.0082793,0.60251075,0.08980599,0.7877161,0.0
5816,1.5267849,1.160566,1.2067387,0.90335864,0.0,0.0,1.0,47.848854,1.5267849,0.56898916,0.07969304,0.6990123,0.0
5817,1.1801363,1.0897757,0.98237175,0.72580236,0.0,0.0,1.0,47.848854,1.1801363,0.56898916,0.09572931,0.8396713,0.0
5818,1.9306461,1.2430398,1.0449752,0.85055244,0.0,0.0,1.0,47.848854,1.9306461,0.56898916,0.10202022,0.89485085,0.0
5819,2.2619245,1.3106914,1.1193936,0.95836073,0.0,0.0,1.0,46.456486,2.2619245,0.5049957,0.1011495,0.8872135,0.0
5820,1.677622,1.1913689,1.1238629,0.8906007,0.0,0.0,1.0,42.071518,1.677622,0.3034619,0.08234363,0.7222614,0.0
5821,1.6776631,1.1835942,1.1330035,0.69947004,0.0,0.0,1.0,38.362408,1.6395504,0.13299066,0.12158012,1.0664167,1.0
5822,1.0539651,1.0509977,1.182239,0.6749785,0.0,0.0,1.0,35.470917,0.990247,9.730485e-05,0.13496782,1.1838444,1.0
5823,1.3769473,1.1297694,1.1339141,0.7247255,0.0,0.0,1.0,33.37481,1.3759793,0.0,0.11423722,1.00201,1.0
5824,2.061165,1.2595011,1.0042845,0.815314,0.0,0.0,1.0,35.470917,2.011254,9.730485e-05,0.122091554,1.0709027,1.0
5825,0.7878492,1.0096654,0.9978295,0.7765425,0.0,0.0,1.0,35.470917,0.7878492,9.730485e-05,0.11206245,0.98293436,0.0
5826,2.3548653,1.3296711,1.2177625,0.8481895,0.0,0.0,1.0,35.470917,2.3548653,9.730485e-05,0.08896754,0.7803618,0.0
5827,1.5487221,1.1634718,1.1554788,0.6953015,0.0,0.0,1.0,32.876156,1.5410143,0.0,0.11563733,1.0142908,1.0
5828,1.5233401,1.1598625,1.1352834,0.8436436,0.0,0.0,1.0,30.36568,1.5233401,0.0,0.10693464,0.93795675,0.0
5829,0.91073066,1.0345991,0.9697206,0.84769225,0.0,0.0,1.0,30.36568,0.9099454,0.0,0.11428919,1.0024657,1.0
5830,1.6073792,1.1715626,1.1421648,0.70623994,0.0,0.0,1.0,30.36568,1.5806333,0.0,0.11951987,1.0483457,1.0
5831,1.4684491,1.148653,1.0427822,0.75142854,0.0,0.0,1.0,33.132202,1.4684491,0.0,0.09790037,0.8587144,0.0
5832,1.3221638,1.1006732,1.089005,0.6657874,0.0,0.0,1.0,18.44655,1.2334996,0.0,0.13742213,1.205372,1.0
5833,1.0963347,1.0710856,0.9921122,0.8006026,0.0,0.0,1.0,17.545023,1.0886139,0.0,0.11631833,1.020264,1.0
5834,0.7485626,0.99435884,0.95873195,0.8079005,0.0,0.0,1.0,17.545023,0.7128956,0.0,0.1303051,1.1429462,1.0
5835,1.4752163,1.1429495,1.0180547,0.824447,0.0,0.0,1.0,17.545023,1.4405197,0.0,0.121853836,1.0688176,1.0
5836,1.5771946,1.1610768,0.8885035,0.8302616,0.0,0.0,1.0,15.746996,1.5292863,0.0,0.12421251,1.0895063,1.0
5837,1.9234926,1.2111768,1.0712081,0.7831356,0.0,0.0,1.0,17.566929,1.7746177,0.0,0.14133458,1.2396892,1.0
5838,1.7978799,1.1928279,0.98740345,0.80511874,0.0,0.0,1.0,17.566929,1.6847664,0.0,0.13587776,1.1918257,1.0
5839,1.8869586,1.2341073,1.3022648,0.8209008,0.0,0.0,1.0,17.566929,1.8869046,0.0,0.1140174,1.0000818,1.0
5840,1.1032703,1.073269,1.0935555,0.7873345,0.0,0.0,1.0,15.760836,1.0993059,0.0,0.11518279,1.0103039,1.0
5841,1.9212238,1.2411157,1.086333,0.8261354,0.0,0.0,1.0,15.760836,1.9212238,0.0,0.10878167,0.95415765,0.0
5842,1.3172046,1.1177669,1.1505146,0.7806432,0.0,0.0,1.0,17.566929,1.3172046,0.0,0.10762042,0.94397193,0.0
5843,2.8186805,1.4243884,1.4250365,0.6616793,0.0,0.0,1.0,17.566929,2.8186805,0.0,0.094115905,0.8255197,0.0
5844,2.771218,1.3809235,1.3573343,0.6793727,0.0,0.0,1.0,17.566929,2.60584,0.0,0.1346808,1.1813269,1.0
5845,3.0639515,1.4006172,1.468186,0.7392603,0.0,0.0,1.0,17.566929,2.702277,0.0,0.15760498,1.382402,1.0
5846,2.7337604,1.3763487,1.6697086,0.7285323,0.0,0.0,1.0,31.528374,2.583438,0.0,0.13296176,1.1662487,1.0
5847,3.0473914,1.4710943,1.5025518,0.77187234,0.0,0.0,1.0,31.528374,3.0473914,0.0,0.1034716,0.9075814,0.0
5848,2.6450448,1.3877034,1.5765697,0.74806017,0.0,0.0,1.0,31.612362,2.63904,0.0,0.114749245,1.0065011,1.0
5849,2.5310097,1.3656422,1.4372503,0.8092709,0.0,0.0,1.0,30.131483,2.5310097,0.0,0.10358869,0.90860844,0.0
5850,3.5881486,1.5815241,1.6754415,0.74379563,0.0,0.0,1.0,31.755793,3.5881486,0.0,0.1058132,0.92812026,0.0
5851,4.0226307,1.5685791,1.7092618,0.71559286,0.0,0.0,1.0,34.770832,3.5247586,0.0,0.16001849,1.4035716,1.0
5852,2.6233764,1.3845047,1.6597418,0.73628813,0.0,0.0,1.0,34.79026,2.6233764,0.0,0.094943315,0.83277714,0.0
5853,3.703471,1.6050745,1.7379804,0.713614,0.0,0.0,1.0,34.79026,3.703471,0.0,0.09583739,0.8406194,0.0
5854,2.3832185,1.3354613,1.5956529,0.7346223,0.0,0.0,1.0,34.802547,2.3832185,0.0,0.09075306,0.7960232,0.0
5855,2.967732,1.4548267,1.5829095,0.79800814,0.0,0.0,1.0,34.802547,2.967732,0.0,0.10720846,0.9403585,0.0
5856,2.524598,1.3643328,1.4454294,0.84063953,0.0,0.0,1.0,35.128437,2.524598,0.0,0.10456882,0.9172054,0.0
5857,2.781363,1.4167677,1.3785414,0.7457174,0.0,0.0,1.0,36.65818,2.781363,0.05466411,0.1100169,0.9649922,0.0
5858,2.7336245,1.3382723,1.4701114,0.7188967,0.0,0.0,1.0,36.65818,2.396984,0.05466411,0.15975569,1.4012666,1.0
5859,3.7813694,1.5983937,1.6266127,0.7713562,0.0,0.0,1.0,36.85407,3.6707559,0.06366718,0.12382375,1.0860963,1.0
5860,2.5038812,1.3601022,1.7756498,0.72782415,0.0,0.0,1.0,36.964283,2.5038812,0.06873264,0.09598914,0.8419504,0.0
5861,3.0642347,1.4745339,1.6962129,0.68182105,0.0,0.0,1.0,43.691246,3.0642347,0.37790486,0.09460372,0.82979846,0.0
5862,2.1429698,1.2863992,1.3451601,0.746678,0.0,0.0,1.0,38.588406,2.1429698,0.14337756,0.10542705,0.9247332,0.0
5863,3.1130807,1.4066036,1.4336745,0.76901776,0.0,0.0,1.0,45.703217,2.731591,0.47037533,0.15950003,1.399024,1.0
5864,1.9436396,1.205799,1.4598986,0.9308558,0.0,0.0,1.0,43.691246,1.7482835,0.37790486,0.1504065,1.3192618,1.0
5865,3.045116,1.439103,1.4348733,0.8174366,0.0,0.0,1.0,45.703217,2.8907354,0.47037533,0.13140418,1.1525866,1.0
5866,1.7372186,1.1643856,1.140011,0.76447994,0.0,0.0,1.0,55.81,1.5454887,0.93488467,0.15441833,1.354451,1.0
5867,2.8774035,1.3879174,1.4414291,0.73508066,0.0,0.0,1.0,25.606062,2.6400878,0.0,0.14328836,1.2568265,1.0
5868,2.9092212,1.4039618,1.5131093,0.7409023,0.0,0.0,1.0,1.4033868,2.7186546,0.0,0.13684094,1.2002741,1.0
5869,1.3027653,1.0728014,1.20977,0.7680244,0.0,0.0,1.0,31.288279,1.0970157,0.0,0.17510137,1.5358682,1.0
5870,1.9545248,1.1927406,1.1483886,0.9457482,0.0,0.0,1.0,30.031542,1.6843386,0.0,0.16625987,1.4583167,1.0
5871,3.1182618,1.4038781,1.77842,0.68162745,0.0,0.0,1.0,31.84612,2.7182448,0.0,0.16194361,1.4204575,1.0
5872,2.0025945,1.2131385,1.4017097,0.9429578,0.0,0.0,1.0,32.837093,1.7842238,0.0,0.15387501,1.3496852,1.0
5873,0.91205907,1.0315037,1.0208731,0.9727287,0.0,0.0,1.0,34.035175,0.8947878,0.0,0.120295495,1.055149,1.0
5874,2.7555041,1.4106674,1.5718735,0.64375013,0.0,0.0,1.0,35.796886,2.751491,0.01507892,0.11448318,1.0041673,1.0
5875,1.4211804,1.1132562,1.1528242,0.85515994,0.0,0.0,1.0,35.796886,1.2951167,0.01507892,0.14571458,1.2781076,1.0
5876,1.613483,1.1474725,1.4203488,0.78546655,0.0,0.0,1.0,35.796886,1.4626683,0.01507892,0.14759459,1.2945977,1.0
5877,2.524819,1.332334,1.3692625,0.80903584,0.0,0.0,1.0,58.50062,2.3679051,1.058546,0.13559367,1.1893339,1.0
5878,2.9177349,1.4446167,1.6060351,0.72664326,0.0,0.0,1.0,51.63354,2.9177349,0.7429339,0.103717305,0.9097365,0.0
5879,2.385232,1.3358724,1.4815494,0.7252022,0.0,0.0,1.0,51.55798,2.385232,0.7394611,0.09651939,0.84660137,0.0
5880,2.285994,1.3156067,1.3756876,0.87592846,0.0,0.0,1.0,56.235943,2.285994,0.954461,0.101992264,0.89460564,0.0
5881,2.878232,1.4365497,1.3832704,0.6686078,0.0,0.0,1.0,59.30735,2.878232,1.0956234,0.10496846,0.9207108,0.0
5882,1.7831483,1.2118767,1.3723485,0.81360334,0.0,0.0,1.0,59.30735,1.7780454,1.0956234,0.114942946,1.0082,1.0
5883,2.7308412,1.3943125,1.503112,0.72827196,0.0,0.0,1.0,62.141296,2.6714036,1.2258719,0.1212556,1.0635704,1.0
5884,1.8484908,1.1801631,1.0169581,0.8379224,0.0,0.0,1.0,59.30735,1.622749,1.0956234,0.15932167,1.3974595,1.0
5885,1.2577219,1.0899386,1.1205461,0.80822885,0.0,0.0,1.0,59.30735,1.1809343,1.0956234,0.1351884,1.1857792,1.0
5886,3.6909451,1.5980443,1.5604272,0.67365056,0.0,0.0,1.0,62.141296,3.669045,1.2258719,0.11595239,1.0170542,1.0
5887,0.9806976,1.0339191,1.0429679,0.7835208,0.0,0.0,1.0,62.141296,0.90661573,1.2258719,0.12928614,1.1340086,1.0
5888,1.5781715,1.1527622,1.5569782,0.88100356,0.0,0.0,1.0,62.141296,1.4885709,1.2258719,0.13361494,1.171978,1.0
5889,2.0992126,1.2774634,1.3652111,0.7957227,0.0,0.0,1.0,64.76969,2.0992126,1.3466734,0.1041177,0.9132485,0.0
5890,2.3371239,1.2840931,1.2232623,0.75123364,0.0,0.0,1.0,59.84516,2.1316774,1.1203412,0.14540194,1.2753654,1.0
5891,2.7744074,1.3985447,1.5154612,0.6702107,0.0,0.0,1.0,59.84516,2.692128,1.1203412,0.12396357,1.0873228,1.0
5892,2.669151,1.3349276,1.2614752,0.8037957,0.0,0.0,1.0,59.84516,2.3806052,1.1203412,0.15348968,1.3463054,1.0
5893,1.0454084,1.055359,1.0640875,0.7884235,0.0,0.0,1.0,59.84516,1.0116035,1.1203412,0.124893285,1.0954776,1.0
5894,3.6939929,1.512834,1.4503227,0.9376197,0.0,0.0,1.0,56.011032,3.2517838,0.94412404,0.158305,1.388542,1.0
5895,2.5538456,1.3042538,1.1781417,0.74415773,0.0,0.0,1.0,52.692005,2.2304008,0.7915811,0.16124533,1.4143326,1.0
5896,3.7137625,1.6071762,1.6922036,0.6131017,0.0,0.0,1.0,29.565535,3.7137625,0.0,0.10365999,0.9092338,0.0
5897,2.9766781,1.3863907,1.3750068,0.68020964,0.0,0.0,1.0,30.9512,2.6326118,0.0,0.15657997,1.3734113,1.0
5898,1.7660998,1.1744996,1.0630069,0.8942813,0.0,0.0,1.0,33.263313,1.5950158,0.0,0.14894721,1.306462,1.0
5899,3.1113136,1.38491,1.4961946,0.78463346,0.0,0.0,1.0,30.177767,2.625361,0.0,0.17430183,1.5288552,1.0
5900,2.9464066,1.3698144,1.3728333,0.80396485,0.0,0.0,1.0,28.68674,2.5514402,0.0,0.16443266,1.4422897,1.0
5901,2.049195,1.2123896,1.300554,0.8175505,0.0,0.0,1.0,27.121098,1.7805567,0.0,0.16315314,1.4310666,1.0
5902,2.6244345,1.3490024,1.5336126,0.7678632,0.0,0.0,1.0,27.121098,2.4495273,0.0,0.13726719,1.2040129,1.0
5903,3.4198282,1.5471509,1.6226507,0.65359384,0.0,0.0,1.0,26.681643,3.4198282,0.0,0.077994294,0.6841121,0.0
5904,2.290563,1.3165398,1.5386482,0.6937055,0.0,0.0,1.0,27.405495,2.290563,0.0,0.10364121,0.9090691,0.0
5905,3.1654987,1.4952134,1.6081235,0.6241014,0.0,0.0,1.0,27.405495,3.1654987,0.0,0.10987815,0.9637752,0.0
5906,2.0251322,1.2417251,1.5372194,0.7259649,0.0,0.0,1.0,48.978764,1.9242078,0.62091994,0.13109292,1.1498566,1.0
5907,0.49697337,0.9450452,1.2317194,0.805595,0.0,0.0,1.0,48.978764,0.47141457,0.62091994,0.13166864,1.1549064,1.0
5908,2.371542,1.3330767,1.453448,0.74198645,0.0,0.0,1.0,46.574757,2.371542,0.5104314,0.098391265,0.8630202,0.0
5909,1.3853741,1.131688,1.5909618,0.6833777,0.0,0.0,1.0,48.89974,1.3853741,0.61728793,0.092986114,0.81560993,0.0
5910,1.8257073,1.22161,1.4154509,0.692366,0.0,0.0,1.0,51.643215,1.8257073,0.7433785,0.08739507,0.7665692,0.0
5911,1.6351496,1.1826955,1.3948765,0.7027999,0.0,0.0,1.0,51.643215,1.6351496,0.7433785,0.10815563,0.94866645,0.0
5912,1.9040394,1.1972897,1.3688948,0.8246407,0.0,0.0,1.0,49.116375,1.706615,0.6272446,0.15168999,1.3305198,1.0
5913,1.2352399,1.0624515,1.1793551,0.5780157,0.0,0.0,1.0,49.116375,1.0463341,0.6272446,0.17281687,1.5158302,1.0
5914,1.3554401,1.1255751,1.3862821,0.6860118,0.0,0.0,1.0,44.99115,1.3554401,0.43764862,0.11244385,0.9862797,0.0
5915,0.44444618,0.9118131,1.1701196,0.77034,0.0,0.0,1.0,47.556614,0.3086824,0.5555577,0.10980014,0.96309096,0.0
5916,0.4861279,0.9429727,0.9374776,0.7579649,0.0,0.0,1.0,47.287735,0.4612661,0.5432,0.13156502,1.1539974,1.0
5917,1.8300595,1.2044077,1.5026586,0.6472929,0.0,0.0,1.0,44.603447,1.7414706,0.41982976,0.1305784,1.1453434,1.0
5918,1.729808,1.202026,1.518452,0.6146618,0.0,0.0,1.0,44.603447,1.729808,0.41982976,0.11381307,0.99828964,0.0
5919,1.4721059,1.1461581,1.398476,0.7212051,0.0,0.0,1.0,41.91284,1.4562318,0.29616913,0.11755885,1.031145,1.0
5920,1.6929748,1.1339635,1.0029151,0.8723453,0.0,0.0,1.0,41.91284,1.3965167,0.29616913,0.1831569,1.6065257,1.0
5921,2.3214924,1.262257,1.4382179,0.7183821,0.0,0.0,1.0,43.699596,2.0247493,0.37828863,0.16174744,1.4187368,1.0
5922,2.2108674,1.2303762,1.1698086,0.6449695,0.0,0.0,1.0,40.278446,1.8686345,0.22105207,0.17366555,1.5232742,1.0
5923,2.451558,1.2739605,1.1810361,0.8288816,0.0,0.0,1.0,40.278446,2.0820594,0.22105207,0.171816,1.5070512,1.0
5924,2.292477,1.276361,1.1926683,0.74415773,0.0,0.0,1.0,40.278446,2.0938141,0.22105207,0.14491428,1.271088,1.0
5925,2.2021947,1.2236389,1.1428841,0.7851902,0.0,0.0,1.0,20.553473,1.8356427,0.0,0.17905322,1.5705311,1.0
5926,1.842389,1.1984526,1.2591817,0.8020252,0.0,0.0,1.0,22.459915,1.7123095,0.0,0.13875347,1.2170496,1.0
5927,1.9959657,1.2296392,1.2316107,0.4961732,0.0,0.0,1.0,21.818325,1.865025,0.0,0.13687763,1.200596,1.0
5928,0.085087925,0.86475855,1.0845569,0.7866395,0.0,0.0,1.0,22.459915,0.078264035,0.0,0.1424093,1.249116,1.0
5929,0.7140208,0.979636,1.0163509,0.95807505,0.0,0.0,1.0,24.43699,0.6408003,0.0,0.15122817,1.3264691,1.0
5930,0.40336648,0.9299199,0.896587,0.8011509,0.0,0.0,1.0,26.35897,0.39734855,0.0,0.11894142,1.0432719,1.0
5931,0.481937,0.9357449,0.85552496,0.98586935,0.0,0.0,1.0,27.466845,0.42587256,0.0,0.15689008,1.3761314,1.0
5932,1.6720991,1.1877384,1.0280789,0.86037785,0.0,0.0,1.0,27.466845,1.6598439,0.0,0.11641309,1.0210952,1.0
5933,0.897602,1.0320784,0.9162091,0.7757487,0.0,0.0,1.0,27.297623,0.897602,0.0,0.09935176,0.871445,0.0
5934,0.44074014,0.93870586,0.90811235,0.96084297,0.0,0.0,1.0,26.35897,0.440372,0.0,0.11428037,1.0023885,1.0
5935,0.39128688,0.9178846,1.0233285,0.8686208,0.0,0.0,1.0,26.448643,0.3384136,0.0,0.16490082,1.4463961,1.0
5936,2.851431,1.3919258,1.2229604,0.86758727,0.0,0.0,1.0,26.448643,2.6597164,0.0,0.1374875,1.2059454,1.0
5937,0.9619383,1.024229,1.2740577,0.79245543,0.0,0.0,1.0,24.383284,0.85916513,0.0,0.15297271,1.3417709,1.0
5938,0.028096983,0.85451376,1.0113361,0.7808151,0.0,0.0,1.0,21.88071,0.028096983,0.0,0.11196631,0.9820911,0.0
5939,1.8321723,1.2229302,1.1954032,0.76312804,0.0,0.0,1.0,20.046204,1.8321723,0.0,0.101687394,0.89193153,0.0
5940,2.3705578,1.3328757,1.4702224,0.7189644,0.0,0.0,1.0,34.954117,2.3705578,0.0,0.10409411,0.9130416,0.0
5941,2.3697844,1.3317173,1.4558593,0.8173898,0.0,0.0,1.0,34.954117,2.3648849,0.0,0.11468292,1.0059193,1.0
5942,1.5872501,1.1729138,1.3516157,0.6993008,0.0,0.0,1.0,39.815533,1.5872501,0.1997765,0.09554412,0.838047,0.0
5943,3.264043,1.5153375,1.6077214,0.6735047,0.0,0.0,1.0,39.965717,3.264043,0.206679,0.09215731,0.80834025,0.0
5944,1.811263,1.2186602,1.1313442,0.7942361,0.0,0.0,1.0,42.44716,1.811263,0.32072642,0.09849848,0.86396056,0.0
5945,2.419228,1.2775443,1.2368366,1.0326117,0.0,0.0,1.0,43.441883,2.0996084,0.3664441,0.16359448,1.4349377,1.0
5946,2.0280654,1.2629342,1.3445972,0.8422565,0.0,0.0,1.0,45.15489,2.0280654,0.44517407,0.094127454,0.825621,0.0
5947,3.2132075,1.5049561,1.7590276,0.70241815,0.0,0.0,1.0,43.441883,3.2132075,0.3664441,0.10632506,0.93261,0.0
5948,3.0968862,1.4812018,1.501624,0.74003106,0.0,0.0,1.0,45.392292,3.0968862,0.45608518,0.08914049,0.78187877,0.0
5949,0.9936629,1.0496131,1.3147367,0.78707206,0.0,0.0,1.0,46.316544,0.9834668,0.49856392,0.11738514,1.0296214,1.0
5950,1.8416419,1.224864,1.1554145,0.8304129,0.0,0.0,1.0,46.316544,1.8416419,0.49856392,0.110107124,0.9657836,0.0
5951,3.13091,1.3897619,1.3161741,0.85662186,0.0,0.0,1.0,45.392292,2.64912,0.45608518,0.17324921,1.5196224,1.0
5952,2.6821544,1.391801,1.3867319,0.8244483,0.0,0.0,1.0,45.392292,2.659105,0.45608518,0.116831586,1.024766,1.0
5953,2.2322853,1.3046386,1.512618,0.7037002,0.0,0.0,1.0,44.86751,2.2322853,0.43196622,0.102159195,0.8960699,0.0
5954,2.2855546,1.315517,1.3964602,0.70320314,0.0,0.0,1.0,46.10499,2.2855546,0.4888408,0.10657445,0.93479747,0.0
5955,2.7343545,1.3613355,1.3970718,0.669321,0.0,0.0,1.0,46.8997,2.5099206,0.5253659,0.14313512,1.2554823,1.0
5956,2.2461348,1.2690332,1.4245126,0.68733644,0.0,0.0,1.0,46.8997,2.0579312,0.5253659,0.14379765,1.2612936,1.0
5957,2.987713,1.4261838,1.4190656,0.669321,0.0,0.0,1.0,47.2252,2.8274722,0.54032594,0.13246854,1.1619225,1.0
5958,0.53915215,0.9588781,0.941637,0.7572765,0.0,0.0,1.0,47.2252,0.53915215,0.54032594,0.08486335,0.74436265,0.0
5959,1.0149004,1.0560323,1.1163023,0.7690648,0.0,0.0,1.0,49.56695,1.0149004,0.64795315,0.08689273,0.762163,0.0
5960,2.4198627,1.2632343,1.1136878,0.8612271,0.0,0.0,1.0,52.909805,2.0295348,0.8015912,0.17665511,1.5494965,1.0
5961,2.2848685,1.2570966,1.3851517,0.5896922,0.0,0.0,1.0,28.991243,1.9994799,0.0,0.16050102,1.407804,1.0
5962,0.80915964,0.9884329,1.3565265,0.6219224,0.0,0.0,1.0,28.12343,0.6838771,0.0,0.17368138,1.5234131,1.0
5963,1.6671323,1.1469467,0.93059546,0.9762353,0.0,0.0,1.0,28.999207,1.4600934,0.0,0.16019711,1.4051384,1.0
5964,1.2475088,1.0538483,1.0862048,0.8006231,0.0,0.0,1.0,29.793703,1.0042056,0.0,0.19292907,1.6922405,1.0
5965,1.2070482,1.0694987,1.0275962,0.90788335,0.0,0.0,1.0,29.793703,1.0808431,0.0,0.15204293,1.3336154,1.0
5966,1.0103337,1.0327086,1.0370648,0.8581399,0.0,0.0,1.0,30.549768,0.90068835,0.0,0.15366168,1.3478141,1.0
5967,2.3773408,1.334261,1.2422893,0.8850263,0.0,0.0,1.0,30.549768,2.3773408,0.0,0.112418786,0.9860599,0.0
5968,2.2443473,1.2717865,1.2314875,0.67761827,0.0,0.0,1.0,30.549768,2.0714135,0.0,0.14120251,1.2385309,1.0
5969,1.755618,1.1874522,1.1803488,0.7871464,0.0,0.0,1.0,28.163713,1.6584424,0.0,0.13309447,1.1674128,1.0
5970,2.3028893,1.3166329,1.3552033,0.78335565,0.0,0.0,1.0,27.20709,2.291019,0.0,0.11569583,1.0148039,1.0
5971,1.5477362,1.1648445,1.2554126,0.7313042,0.0,0.0,1.0,48.378757,1.5477362,0.59334356,0.103804134,0.91049814,0.0
5972,1.5176812,1.1558648,1.3011106,0.80053604,0.0,0.0,1.0,48.378757,1.5037642,0.59334356,0.11702272,1.0264424,1.0
5973,0.8489157,1.022136,1.0789514,0.837508,0.0,0.0,1.0,47.2252,0.8489157,0.54032594,0.09757943,0.85589933,0.0
5974,1.8386636,1.2152458,1.3230513,0.77499926,0.0,0.0,1.0,47.172863,1.7945433,0.5379205,0.12201658,1.0702451,1.0
5975,2.074642,1.2625412,1.2087734,0.7282056,0.0,0.0,1.0,47.223137,2.026141,0.5402311,0.12180542,1.068393,1.0
5976,2.0506325,1.2675427,1.4074043,0.7238019,0.0,0.0,1.0,48.225395,2.0506325,0.586295,0.11316534,0.9926082,0.0
5977,2.8244631,1.4160897,1.3505297,0.73200625,0.0,0.0,1.0,47.36852,2.7780428,0.54691285,0.11945102,1.0477419,1.0
5978,2.8543477,1.4124855,1.4291899,0.72145444,0.0,0.0,1.0,47.36852,2.7603936,0.54691285,0.12509504,1.0972472,1.0
5979,2.86812,1.417856,1.3925482,0.73221487,0.0,0.0,1.0,45.965496,2.7866921,0.4824297,0.123526186,1.0834863,1.0
5980,2.9318113,1.4269794,1.5133029,0.7422112,0.0,0.0,1.0,45.965496,2.8313682,0.4824297,0.12556364,1.1013575,1.0
5981,3.284024,1.3688762,1.2219819,0.8502132,0.0,0.0,1.0,45.965496,2.5468462,0.4824297,0.20829187,1.8269924,1.0
5982,2.721349,1.3258054,1.5409946,0.7786106,0.0,0.0,1.0,44.7764,2.3359356,0.42777875,0.16775249,1.471409,1.0
5983,2.6055782,1.2718639,1.4610718,0.7573997,0.0,0.0,1.0,44.7764,2.0717928,0.42777875,0.19793239,1.7361262,1.0
5984,2.9470608,1.4506054,1.4169964,0.71555823,0.0,0.0,1.0,44.7764,2.9470608,0.42777875,0.11074995,0.9714221,0.0
5985,3.3839684,1.465363,1.3486598,0.8684173,0.0,0.0,1.0,43.942196,3.0193264,0.38943854,0.1533471,1.3450549,1.0
5986,3.4494395,1.4066124,1.5545208,0.65415114,0.0,0.0,1.0,43.942196,2.7316341,0.38943854,0.19960372,1.750786,1.0
5987,2.7085748,1.3329265,1.3212063,0.8097106,0.0,0.0,1.0,38.74843,2.3708065,0.15073222,0.16041578,1.4070565,1.0
5988,3.748678,1.4432482,1.5282221,0.79075044,0.0,0.0,1.0,37.42878,2.9110336,0.09008097,0.20773838,1.8221376,1.0
5989,1.6979214,1.1646476,1.1267394,0.8724846,0.0,0.0,1.0,37.42878,1.5467719,0.09008097,0.14583889,1.2791979,1.0
5990,1.8884002,1.2024217,1.253851,0.7988777,0.0,0.0,1.0,36.60665,1.7317454,0.052295834,0.14347447,1.258459,1.0
5991,1.6933501,1.1613324,1.1943713,0.87396055,0.0,0.0,1.0,36.60665,1.5305377,0.052295834,0.14865866,1.3039311,1.0
5992,1.8956475,1.2094356,1.1638508,0.87321585,0.0,0.0,1.0,16.316442,1.7660913,0.0,0.13790338,1.2095932,1.0
5993,2.9042323,1.3456016,1.3542233,0.79864645,0.0,0.0,1.0,14.02567,2.432874,0.0,0.17711821,1.5535586,1.0
5994,3.0307708,1.4239168,1.4665678,0.5693624,0.0,0.0,1.0,13.295067,2.8163712,0.0,0.13880521,1.2175034,1.0
5995,1.035292,1.0601965,1.0092922,0.88423264,0.0,0.0,1.0,13.638557,1.035292,0.0,0.11149724,0.97797674,0.0
5996,1.0671326,1.0666988,0.9812347,0.68817514,0.0,0.0,1.0,13.867504,1.0671326,0.0,0.1113593,0.9767668,0.0
5997,1.4004349,1.1347636,1.0140254,0.7152327,0.0,0.0,1.0,14.349309,1.4004349,0.0,0.0842741,0.73919415,0.0
5998,0.75473547,1.0029031,0.9523148,0.74804455,0.0,0.0,1.0,14.349309,0.75473547,0.0,0.09118895,0.7998465,0.0
5999,2.0917635,1.2759422,1.2606928,0.80555534,0.0,0.0,1.0,13.867504,2.0917635,0.0,0.100221835,0.87907666,0.0
6000,1.6552101,1.1867921,1.0585092,0.7898227,0.0,0.0,1.0,25.23644,1.6552101,0.0,0.08038658,0.7050955,0.0
6001,1.7688968,1.1896007,1.1177844,0.788553,0.0,0.0,1.0,25.23644,1.6689632,0.0,0.13351245,1.1710789,1.0
6002,1.6709042,1.1899971,1.0520574,0.9302756,0.0,0.0,1.0,25.23644,1.6709042,0.0,0.09441133,0.82811093,0.0
6003,1.3479588,1.1240473,1.0376109,0.76124424,0.0,0.0,1.0,25.217613,1.3479588,0.0,0.0709501,0.62232524,0.0
6004,0.12794048,0.87418014,1.0785842,0.7641935,0.0,0.0,1.0,23.931772,0.12440002,0.0,0.12327863,1.0813149,1.0
6005,0.889645,1.0304534,0.8740018,0.86304456,0.0,0.0,1.0,25.203182,0.889645,0.0,0.09553542,0.8379707,0.0
6006,1.851621,1.2269019,1.250397,0.85055524,0.0,0.0,1.0,26.11207,1.851621,0.0,0.08467088,0.74267447,0.0
6007,1.2484784,1.0785445,0.9878325,0.79837567,0.0,0.0,1.0,25.400747,1.125139,0.0,0.14971592,1.3132045,1.0
6008,2.0527,1.257471,1.095249,0.7832554,0.0,0.0,1.0,22.461054,2.0013127,0.0,0.12237198,1.0733625,1.0
6009,0.92100567,1.0368577,0.96864116,0.8023086,0.0,0.0,1.0,22.461054,0.92100567,0.0,0.108711764,0.9535445,0.0
6010,1.3631296,1.1226504,1.0738143,0.79027027,0.0,0.0,1.0,22.74346,1.3411185,0.0,0.11935424,1.0468929,1.0
6011,1.0596185,1.0651643,1.073868,0.970385,0.0,0.0,1.0,20.799017,1.0596185,0.0,0.07137185,0.6260246,0.0
6012,3.0858486,1.4789478,1.5023053,0.6171364,0.0,0.0,1.0,20.787434,3.0858486,0.0,0.08673062,0.76074106,0.0
6013,1.2032808,1.0945021,1.1811999,0.855046,0.0,0.0,1.0,18.842539,1.2032808,0.0,0.060964838,0.5347414,0.0
6014,2.508215,1.3609872,1.4812225,0.9371061,0.0,0.0,1.0,18.842539,2.508215,0.0,0.06458298,0.5664773,0.0
6015,2.9297695,1.4470743,1.3659018,0.900407,0.0,0.0,1.0,20.837431,2.9297695,0.0,0.057851687,0.507435,0.0
6016,0.39019704,0.92845947,0.97412515,0.8910767,0.0,0.0,1.0,18.842539,0.39019704,0.0,0.074971735,0.6576003,0.0
6017,0.982037,1.0432135,1.0680993,0.76231843,0.0,0.0,1.0,18.842539,0.9521288,0.0,0.124240085,1.0897481,1.0
6018,0.9754379,1.0479735,0.8466755,0.90881133,0.0,0.0,1.0,17.167702,0.9754379,0.0,0.11058161,0.96994543,0.0
6019,0.4092865,0.9323578,0.9064836,0.76238066,0.0,0.0,1.0,17.167702,0.4092865,0.0,0.09397222,0.8242594,0.0
6020,1.4033629,1.1220111,1.019034,0.8518903,0.0,0.0,1.0,19.102537,1.3379878,0.0,0.12992387,1.1396024,1.0
6021,1.1131921,1.0515504,0.93107414,0.6120519,0.0,0.0,1.0,9.489894,0.9929533,0.0,0.15345229,1.3459774,1.0
6022,0.9020252,1.0305094,0.9481824,0.7823017,0.0,0.0,1.0,9.489894,0.88991874,0.0,0.11843943,1.0388688,1.0
6023,0.32604408,0.9105194,0.80534905,0.72294915,0.0,0.0,1.0,9.489894,0.30234757,0.0,0.13953777,1.2239288,1.0
6024,0.53915215,0.9588781,1.1930808,0.7777146,0.0,0.0,1.0,10.53397,0.53915215,0.0,0.111833565,0.98092675,0.0
6025,0.0,0.8165568,0.8688363,0.84899455,0.0,0.0,1.0,11.688719,0.0,0.0,0.119474694,1.0479494,1.0
6026,0.3481543,0.91814,0.72008693,0.76627034,0.0,0.0,1.0,13.251974,0.33966428,0.0,0.12214998,1.0714152,1.0
6027,1.1993364,1.0936966,0.91439795,0.74376166,0.0,0.0,1.0,11.688719,1.1993364,0.0,0.11331871,0.9939534,0.0
6028,0.79114604,1.00941,0.90740997,0.78367865,0.0,0.0,1.0,11.688719,0.78659874,0.0,0.115891114,1.0165168,1.0
6029,1.3093086,1.1149021,0.93457067,0.7818142,0.0,0.0,1.0,13.437951,1.3031765,0.0,0.115540855,1.0134445,1.0
6030,1.2873938,1.072614,0.89134187,0.77685106,0.0,0.0,1.0,13.437951,1.0960982,0.0,0.17085713,1.4986407,1.0
6031,1.5554861,1.1269596,0.91420716,0.8037164,0.0,0.0,1.0,11.741739,1.3622197,0.0,0.16022241,1.4053602,1.0
6032,0.08760839,0.8666668,0.7214434,0.845284,0.0,0.0,1.0,11.741739,0.08760839,0.0,0.10131011,0.8886223,0.0
6033,0.7134971,0.9944817,0.856679,0.8549905,0.0,0.0,1.0,18.877575,0.7134971,0.0,0.1068517,0.9372293,0.0
6034,0.6101168,0.95742613,0.83236533,0.80178946,0.0,0.0,1.0,18.864399,0.5320421,0.0,0.16180849,1.4192723,1.0
6035,0.24201287,0.897267,0.8731167,0.7836247,0.0,0.0,1.0,17.707335,0.23745255,0.0,0.12026393,1.054872,1.0
6036,1.0782378,1.0689666,0.9604186,0.8273014,0.0,0.0,1.0,18.864399,1.0782378,0.0,0.10931716,0.9588546,0.0
6037,0.742827,1.0004712,1.0549363,0.8138023,0.0,0.0,1.0,21.179716,0.742827,0.0,0.09157682,0.8032486,0.0
6038,0.7603453,1.0040487,1.026608,0.66589546,0.0,0.0,1.0,18.864399,0.7603453,0.0,0.089385785,0.7840303,0.0
6039,1.4285021,1.1404953,0.94594103,0.9575706,0.0,0.0,1.0,18.864399,1.4285021,0.0,0.10767176,0.9444223,0.0
6040,1.6432631,1.1655622,0.89063674,1.0054076,0.0,0.0,1.0,18.864399,1.5512503,0.0,0.13332924,1.169472,1.0
6041,0.47429594,0.9456336,0.98228014,0.8366636,0.0,0.0,1.0,18.864399,0.47429594,0.0,0.09731754,0.85360223,0.0
6042,1.4009941,1.1348778,0.9737949,0.8230552,0.0,0.0,1.0,21.157347,1.4009941,0.0,0.11114933,0.97492516,0.0
6043,1.6457294,1.184856,0.992324,0.96951926,0.0,0.0,1.0,23.878628,1.6457294,0.0,0.088948555,0.78019524,0.0
6044,0.8196804,1.0161657,1.0097706,0.72877425,0.0,0.0,1.0,21.157347,0.8196804,0.0,0.082953736,0.72761285,0.0
6045,1.6759332,1.1910241,0.9705915,0.7496668,0.0,0.0,1.0,21.179716,1.6759332,0.0,0.10285089,0.9021369,0.0
6046,0.0,0.8146717,0.8719208,0.7910423,0.0,0.0,1.0,24.471008,0.0,0.0,0.09795411,0.85918576,0.0
6047,0.0,0.8349287,0.86849207,0.81310785,0.0,0.0,1.0,25.600359,0.0,0.0,0.089196175,0.7823672,0.0
6048,0.5329014,0.9576016,0.86171204,0.83755445,0.0,0.0,1.0,24.475426,0.5329014,0.0,0.09348581,0.8199929,0.0
6049,0.0,0.81255877,0.9200278,0.7911514,0.0,0.0,1.0,24.471008,0.0,0.0,0.09906308,0.86891294,0.0
6050,0.86745375,1.0259217,0.86657447,0.8557865,0.0,0.0,1.0,25.600359,0.86745375,0.0,0.08094502,0.7099938,0.0
6051,0.9855041,1.0500292,0.92652345,0.81512487,0.0,0.0,1.0,27.9177,0.9855041,0.0,0.0744704,0.6532029,0.0
6052,0.0,0.78138864,0.78241163,0.825262,0.0,0.0,1.0,27.9177,0.0,0.0,0.06833992,0.59943056,0.0
6053,0.30934235,0.91194785,0.84598935,0.7165279,0.0,0.0,1.0,29.037994,0.30934235,0.0,0.09309505,0.81656545,0.0
6054,0.0,0.8281576,0.8309891,0.8310648,0.0,0.0,1.0,16.564035,0.0,0.0,0.09329564,0.8183249,0.0
6055,0.69916725,0.99155533,0.9440547,0.77481806,0.0,0.0,1.0,16.931583,0.69916725,0.0,0.090548754,0.7942311,0.0
6056,0.0,0.76087797,0.80378336,0.74267745,0.0,0.0,1.0,16.703018,0.0,0.0,0.09012402,0.7905056,0.0
6057,1.0856315,1.0704765,0.86854374,0.7162172,0.0,0.0,1.0,18.638594,1.0856315,0.0,0.08403174,0.73706836,0.0
6058,1.4035152,1.1353927,0.8323045,0.85023016,0.0,0.0,1.0,20.609173,1.4035152,0.0,0.07161417,0.62815,0.0
6059,1.3818991,1.1309783,0.8284926,0.8613724,0.0,0.0,1.0,19.588417,1.3818991,0.0,0.09656048,0.8469618,0.0
6060,1.249697,1.1039809,0.9641413,0.7167632,0.0,0.0,1.0,19.588417,1.249697,0.0,0.075916834,0.66589004,0.0
6061,1.2784804,1.1098589,0.873282,0.78157485,0.0,0.0,1.0,19.588417,1.2784804,0.0,0.09737328,0.8540911,0.0
6062,1.3891854,1.1324663,0.97341436,0.78269774,0.0,0.0,1.0,19.588417,1.3891854,0.0,0.109391876,0.95950997,0.0
6063,1.8659685,1.2298318,1.0987498,0.693643,0.0,0.0,1.0,21.756878,1.8659685,0.0,0.09380857,0.82282394,0.0
6064,1.6467341,1.1850612,1.0814174,0.71897507,0.0,0.0,1.0,24.744484,1.6467341,0.0,0.08888418,0.7796306,0.0
6065,1.5121742,1.1575823,1.0848911,0.756139,0.0,0.0,1.0,24.744484,1.5121742,0.0,0.077618524,0.68081605,0.0
6066,1.0198828,1.0570498,1.153659,0.7243225,0.0,0.0,1.0,27.032158,1.0198828,0.0,0.094017856,0.82465965,0.0
6067,1.0636435,1.0659863,0.952407,0.8629398,0.0,0.0,1.0,50.716106,1.0636435,0.7007685,0.088817984,0.77905,0.0
6068,0.7380207,0.94286376,0.9590101,0.83304155,0.0,0.0,1.0,55.5411,0.46073255,0.9225259,0.09581212,0.8403977,0.0
6069,0.6167907,0.9117279,0.9536015,0.80959487,0.0,0.0,1.0,52.24395,0.30826533,0.7709884,0.10020303,0.87891173,0.0
6070,0.60096306,0.89932907,0.9535787,0.736997,0.0,0.0,1.0,51.813477,0.24755022,0.7512038,0.08009085,0.7025016,0.0
6071,1.0384045,1.0608321,1.143102,0.758997,0.0,0.0,1.0,52.10427,1.0384045,0.76456875,0.077478126,0.67958456,0.0
6072,1.2814652,1.1104684,1.0555664,0.86213535,0.0,0.0,1.0,52.10427,1.2814652,0.76456875,0.08763852,0.76870453,0.0
6073,1.299298,1.1141101,1.177439,0.69648385,0.0,0.0,1.0,51.396957,1.299298,0.7320605,0.08345399,0.7320007,0.0
6074,1.0922419,1.0718265,1.0130348,0.7951617,0.0,0.0,1.0,51.396957,1.0922419,0.7320605,0.08585299,0.7530431,0.0
6075,1.5166557,1.1584975,1.1341058,0.76777565,0.0,0.0,1.0,52.245064,1.5166557,0.7710396,0.08481658,0.74395245,0.0
6076,1.310269,1.1163505,0.92007875,0.89193684,0.0,0.0,1.0,52.245064,1.310269,0.7710396,0.0905147,0.7939324,0.0
6077,0.9430668,1.0225383,0.9800459,0.70597327,0.0,0.0,1.0,61.117836,0.8508858,1.1788335,0.085395955,0.7490343,0.0
6078,1.1651638,1.0867181,1.142163,0.71789765,0.0,0.0,1.0,59.36353,1.1651638,1.0982053,0.07762518,0.6808744,0.0
6079,1.2351242,1.101005,1.117074,0.7123423,0.0,0.0,1.0,46.65246,1.2351242,0.5140026,0.08186464,0.7180601,0.0
6080,1.9108231,1.2389917,1.2277058,0.7508193,0.0,0.0,1.0,46.65246,1.9108231,0.5140026,0.08310271,0.72891957,0.0
6081,1.5528026,1.1658791,1.1597288,0.7400807,0.0,0.0,1.0,41.72074,1.5528026,0.28734016,0.07716322,0.6768224,0.0
6082,1.393926,1.1334344,1.0511833,0.6949895,0.0,0.0,1.0,41.72074,1.393926,0.28734016,0.09760188,0.85609627,0.0
6083,1.4350764,1.135477,1.0080848,0.71696585,0.0,0.0,1.0,38.841236,1.403928,0.15499768,0.12123504,1.06339,1.0
6084,0.86599267,1.0256233,0.97031444,0.7116549,0.0,0.0,1.0,37.233597,0.86599267,0.08111034,0.081200145,0.7122316,0.0
6085,1.844281,1.225403,1.0645549,0.7459795,0.0,0.0,1.0,37.233597,1.844281,0.08111034,0.09689213,0.84987086,0.0
6086,1.2835333,1.1108907,0.9569972,0.8102322,0.0,0.0,1.0,20.86089,1.2835333,0.0,0.1010426,0.8862758,0.0
6087,1.3029786,1.1148617,0.98893076,0.83286434,0.0,0.0,1.0,20.429771,1.3029786,0.0,0.10448504,0.9164706,0.0
6088,0.72127175,0.9960694,0.97276443,0.75701106,0.0,0.0,1.0,18.134014,0.72127175,0.0,0.11314254,0.9924082,0.0
6089,2.0581448,1.2676166,1.0957874,0.9221513,0.0,0.0,1.0,16.728458,2.0509946,0.0,0.11514366,1.0099605,1.0
6090,1.696498,1.1952237,0.8836158,0.903521,0.0,0.0,1.0,16.09863,1.696498,0.0,0.09544939,0.8372161,0.0
6091,0.95158243,1.0431019,0.94542843,0.70365125,0.0,0.0,1.0,16.09863,0.95158243,0.0,0.09498661,0.8331569,0.0
6092,1.7557888,1.2073317,1.0576801,0.76093924,0.0,0.0,1.0,14.708208,1.7557888,0.0,0.08983005,0.7879271,0.0
6093,1.4306788,1.1409398,1.0910845,0.75551337,0.0,0.0,1.0,13.292508,1.4306788,0.0,0.08291822,0.7273013,0.0
6094,1.08261,1.0698595,0.8396856,0.7516225,0.0,0.0,1.0,21.75049,1.08261,0.0,0.09765463,0.856559,0.0
6095,0.8289252,1.0180537,1.0933982,0.79276294,0.0,0.0,1.0,23.87568,0.8289252,0.0,0.10627836,0.9322003,0.0
6096,1.1037009,1.0741665,1.128662,0.78119975,0.0,0.0,1.0,22.263996,1.1037009,0.0,0.10341075,0.9070476,0.0
6097,1.4152144,1.134284,0.9533378,0.86049604,0.0,0.0,1.0,23.844202,1.3980864,0.0,0.11799867,1.0350028,1.0
6098,1.5097023,1.1520518,0.9930929,0.81731707,0.0,0.0,1.0,23.895958,1.4850924,0.0,0.11940596,1.0473466,1.0
6099,0.5472202,0.9605257,1.0119123,0.77354014,0.0,0.0,1.0,25.625717,0.5472202,0.0,0.111531906,0.9782808,0.0
6100,1.142468,1.0778745,0.94721663,0.8204753,0.0,0.0,1.0,23.895958,1.1218584,0.0,0.11999218,1.0524884,1.0
6101,1.5309762,1.1614219,1.0829023,0.79681396,0.0,0.0,1.0,21.188675,1.5309762,0.0,0.09751932,0.85537213,0.0
6102,1.1684935,1.087398,0.99852127,0.6982188,0.0,0.0,1.0,21.188675,1.1684935,0.0,0.09504607,0.8336785,0.0
6103,1.6984828,1.195629,1.0752535,0.71279424,0.0,0.0,1.0,19.676344,1.6984828,0.0,0.10136785,0.88912874,0.0
6104,1.6850495,1.1928858,0.9674916,0.80172616,0.0,0.0,1.0,21.89341,1.6850495,0.0,0.10805263,0.947763,0.0
6105,1.3099399,1.1162833,1.1665806,0.7469751,0.0,0.0,1.0,19.676344,1.3099399,0.0,0.09106911,0.7987953,0.0
6106,1.9165876,1.2401689,1.1353511,0.7144203,0.0,0.0,1.0,20.576859,1.9165876,0.0,0.07906447,0.6934989,0.0
6107,1.1944796,1.0927048,1.1364833,0.7131185,0.0,0.0,1.0,20.576859,1.1944796,0.0,0.07350065,0.6446969,0.0
6108,1.3598859,1.126483,1.0661231,0.80287385,0.0,0.0,1.0,22.853302,1.3598859,0.0,0.076503865,0.67103904,0.0
6109,1.422563,1.1392825,1.0918375,0.7785638,0.0,0.0,1.0,21.954914,1.422563,0.0,0.10007148,0.8777579,0.0
6110,0.9053332,1.0336572,1.1539407,0.68781793,0.0,0.0,1.0,20.499971,0.9053332,0.0,0.08711008,0.76406944,0.0
6111,0.9904986,1.0510491,1.1380266,0.8329629,0.0,0.0,1.0,21.867579,0.9904986,0.0,0.11031695,0.967624,0.0
6112,1.8309301,1.2226765,1.2037622,0.80405724,0.0,0.0,1.0,10.935374,1.8309301,0.0,0.09899037,0.86827517,0.0
6113,1.1634592,1.08637,0.9857416,0.77736115,0.0,0.0,1.0,12.057151,1.1634592,0.0,0.100977175,0.885702,0.0
6114,1.6547519,1.1866986,1.158965,0.90238273,0.0,0.0,1.0,10.808768,1.6547519,0.0,0.092644915,0.8126172,0.0
6115,0.9904525,1.0510397,1.1667172,0.7371438,0.0,0.0,1.0,10.808768,0.9904525,0.0,0.0830796,0.72871685,0.0
6116,1.0488507,1.0629654,1.3746823,0.68390435,0.0,0.0,1.0,10.935374,1.0488507,0.0,0.09086954,0.7970448,0.0
6117,2.4855473,1.3563582,1.3163267,0.6669867,0.0,0.0,1.0,10.332107,2.4855473,0.0,0.0915562,0.8030677,0.0
6118,1.7323484,1.2025448,1.1913582,0.9540187,0.0,0.0,1.0,11.274305,1.7323484,0.0,0.09701206,0.85092276,0.0
6119,1.794461,1.215229,1.2879026,0.70124334,0.0,0.0,1.0,10.949095,1.794461,0.0,0.113905594,0.99910116,0.0
6120,2.4847658,1.3561985,1.3784809,0.7285244,0.0,0.0,1.0,10.949095,2.4847658,0.0,0.09778194,0.8576756,0.0
6121,3.3336143,1.5295448,1.4898659,0.6962268,0.0,0.0,1.0,10.851968,3.3336143,0.0,0.09092236,0.7975081,0.0
6122,2.9992578,1.4612647,1.4199524,0.7533997,0.0,0.0,1.0,10.714482,2.9992578,0.0,0.05503194,0.48270217,0.0
6123,1.0502068,1.0632423,1.2850819,0.810929,0.0,0.0,1.0,11.0914545,1.0502068,0.0,0.06397938,0.5611829,0.0
6124,1.1203552,1.0775676,1.2958953,0.78573954,0.0,0.0,1.0,19.9155,1.1203552,0.0,0.08908657,0.7814058,0.0
6125,1.410634,1.1368464,1.1519266,0.80604345,0.0,0.0,1.0,19.9155,1.410634,0.0,0.08868267,0.7778631,0.0
6126,1.1023355,1.0738877,1.1510934,0.80785686,0.0,0.0,1.0,20.410416,1.1023355,0.0,0.11004167,0.9652095,0.0
6127,2.1600838,1.2798626,1.2970535,0.7418888,0.0,0.0,1.0,19.9155,2.1109612,0.0,0.12158805,1.0664864,1.0
6128,0.7267176,0.98941356,1.0023519,0.7771089,0.0,0.0,1.0,22.736624,0.68867934,0.0,0.13199972,1.1578103,1.0
6129,1.9109299,1.2390136,1.2102885,0.7834221,0.0,0.0,1.0,24.812088,1.9109299,0.0,0.09645048,0.8459969,0.0
6130,1.7962835,1.2156012,1.0545057,0.81266326,0.0,0.0,1.0,23.869375,1.7962835,0.0,0.0891265,0.78175604,0.0
6131,1.5905489,1.1735874,0.9687591,0.80616426,0.0,0.0,1.0,23.869375,1.5905489,0.0,0.0993218,0.8711822,0.0
6132,1.6597254,1.1877142,1.0513221,0.86589956,0.0,0.0,1.0,24.496687,1.6597254,0.0,0.10983951,0.96343625,0.0
6133,1.4484668,1.1445724,1.1196313,0.7930661,0.0,0.0,1.0,22.878849,1.4484668,0.0,0.10301796,0.90360236,0.0
6134,1.2658482,1.1072792,1.0934663,0.7673222,0.0,0.0,1.0,23.782366,1.2658482,0.0,0.10603357,0.93005323,0.0
6135,2.4379766,1.3466436,1.1548164,0.7615255,0.0,0.0,1.0,22.733986,2.4379766,0.0,0.109620616,0.9615163,0.0
6136,0.6193195,0.97524935,0.8923234,0.6984264,0.0,0.0,1.0,23.557318,0.6193195,0.0,0.09371871,0.82203573,0.0
6137,1.2322773,1.1004236,1.0522256,0.8140233,0.0,0.0,1.0,24.496687,1.2322773,0.0,0.09773359,0.85725147,0.0
6138,2.1080875,1.2792758,1.134953,0.7808878,0.0,0.0,1.0,23.869375,2.1080875,0.0,0.080982946,0.71032643,0.0
6139,1.785114,1.2133203,1.1575867,0.78883857,0.0,0.0,1.0,24.905443,1.785114,0.0,0.10771976,0.9448433,0.0
6140,1.3095393,1.1162015,1.1294281,0.6568887,0.0,0.0,1.0,24.257576,1.3095393,0.0,0.07824369,0.68629956,0.0
6141,1.324851,1.1193284,1.0114932,0.7200689,0.0,0.0,1.0,22.857822,1.324851,0.0,0.08372359,0.73436546,0.0
6142,0.72492105,0.9968146,0.9929361,0.75122106,0.0,0.0,1.0,22.867878,0.72492105,0.0,0.06424874,0.5635456,0.0
6143,0.6948948,0.99068284,0.95009434,0.758624,0.0,0.0,1.0,21.39123,0.6948948,0.0,0.09061286,0.79479337,0.0
6144,0.68066067,0.98777604,0.94410515,0.7959713,0.0,0.0,1.0,20.906183,0.68066067,0.0,0.10746226,0.94258463,0.0
6145,0.9968551,1.0523472,0.8913345,0.8064232,0.0,0.0,1.0,11.843162,0.9968551,0.0,0.084791355,0.7437312,0.0
6146,1.2291099,1.0997767,0.9962139,0.7555097,0.0,0.0,1.0,12.660703,1.2291099,0.0,0.0705185,0.6185396,0.0
6147,0.010256461,0.8508705,0.89287454,0.74220955,0.0,0.0,1.0,12.387739,0.010256461,0.0,0.085646085,0.7512283,0.0
6148,0.3720845,0.92476064,0.8900045,0.89257896,0.0,0.0,1.0,13.194671,0.3720845,0.0,0.09472947,0.83090144,0.0
6149,0.41253537,0.93302125,0.95579547,0.7717107,0.0,0.0,1.0,13.131704,0.41253537,0.0,0.08630807,0.7570347,0.0
6150,0.8311417,1.0185063,0.9473117,0.8524636,0.0,0.0,1.0,13.442271,0.8311417,0.0,0.08491937,0.74485403,0.0
6151,0.77854186,1.0077647,0.85478956,0.68934786,0.0,0.0,1.0,14.7931,0.77854186,0.0,0.09346296,0.8197925,0.0
6152,0.9618167,1.0451919,0.9574073,0.69151586,0.0,0.0,1.0,16.256186,0.9618167,0.0,0.07398657,0.64895904,0.0
6153,0.9758308,1.0480537,0.96839964,0.81576836,0.0,0.0,1.0,16.256186,0.9758308,0.0,0.087136686,0.7643028,0.0
6154,0.5365063,0.9583378,0.9179232,0.8261945,0.0,0.0,1.0,17.441427,0.5365063,0.0,0.09235852,0.81010514,0.0
6155,1.433583,1.1415329,1.0107417,0.6096658,0.0,0.0,1.0,18.650648,1.433583,0.0,0.08882014,0.7790689,0.0
6156,1.4078537,1.1362786,0.92292565,0.93078345,0.0,0.0,1.0,20.084879,1.4078537,0.0,0.08534657,0.74860114,0.0
6157,0.4773221,0.9462516,0.9801591,0.91920877,0.0,0.0,1.0,20.084879,0.4773221,0.0,0.0879848,0.77174187,0.0
6158,0.84677625,1.0216991,0.97470915,0.7179607,0.0,0.0,1.0,40.514797,0.84677625,0.2319148,0.07874298,0.690679,0.0
6159,1.1871758,1.0912132,1.0178486,0.6179318,0.0,0.0,1.0,36.02093,1.1871758,0.025376052,0.084456876,0.74079734,0.0
6160,1.4148033,1.1376978,1.0078679,0.8466044,0.0,0.0,1.0,40.514797,1.4148033,0.2319148,0.07523531,0.6599121,0.0
6161,0.69216955,0.9901263,1.0068009,0.88160837,0.0,0.0,1.0,41.179596,0.69216955,0.26246905,0.100679435,0.88309044,0.0
6162,0.2100476,0.8916705,1.2124525,0.90903306,0.0,0.0,1.0,41.179596,0.2100476,0.26246905,0.09052947,0.79406196,0.0
6163,0.8032339,1.0113856,1.0421233,0.7433158,0.0,0.0,1.0,39.562412,0.79627264,0.18814304,0.11685575,1.0249779,1.0
6164,0.9394936,1.0406332,1.0051792,0.8247969,0.0,0.0,1.0,40.514797,0.9394936,0.2319148,0.09223002,0.808978,0.0
6165,0.41457936,0.93343866,0.99517894,0.70654213,0.0,0.0,1.0,41.658657,0.41457936,0.28448677,0.1017334,0.8923351,0.0
6166,1.4861064,1.1522589,1.0912917,0.8838795,0.0,0.0,1.0,44.125576,1.4861064,0.39786673,0.10364825,0.9091309,0.0
6167,1.4568454,1.139124,1.1756638,0.75528085,0.0,0.0,1.0,44.125576,1.4217871,0.39786673,0.12204007,1.0704511,1.0
6168,1.4772661,1.1504536,1.1683815,0.736952,0.0,0.0,1.0,44.914234,1.4772661,0.43411356,0.099837266,0.8757035,0.0
6169,2.1556437,1.2889874,1.1693507,0.75358045,0.0,0.0,1.0,44.450478,2.1556437,0.41279924,0.10773367,0.9449653,0.0
6170,1.7029696,1.1965452,1.1642278,0.7835937,0.0,0.0,1.0,41.187477,1.7029696,0.26283127,0.096682616,0.8480331,0.0
6171,0.21026503,0.85378623,0.9722761,0.7191821,0.0,0.0,1.0,41.187477,0.024534365,0.26283127,0.088457555,0.77588856,0.0
6172,1.5436757,1.1640153,1.1446049,0.6664812,0.0,0.0,1.0,36.00824,1.5436757,0.02479275,0.0856697,0.7514354,0.0
6173,1.5799807,1.1714293,1.0804307,0.7220421,0.0,0.0,1.0,37.814774,1.5799807,0.10782131,0.1000531,0.8775967,0.0
6174,0.4691794,0.9445887,0.89931494,0.7348256,0.0,0.0,1.0,37.814774,0.4691794,0.10782131,0.08101251,0.7105858,0.0
6175,1.3872421,1.1320695,0.9748081,0.8179404,0.0,0.0,1.0,37.814774,1.3872421,0.10782131,0.08753309,0.76777977,0.0
6176,1.205537,1.0949628,0.86001444,0.7788512,0.0,0.0,1.0,37.814774,1.205537,0.10782131,0.08351945,0.73257494,0.0
6177,0.8033313,1.012827,0.86696243,0.8227435,0.0,0.0,1.0,37.814774,0.8033313,0.10782131,0.09326561,0.8180615,0.0
6178,0.08625705,0.85044014,0.8963841,0.74720633,0.0,0.0,1.0,37.814774,0.008149129,0.10782131,0.091720775,0.80451125,0.0
6179,0.0,0.7966743,0.77498955,0.7968629,0.0,0.0,1.0,18.561651,0.0,0.0,0.08701333,0.7632208,0.0
6180,0.9806385,1.0490355,0.9169415,0.6844316,0.0,0.0,1.0,17.570406,0.9806385,0.0,0.10443521,0.9160335,0.0
6181,0.0,0.82815546,0.75338084,0.77380586,0.0,0.0,1.0,18.561651,0.0,0.0,0.09645735,0.8460572,0.0
6182,0.0,0.7277969,0.8885688,0.7874243,0.0,0.0,1.0,18.561651,0.0,0.0,0.0828428,0.72663975,0.0
6183,0.33090016,0.91635025,0.9399199,1.0020984,0.0,0.0,1.0,17.252836,0.33090016,0.0,0.10575806,0.9276366,0.0
6184,0.08791311,0.866729,0.7792555,0.7185215,0.0,0.0,1.0,16.252432,0.08791311,0.0,0.08879903,0.77888376,0.0
6185,0.78886837,1.0098735,0.87521154,0.8046719,0.0,0.0,1.0,17.147564,0.78886837,0.0,0.07938855,0.6963415,0.0
6186,0.38513595,0.9274259,0.97018033,0.75265604,0.0,0.0,1.0,30.828611,0.38513595,0.0,0.07959812,0.6981797,0.0
6187,0.6919904,0.9900897,0.97554505,0.77270776,0.0,0.0,1.0,30.828611,0.6919904,0.0,0.0844032,0.7403266,0.0
6188,0.8476589,1.0218793,0.98615164,0.78984946,0.0,0.0,1.0,30.828611,0.8476589,0.0,0.06911824,0.60625744,0.0
6189,0.25393498,0.9006329,0.89842016,0.7652261,0.0,0.0,1.0,29.886171,0.25393498,0.0,0.10131619,0.88867563,0.0
6190,0.98751277,1.0504394,0.9199292,0.7405903,0.0,0.0,1.0,29.107246,0.98751277,0.0,0.08076458,0.70841104,0.0
6191,0.66380435,0.98433375,0.943696,0.7383414,0.0,0.0,1.0,29.219307,0.66380435,0.0,0.0888133,0.77900887,0.0
6192,1.0216591,1.0574125,0.87630653,0.7376309,0.0,0.0,1.0,31.555447,1.0216591,0.0,0.08950678,0.78509164,0.0
6193,1.0594032,1.0651203,0.9390741,0.7445707,0.0,0.0,1.0,29.250824,1.0594032,0.0,0.08294364,0.7275243,0.0
6194,0.9454519,1.04185,0.9573275,0.72191936,0.0,0.0,1.0,31.596033,0.9454519,0.0,0.08901125,0.7807452,0.0
6195,0.9218801,1.0370363,0.96124667,0.6724936,0.0,0.0,1.0,28.375599,0.9218801,0.0,0.07489835,0.65695655,0.0
6196,1.3420916,1.1228491,0.9493468,0.7870875,0.0,0.0,1.0,31.616447,1.3420916,0.0,0.07690609,0.6745671,0.0
6197,1.1269826,1.078921,0.85065293,0.7251955,0.0,0.0,1.0,29.974062,1.1269826,0.0,0.086850256,0.76179045,0.0
6198,0.6395718,0.97938514,0.9014787,0.8182759,0.0,0.0,1.0,26.351505,0.6395718,0.0,0.0854293,0.7493268,0.0
6199,0.8282726,1.0179204,0.9008494,0.7743084,0.0,0.0,1.0,31.48499,0.8282726,0.0,0.08600378,0.75436574,0.0
6200,1.5373986,1.1627334,0.9517283,0.8165234,0.0,0.0,1.0,27.196276,1.5373986,0.0,0.07450276,0.6534867,0.0
6201,1.3155601,1.117431,0.97142714,0.64270514,0.0,0.0,1.0,26.379364,1.3155601,0.0,0.09165717,0.80395335,0.0
6202,0.6974236,0.99119925,0.885552,0.71048844,0.0,0.0,1.0,26.379364,0.6974236,0.0,0.09396804,0.82422274,0.0
6203,0.7414038,1.0001806,0.86964947,0.7949433,0.0,0.0,1.0,26.379364,0.7414038,0.0,0.08144139,0.7143476,0.0
6204,1.1087117,1.0751898,0.87325627,0.77749735,0.0,0.0,1.0,14.720295,1.1087117,0.0,0.08703742,0.76343215,0.0
6205,0.23240575,0.89623636,0.7582583,0.8494405,0.0,0.0,1.0,18.02887,0.23240575,0.0,0.11029085,0.9673951,0.0
6206,0.9787437,1.0486486,1.009164,0.69219756,0.0,0.0,1.0,16.497725,0.9787437,0.0,0.09171017,0.80441827,0.0
6207,1.4029232,1.1289752,0.9227778,0.7903718,0.0,0.0,1.0,16.497725,1.3720897,0.0,0.121328,1.0642054,1.0
6208,0.17288558,0.88408154,0.7813833,0.8284849,0.0,0.0,1.0,16.352661,0.17288558,0.0,0.09558139,0.8383739,0.0
6209,0.34633332,0.9195019,0.89045656,0.7400584,0.0,0.0,1.0,20.534513,0.34633332,0.0,0.08542356,0.74927646,0.0
6210,1.4426078,1.1433759,0.97256035,0.7746264,0.0,0.0,1.0,21.834452,1.4426078,0.0,0.0625714,0.5488331,0.0
6211,0.97138786,1.0471464,0.90423626,0.6799847,0.0,0.0,1.0,21.765244,0.97138786,0.0,0.10101573,0.8860402,0.0
6212,1.7057773,1.1971186,1.092404,0.63646215,0.0,0.0,1.0,19.215996,1.7057773,0.0,0.08950431,0.78506994,0.0
6213,1.2108678,1.0960515,0.8963925,0.818878,0.0,0.0,1.0,18.521698,1.2108678,0.0,0.07146972,0.626883,0.0
6214,0.38455716,0.9273077,0.84795123,0.9018412,0.0,0.0,1.0,15.006288,0.38455716,0.0,0.08327812,0.73045814,0.0
6215,0.5554309,0.9622024,0.81053996,0.7510747,0.0,0.0,1.0,15.067244,0.5554309,0.0,0.073711134,0.64654315,0.0
6216,1.0022898,1.053457,0.9357559,0.70215076,0.0,0.0,1.0,22.810957,1.0022898,0.0,0.10794691,0.9468357,0.0
6217,0.7861814,1.0093248,0.8272942,0.7779609,0.0,0.0,1.0,26.875967,0.7861814,0.0,0.08575671,0.75219864,0.0
6218,1.5561211,1.1665568,1.0757918,0.70225585,0.0,0.0,1.0,26.875967,1.5561211,0.0,0.08955673,0.78552973,0.0
6219,0.60617405,0.9725649,0.95790136,0.6886493,0.0,0.0,1.0,26.80296,0.60617405,0.0,0.07266036,0.6373264,0.0
6220,0.8782759,1.0281317,0.9204546,0.7747038,0.0,0.0,1.0,26.733078,0.8782759,0.0,0.07283425,0.63885176,0.0
6221,0.40543815,0.9315719,0.9610577,0.7484562,0.0,0.0,1.0,32.057793,0.40543815,0.0,0.07757466,0.68043137,0.0
6222,1.0743062,1.0681638,0.9169619,0.79577386,0.0,0.0,1.0,26.185345,1.0743062,0.0,0.08482247,0.7440041,0.0
6223,0.9116622,1.0349497,1.0178598,0.7644636,0.0,0.0,1.0,32.057793,0.9116622,0.0,0.074268706,0.65143377,0.0
6224,1.2183217,1.0975736,1.0399395,0.79778177,0.0,0.0,1.0,32.057793,1.2183217,0.0,0.07035614,0.61711544,0.0
6225,1.311558,1.1166137,0.97623813,0.754406,0.0,0.0,1.0,32.057793,1.311558,0.0,0.081145115,0.7117489,0.0
6226,1.8218615,1.2208246,0.9673176,0.8130926,0.0,0.0,1.0,27.993092,1.8218615,0.0,0.06700543,0.58772534,0.0
6227,0.9903048,1.0510095,1.0279568,0.7866313,0.0,0.0,1.0,26.185345,0.9903048,0.0,0.08768204,0.76908624,0.0
6228,1.4511771,1.1451259,1.0288259,0.7988233,0.0,0.0,1.0,32.057793,1.4511771,0.0,0.08293872,0.7274812,0.0
6229,1.1017774,1.0737737,1.005798,0.7238973,0.0,0.0,1.0,29.843153,1.1017774,0.0,0.064412996,0.5649863,0.0
6230,1.1380574,1.0811826,0.9909497,0.7605067,0.0,0.0,1.0,28.146183,1.1380574,0.0,0.081553884,0.7153343,0.0
6231,1.1117811,1.0758166,0.9275494,0.6930647,0.0,0.0,1.0,29.843153,1.1117811,0.0,0.07612149,0.6676851,0.0
6232,0.2581155,0.90148664,0.78914875,0.79851276,0.0,0.0,1.0,28.146183,0.2581155,0.0,0.069984935,0.6138595,0.0
6233,0.86148787,1.0247034,0.9713232,0.7891946,0.0,0.0,1.0,26.306858,0.86148787,0.0,0.07420314,0.6508587,0.0
6234,1.2319995,1.1003668,0.999484,0.72621405,0.0,0.0,1.0,26.306858,1.2319995,0.0,0.07399134,0.64900094,0.0
6235,1.4217796,1.1391225,1.0735586,0.7702872,0.0,0.0,1.0,28.146183,1.4217796,0.0,0.07802322,0.68436575,0.0
6236,1.493702,1.15381,1.2017243,0.6877017,0.0,0.0,1.0,29.424368,1.493702,0.0,0.06768232,0.5936625,0.0
6237,0.9649526,1.0458323,0.9317349,0.7248417,0.0,0.0,1.0,15.7899475,0.9649526,0.0,0.08593094,0.75372684,0.0
6238,0.7365686,0.9991932,0.8852296,0.8352905,0.0,0.0,1.0,15.7899475,0.7365686,0.0,0.058014594,0.5088639,0.0
6239,0.67429024,0.9864751,1.1011896,0.6895652,0.0,0.0,1.0,15.7899475,0.67429024,0.0,0.08914803,0.78194493,0.0
6240,0.76159096,1.0043031,0.9798542,0.6640983,0.0,0.0,1.0,17.548336,0.76159096,0.0,0.081084706,0.711219,0.0
6241,1.2172406,1.0973529,1.0712419,0.73811555,0.0,0.0,1.0,20.363745,1.2172406,0.0,0.08352714,0.73264235,0.0
6242,1.2387494,1.1017452,0.9502854,0.77270824,0.0,0.0,1.0,23.402813,1.2387494,0.0,0.07573682,0.66431105,0.0
6243,1.7809186,1.2124635,1.0677221,0.7334843,0.0,0.0,1.0,26.116583,1.7809186,0.0,0.07643944,0.67047393,0.0
6244,0.3429175,0.91880435,0.88684845,0.7373289,0.0,0.0,1.0,26.149174,0.3429175,0.0,0.08598517,0.7542025,0.0
6245,0.17295125,0.88409495,0.782654,0.80027694,0.0,0.0,1.0,27.809046,0.17295125,0.0,0.05609842,0.49205658,0.0
6246,0.15295203,0.88001084,0.86360866,0.7492862,0.0,0.0,1.0,27.809046,0.15295203,0.0,0.076314084,0.6693744,0.0
6247,1.0542766,1.0640734,0.99086803,0.7523853,0.0,0.0,1.0,29.691969,1.0542766,0.0,0.09119799,0.79992574,0.0
6248,0.92304355,1.0372739,0.9686676,0.7484834,0.0,0.0,1.0,33.210884,0.92304355,0.0,0.09434412,0.8275214,0.0
6249,1.2302436,1.1000082,1.0945197,0.70266837,0.0,0.0,1.0,34.03738,1.2302436,0.0,0.09876776,0.8663225,0.0
6250,1.2662212,1.1073554,1.010245,0.8328847,0.0,0.0,1.0,52.85993,1.2662212,0.7992988,0.08763128,0.768641,0.0
6251,1.0755216,1.068412,0.8272036,0.8802558,0.0,0.0,1.0,49.56988,1.0755216,0.6480878,0.06750991,0.5921503,0.0
6252,1.1901038,1.0918112,0.9076763,0.87597805,0.0,0.0,1.0,49.5572,1.1901038,0.64750504,0.077801734,0.68242306,0.0
6253,1.3728901,1.1291386,0.9600123,0.7405447,0.0,0.0,1.0,52.839314,1.3728901,0.7983514,0.059801385,0.52453643,0.0
6254,1.6430898,1.184317,1.1739069,0.6751451,0.0,0.0,1.0,52.839314,1.6430898,0.7983514,0.073767304,0.64703584,0.0
6255,0.6386811,0.7830612,0.9872591,0.80987597,0.0,0.0,1.0,52.839314,0.0,0.7983514,0.09215016,0.80827755,0.0
6256,1.6256964,1.180765,1.1609613,0.7198663,0.0,0.0,1.0,52.85993,1.6256964,0.7992988,0.089310564,0.78337055,0.0
6257,0.63943905,0.95172405,0.9610019,0.79335546,0.0,0.0,1.0,52.85993,0.50411993,0.7992988,0.116530865,1.0221282,1.0
6258,1.1421045,1.0820091,0.8630857,0.80582345,0.0,0.0,1.0,52.926666,1.1421045,0.80236614,0.087682314,0.7690887,0.0
6259,1.1395489,1.0814872,0.93281424,0.7998753,0.0,0.0,1.0,62.477383,1.1395489,1.2413185,0.09413736,0.8257079,0.0
6260,1.5264953,1.1605068,0.98967165,0.7777167,0.0,0.0,1.0,62.477383,1.5264953,1.2413185,0.1038498,0.9108987,0.0
6261,1.7349939,1.2030851,1.0800745,0.78409976,0.0,0.0,1.0,74.10808,1.7349939,1.775867,0.07547718,0.6620337,0.0
6262,1.4206936,0.9870891,0.9497684,0.8879834,0.0,0.0,1.0,74.10808,0.6772968,1.775867,0.08124377,0.7126142,0.0
6263,1.1699948,1.0877047,0.99105626,0.7799185,0.0,0.0,1.0,62.49642,1.1699948,1.2421936,0.08395455,0.7363913,0.0
6264,1.4186652,0.9882078,1.0364417,0.7692231,0.0,0.0,1.0,74.05291,0.682775,1.7733314,0.07901733,0.69308543,0.0
6265,1.2614883,1.0771657,0.88374794,0.7985032,0.0,0.0,1.0,69.7781,1.1183875,1.5768604,0.10014507,0.87840337,0.0
6266,1.573849,1.1701771,1.0601398,0.75903237,0.0,0.0,1.0,69.7781,1.573849,1.5768604,0.092944734,0.815247,0.0
6267,1.388935,1.1324152,0.9766202,0.78701407,0.0,0.0,1.0,62.4499,1.388935,1.2400554,0.07880556,0.6912279,0.0
6268,0.9920444,1.0511011,1.0365971,0.6691962,0.0,0.0,1.0,62.4499,0.9907531,1.2400554,0.081816465,0.7176375,0.0
6269,1.0866624,1.070687,0.84358096,0.8478085,0.0,0.0,1.0,52.903385,1.0866624,0.8012961,0.10626674,0.9320984,0.0
6270,0.0,0.77142024,0.82709825,0.7486867,0.0,0.0,1.0,30.152275,0.0,0.0,0.08286379,0.7268239,0.0
6271,0.99615926,1.0522051,0.95128375,0.7849216,0.0,0.0,1.0,35.10124,0.99615926,0.0,0.09252583,0.8115727,0.0
6272,0.67988867,0.9876184,0.8876284,0.759249,0.0,0.0,1.0,39.242947,0.67988867,0.17346035,0.1111808,0.97520113,0.0
6273,0.6884845,0.9866987,0.91739744,0.7614669,0.0,0.0,1.0,37.484077,0.67538506,0.09262247,0.1203259,1.0554156,1.0
6274,0.25803143,0.90146947,0.8980608,0.7893793,0.0,0.0,1.0,35.176624,0.25803143,0.0,0.09059392,0.79462725,0.0
6275,0.83454555,1.0178082,0.91070485,0.6942078,0.0,0.0,1.0,37.484077,0.82772326,0.09262247,0.11669289,1.0235494,1.0
6276,0.30771026,0.8997199,0.9950053,0.6630652,0.0,0.0,1.0,43.83774,0.24946405,0.38463783,0.09154987,0.80301225,0.0
6277,0.43383166,0.93737024,0.80769074,0.67406297,0.0,0.0,1.0,39.242947,0.43383166,0.17346035,0.099343136,0.87136936,0.0
6278,0.13876829,0.72109854,0.79563653,0.7895968,0.0,0.0,1.0,39.242947,0.0,0.17346035,0.08011159,0.7026835,0.0
6279,0.40649766,0.93178827,0.8044255,0.74566734,0.0,0.0,1.0,39.242947,0.40649766,0.17346035,0.07678214,0.67347986,0.0
6280,0.7147329,0.99473405,0.95734984,0.7686102,0.0,0.0,1.0,39.242947,0.7147329,0.17346035,0.079977304,0.70150566,0.0
6281,1.2614883,1.0145627,0.86084986,0.6628128,0.0,0.0,1.0,69.7781,0.8118307,1.5768604,0.087603845,0.7684004,0.0
6282,1.2614883,0.926311,1.0652926,0.69229615,0.0,0.0,1.0,69.7781,0.37967643,1.5768604,0.1239343,1.087066,1.0
6283,1.1456177,1.0171071,1.0103399,0.775806,0.0,0.0,1.0,66.62671,0.8242902,1.4320221,0.09468987,0.83055407,0.0
6284,1.5595331,1.084677,1.071531,0.97995186,0.0,0.0,1.0,77.88416,1.1551688,1.9494164,0.11064903,0.9705368,0.0
6285,1.5644577,1.1682593,1.016182,0.7731605,0.0,0.0,1.0,77.88416,1.5644577,1.9494164,0.10662998,0.9352845,0.0
6286,1.5595331,1.1163042,0.94438785,0.8152908,0.0,0.0,1.0,77.88416,1.3100419,1.9494164,0.11230459,0.98505825,0.0
6287,1.7292329,1.2019086,1.1184973,0.81284714,0.0,0.0,1.0,73.58932,1.7292329,1.7520247,0.106624685,0.93523806,0.0
6288,2.0401852,1.2629457,1.4153978,0.8024365,0.0,0.0,1.0,60.377632,2.0281215,1.1448137,0.11594562,1.0169948,1.0
6289,1.0666925,1.0533496,0.96109134,0.9643241,0.0,0.0,1.0,60.377632,1.0017638,1.1448137,0.13512051,1.1851838,1.0
6290,1.4326857,1.1413497,1.1290246,0.7156558,0.0,0.0,1.0,60.377632,1.4326857,1.1448137,0.08175214,0.71707326,0.0
6291,1.4172549,1.072637,0.9795477,0.72081953,0.0,0.0,1.0,74.01456,1.0962108,1.7715687,0.14593521,1.2800428,1.0
6292,1.4475363,1.1443824,1.0701464,0.76115924,0.0,0.0,1.0,60.377632,1.4475363,1.1448137,0.10560975,0.92633575,0.0
6293,1.5867224,1.172806,0.8615344,0.9407128,0.0,0.0,1.0,53.83803,1.5867224,0.84425265,0.096897796,0.8499205,0.0
6294,1.7814071,1.1781645,1.134438,0.7131842,0.0,0.0,1.0,55.231815,1.6129619,0.9083111,0.14802553,1.2983776,1.0
6295,1.0334234,1.0598149,0.94182295,0.79658294,0.0,0.0,1.0,52.68544,1.0334234,0.7912794,0.09712222,0.851889,0.0
6296,1.3725538,1.1290699,1.0473787,0.79368675,0.0,0.0,1.0,52.68544,1.3725538,0.7912794,0.105622314,0.92644596,0.0
6297,1.1590402,1.0854676,0.79432327,0.8493018,0.0,0.0,1.0,52.68544,1.1590402,0.7912794,0.111115694,0.97463006,0.0
6298,1.5354103,1.1623274,1.0135393,0.78873885,0.0,0.0,1.0,55.231815,1.5354103,0.9083111,0.09725576,0.8530603,0.0
6299,1.4012165,1.1349232,0.9337455,0.79628986,0.0,0.0,1.0,30.214682,1.4012165,0.0,0.09350282,0.82014215,0.0
6300,1.5839187,1.1722335,1.0128844,0.772192,0.0,0.0,1.0,28.827963,1.5839187,0.0,0.10193924,0.89414054,0.0
6301,0.48196495,0.9471997,0.73530203,0.83683664,0.0,0.0,1.0,28.827963,0.48196495,0.0,0.0905564,0.7942982,0.0
6302,1.5105292,1.1572464,1.0130794,0.84722924,0.0,0.0,1.0,28.827963,1.5105292,0.0,0.06793055,0.59583986,0.0
6303,2.0588126,1.2692132,1.2791024,0.6276506,0.0,0.0,1.0,29.336637,2.0588126,0.0,0.08676473,0.7610403,0.0
6304,1.0481216,1.0628165,0.90856165,0.73263395,0.0,0.0,1.0,30.214682,1.0481216,0.0,0.10722151,0.94047296,0.0
6305,0.2554781,0.90094805,0.8691718,0.81900984,0.0,0.0,1.0,28.827963,0.2554781,0.0,0.11191129,0.9816085,0.0
6306,1.6720846,1.1902381,1.0878658,0.6524425,0.0,0.0,1.0,28.036366,1.6720846,0.0,0.091549486,0.80300885,0.0
6307,0.49515826,0.94989395,0.88594085,0.7723062,0.0,0.0,1.0,25.856302,0.49515826,0.0,0.103062704,0.9039948,0.0
6308,0.9030518,1.0282849,0.8882729,0.8489763,0.0,0.0,1.0,28.036366,0.879026,0.0,0.122911245,1.0780925,1.0
6309,1.1845727,1.0739095,1.0476726,0.7108858,0.0,0.0,1.0,28.036366,1.1024423,0.0,0.13827506,1.2128532,1.0
6310,0.986462,1.0502248,0.8966529,0.78180695,0.0,0.0,1.0,46.8042,0.986462,0.52097666,0.110113196,0.9658369,0.0
6311,0.30840707,0.8953646,0.8084553,0.8201883,0.0,0.0,1.0,43.856693,0.2281368,0.38550884,0.098943405,0.8678632,0.0
6312,0.4261826,0.9012166,0.91451895,0.784451,0.0,0.0,1.0,47.05989,0.2567933,0.53272825,0.08822962,0.77388924,0.0
6313,0.43437982,0.9374822,0.8687533,0.80014646,0.0,0.0,1.0,47.05989,0.43437982,0.53272825,0.10256527,0.8996317,0.0
6314,1.5829788,1.1720415,1.1263893,0.8117729,0.0,0.0,1.0,53.812107,1.5829788,0.84306115,0.089148045,0.78194505,0.0
6315,0.9562828,1.0440618,1.0304453,0.66830903,0.0,0.0,1.0,53.23128,0.9562828,0.8163663,0.09528928,0.83581173,0.0
6316,0.82864326,1.0179961,1.0489892,0.67499506,0.0,0.0,1.0,49.65729,0.82864326,0.6521052,0.076529875,0.6712672,0.0
6317,1.9585013,1.2487283,1.0837995,0.76539373,0.0,0.0,1.0,49.65729,1.9585013,0.6521052,0.09545631,0.83727676,0.0
6318,1.350254,1.124516,1.244092,0.8173436,0.0,0.0,1.0,57.33768,1.350254,1.005097,0.09673028,0.84845114,0.0
6319,1.0113133,1.0552998,1.1167579,0.872202,0.0,0.0,1.0,53.812107,1.0113133,0.84306115,0.07755978,0.6803008,0.0
6320,0.6946753,0.990638,1.0249332,0.6424012,0.0,0.0,1.0,48.436684,0.6946753,0.59600586,0.09104211,0.7985585,0.0
6321,0.70207083,0.9921483,0.8223857,0.7771842,0.0,0.0,1.0,48.436684,0.70207083,0.59600586,0.09505386,0.8337468,0.0
6322,1.7299767,1.2020605,1.1240456,0.71386653,0.0,0.0,1.0,40.310375,1.7299767,0.22251953,0.08772422,0.7694562,0.0
6323,1.9480966,1.2466035,1.0850208,0.7461911,0.0,0.0,1.0,39.514793,1.9480966,0.18595448,0.08967416,0.78655976,0.0
6324,1.2740691,1.1067686,1.2607621,0.8100713,0.0,0.0,1.0,39.514793,1.2633479,0.18595448,0.1167724,1.0242468,1.0
6325,1.6624851,1.180746,1.0657654,0.6861299,0.0,0.0,1.0,32.99562,1.625603,0.0,0.12139848,1.0648235,1.0
6326,1.2888927,1.1119852,1.0744393,0.7520498,0.0,0.0,1.0,32.99562,1.2888927,0.0,0.08911162,0.78162557,0.0
6327,0.6668623,0.98495823,0.9442626,0.7664838,0.0,0.0,1.0,31.221266,0.6668623,0.0,0.09498055,0.8331038,0.0
6328,1.0479658,1.0627847,1.0650644,0.7301026,0.0,0.0,1.0,30.20407,1.0479658,0.0,0.08985484,0.7881445,0.0
6329,0.0,0.78074974,0.72881114,0.665069,0.0,0.0,1.0,31.204975,0.0,0.0,0.09066247,0.79522854,0.0
6330,0.8405717,1.0095128,0.9059703,0.85072863,0.0,0.0,1.0,17.428005,0.787102,0.0,0.13613617,1.1940924,1.0
6331,1.7346998,1.145647,1.359695,0.7700496,0.0,0.0,1.0,18.00605,1.4537293,0.0,0.17696516,1.5522162,1.0
6332,0.8341672,1.0175717,0.9030289,0.7850506,0.0,0.0,1.0,19.303728,0.8265651,0.0,0.11700394,1.0262777,1.0
6333,0.8931883,1.031177,0.83531743,0.7526381,0.0,0.0,1.0,19.303728,0.8931883,0.0,0.09386548,0.8233231,0.0
6334,1.232863,1.0897719,0.93660843,0.77027684,0.0,0.0,1.0,22.584856,1.1801176,0.0,0.12856689,1.1277,1.0
6335,0.9611611,1.0403757,0.87403303,0.8094359,0.0,0.0,1.0,19.940918,0.9382327,0.0,0.12196838,1.0698223,1.0
6336,1.2271689,1.0993804,0.84409493,0.8918014,0.0,0.0,1.0,19.940918,1.2271689,0.0,0.09335115,0.8188118,0.0
6337,0.58592415,0.96842957,0.8574308,0.7386752,0.0,0.0,1.0,19.303728,0.58592415,0.0,0.09855067,0.8644184,0.0
6338,1.4798832,1.1471846,1.0766777,0.7726583,0.0,0.0,1.0,19.920704,1.4612585,0.0,0.11815978,1.0364159,1.0
6339,1.5209731,1.1591786,0.9870706,0.7979869,0.0,0.0,1.0,18.361198,1.5199912,0.0,0.1142185,1.0018458,1.0
6340,1.858657,1.2283387,1.3349415,0.74296385,0.0,0.0,1.0,18.361198,1.858657,0.0,0.10867993,0.95326525,0.0
6341,1.0309716,1.0593143,0.99059707,0.7973699,0.0,0.0,1.0,19.920704,1.0309716,0.0,0.11262228,0.9878448,0.0
6342,1.3056539,1.1154081,1.1725817,0.7250394,0.0,0.0,1.0,23.124502,1.3056539,0.0,0.08796386,0.77155817,0.0
6343,1.8778775,1.2322638,1.3049052,0.7426715,0.0,0.0,1.0,26.828993,1.8778775,0.0,0.087610126,0.7684555,0.0
6344,2.184281,1.2939441,1.3889307,0.7032469,0.0,0.0,1.0,1.285811,2.179916,0.0,0.114660345,1.0057213,1.0
6345,2.680315,1.3961323,1.4666816,0.7477578,0.0,0.0,1.0,41.315952,2.680315,0.268736,0.09714126,0.85205597,0.0
6346,2.5338368,1.3662195,1.5097256,0.63029623,0.0,0.0,1.0,41.315952,2.5338368,0.268736,0.08683921,0.76169354,0.0
6347,1.91337,1.2395118,1.5215408,0.70473367,0.0,0.0,1.0,47.93467,1.91337,0.57293326,0.09921648,0.87025845,0.0
6348,1.9720275,1.2413142,1.3766216,0.78520155,0.0,0.0,1.0,47.93467,1.9221957,0.57293326,0.12245262,1.0740697,1.0
6349,3.091549,1.4801118,1.454015,0.704315,0.0,0.0,1.0,47.93467,3.091549,0.57293326,0.11353632,0.9958621,0.0
6350,2.638024,1.3564513,1.3460883,0.76589435,0.0,0.0,1.0,39.87108,2.4860034,0.2023294,0.13392712,1.1747161,1.0
6351,1.9050369,1.2221923,1.3121161,0.78034025,0.0,0.0,1.0,45.481457,1.8285589,0.4601832,0.12763178,1.1194978,1.0
6352,2.0469754,1.2430573,1.2476104,0.71318483,0.0,0.0,1.0,45.501858,1.9307312,0.46112084,0.13361986,1.172021,1.0
6353,2.548622,1.3074629,1.2450799,0.79107195,0.0,0.0,1.0,45.501858,2.2461154,0.46112084,0.1578783,1.3847994,1.0
6354,2.616927,1.3831877,1.4841596,0.7569376,0.0,0.0,1.0,49.945797,2.616927,0.6653649,0.076841846,0.6740036,0.0
6355,2.1332886,1.2501478,1.1697011,0.883387,0.0,0.0,1.0,45.501858,1.9654526,0.46112084,0.14182378,1.2439802,1.0
6356,2.6526005,1.3904727,1.4380233,0.858149,0.0,0.0,1.0,49.945797,2.6526005,0.6653649,0.11129188,0.9761754,0.0
6357,2.55287,1.3701063,1.6219026,0.6891498,0.0,0.0,1.0,49.945797,2.55287,0.6653649,0.11028932,0.9673817,0.0
6358,2.1202068,1.2682365,1.316368,0.6855328,0.0,0.0,1.0,46.10439,2.05403,0.48881328,0.124502696,1.0920516,1.0
6359,2.2548623,1.3092492,1.3820744,0.669321,0.0,0.0,1.0,50.87584,2.2548623,0.7081098,0.10904057,0.9564286,0.0
6360,2.125495,1.2405981,1.1716536,0.8144582,0.0,0.0,1.0,56.127747,1.9186891,0.9494883,0.14911768,1.3079572,1.0
6361,2.047976,1.2670002,1.3746568,0.74062747,0.0,0.0,1.0,56.127747,2.047976,0.9494883,0.10576905,0.92773306,0.0
6362,1.6917198,1.1885225,1.1882665,0.67814225,0.0,0.0,1.0,52.866966,1.6636832,0.7996223,0.11949745,1.048149,1.0
6363,1.9529084,1.2475861,1.2896488,0.69878983,0.0,0.0,1.0,29.664787,1.9529084,0.0,0.07071184,0.62023544,0.0
6364,2.0256453,1.26244,1.4183687,0.6488192,0.0,0.0,1.0,32.245434,2.0256453,0.0,0.10007066,0.8777507,0.0
6365,1.7145277,1.1989056,1.178407,0.81733793,0.0,0.0,1.0,32.245434,1.7145277,0.0,0.11197578,0.98217416,0.0
6366,1.8389773,1.1889793,1.1665237,0.8001067,0.0,0.0,1.0,32.245434,1.6659201,0.0,0.14784597,1.2968026,1.0
6367,2.2535727,1.3089858,1.309828,0.70683825,0.0,0.0,1.0,32.245434,2.2535727,0.0,0.11276187,0.9890692,0.0
6368,2.1636415,1.2590544,1.2525007,0.73756677,0.0,0.0,1.0,32.245434,2.0090668,0.0,0.13906983,1.2198244,1.0
6369,2.3381631,1.3126439,1.1731826,0.98992956,0.0,0.0,1.0,32.77044,2.2714856,0.0,0.12356982,1.0838691,1.0
6370,1.9286531,1.2426329,1.1826122,0.7051651,0.0,0.0,1.0,33.671906,1.9286531,0.0,0.085823774,0.7527868,0.0
6371,1.3430197,1.1230386,1.0508491,0.84142035,0.0,0.0,1.0,32.410564,1.3430197,0.0,0.11002121,0.96503,0.0
6372,1.6844244,1.1927581,1.3698926,0.67754686,0.0,0.0,1.0,33.671906,1.6844244,0.0,0.100817285,0.8842996,0.0
6373,0.9496431,0.96690875,1.0011427,0.83826345,0.0,0.0,1.0,61.29669,0.57847697,1.1870538,0.0782291,0.6861716,0.0
6374,1.8926533,1.2352812,1.4262099,0.69399214,0.0,0.0,1.0,61.29669,1.8926533,1.1870538,0.09620809,0.8438709,0.0
6375,2.5234911,1.3641068,1.3359507,0.7474554,0.0,0.0,1.0,61.29669,2.5234911,1.1870538,0.08077446,0.70849776,0.0
6376,1.2425588,1.1025232,1.3141356,0.69613,0.0,0.0,1.0,57.7903,1.2425588,1.0258994,0.08528609,0.74807066,0.0
6377,1.7892785,1.2141707,1.3853126,0.6544401,0.0,0.0,1.0,56.956573,1.7892785,0.98758125,0.1076293,0.94404984,0.0
6378,1.551814,1.1382989,0.9559841,0.8649569,0.0,0.0,1.0,49.47149,1.4177464,0.64356565,0.14481103,1.2701824,1.0
6379,1.9356295,1.2440575,1.3214959,0.6880056,0.0,0.0,1.0,45.20527,1.9356295,0.44748956,0.10318492,0.90506685,0.0
6380,1.7208042,1.196688,1.2046638,0.7450992,0.0,0.0,1.0,49.47149,1.7036688,0.64356565,0.11728433,1.0287371,1.0
6381,2.1235654,1.2824366,1.1833758,0.693219,0.0,0.0,1.0,44.90996,2.1235654,0.4339172,0.1069351,0.9379608,0.0
6382,1.0671424,1.0660597,1.1045462,0.653944,0.0,0.0,1.0,40.233383,1.0640031,0.21898097,0.11496912,1.0084296,1.0
6383,1.0238163,1.020676,1.0207396,0.84554946,0.0,0.0,1.0,40.552975,0.8417665,0.23366944,0.18445571,1.617918,1.0
6384,0.677237,0.9870769,1.197807,0.7690338,0.0,0.0,1.0,40.608376,0.677237,0.23621567,0.077702455,0.68155223,0.0
6385,0.7563221,1.0032271,1.0379665,0.7340243,0.0,0.0,1.0,40.608376,0.7563221,0.23621567,0.07651958,0.67117685,0.0
6386,1.7762171,1.2115034,1.1839112,0.70562685,0.0,0.0,1.0,40.608376,1.7762171,0.23621567,0.09887008,0.86722004,0.0
6387,1.4714863,1.1492733,0.9814515,0.7457579,0.0,0.0,1.0,41.595974,1.4714863,0.28160584,0.08375131,0.73460865,0.0
6388,0.22528468,0.8669188,1.0135944,0.73941106,0.0,0.0,1.0,41.595974,0.08884244,0.28160584,0.09842997,0.8633597,0.0
6389,1.4312211,1.1364359,1.0683138,0.62023497,0.0,0.0,1.0,40.608376,1.4086237,0.23621567,0.119233616,1.0458349,1.0
6390,1.5086156,1.1470841,1.1326895,0.7118168,0.0,0.0,1.0,41.595974,1.4607664,0.28160584,0.12467799,1.0935892,1.0
6391,1.0036125,1.0394796,1.0631,0.6878794,0.0,0.0,1.0,41.595974,0.9338447,0.28160584,0.13834403,1.2134583,1.0
6392,1.7544707,1.2070625,1.1152095,0.7690559,0.0,0.0,1.0,23.240095,1.7544707,0.0,0.10645345,0.9337361,0.0
6393,1.6967117,1.1622803,0.93851477,0.86851734,0.0,0.0,1.0,23.185772,1.5351797,0.0,0.14828223,1.3006293,1.0
6394,1.5615158,1.1657873,1.0287004,0.7852541,0.0,0.0,1.0,23.185772,1.552353,0.0,0.115930766,1.0168645,1.0
6395,1.3616682,1.1182629,1.0034672,0.91324896,0.0,0.0,1.0,24.732908,1.3196335,0.0,0.12438388,1.0910095,1.0
6396,1.605052,1.1683571,0.95572853,0.8595848,0.0,0.0,1.0,22.655869,1.5649369,0.0,0.12235791,1.0732391,1.0
6397,2.0358472,1.2588562,1.0603105,0.8221721,0.0,0.0,1.0,25.06075,2.008096,0.0,0.11850966,1.0394849,1.0
6398,1.5902593,1.1735283,1.0505455,0.70532036,0.0,0.0,1.0,22.655869,1.5902593,0.0,0.103238985,0.90554106,0.0
6399,0.9227855,1.0312574,1.080355,0.71639436,0.0,0.0,1.0,21.10994,0.89358175,0.0,0.12465373,1.0933764,1.0
6400,0.8651013,1.0254413,1.0703872,0.72578996,0.0,0.0,1.0,21.92994,0.8651013,0.0,0.10010781,0.87807655,0.0
6401,0.4475483,0.94017136,1.0645478,0.7217225,0.0,0.0,1.0,21.92994,0.4475483,0.0,0.10069364,0.88321507,0.0
6402,0.5265505,0.95630467,1.0273598,0.71480477,0.0,0.0,1.0,39.349815,0.5265505,0.17837206,0.10339365,0.90689766,0.0
6403,1.264628,1.10703,1.1108084,0.7597792,0.0,0.0,1.0,37.837456,1.264628,0.108863786,0.11319282,0.9928492,0.0
6404,0.4247821,0.9355222,0.986147,0.71010894,0.0,0.0,1.0,39.349815,0.4247821,0.17837206,0.08101125,0.7105747,0.0
6405,0.3636616,0.92304057,1.0342972,0.6402958,0.0,0.0,1.0,39.130787,0.3636616,0.16830549,0.11284447,0.9897937,0.0
6406,1.591337,1.1737484,1.1436788,0.71532565,0.0,0.0,1.0,39.130787,1.591337,0.16830549,0.10911392,0.9570719,0.0
6407,1.1886678,1.0827072,1.1263973,0.76933604,0.0,0.0,1.0,38.591297,1.145523,0.14351045,0.12627658,1.107611,1.0
6408,0.9570352,1.035856,1.2555344,0.6973756,0.0,0.0,1.0,39.802135,0.91610044,0.19916075,0.12856321,1.1276677,1.0
6409,1.3737196,1.129308,1.1469673,0.5752337,0.0,0.0,1.0,41.767693,1.3737196,0.28949806,0.10591832,0.9290423,0.0
6410,0.5066911,0.9522491,1.020734,0.7270895,0.0,0.0,1.0,39.802135,0.5066911,0.19916075,0.08987943,0.78836024,0.0
6411,1.8067845,1.2177457,1.1061056,0.80826575,0.0,0.0,1.0,39.802135,1.8067845,0.19916075,0.08510685,0.74649847,0.0
6412,0.5363507,0.958306,0.9826905,0.8412003,0.0,0.0,1.0,39.802135,0.5363507,0.19916075,0.09490444,0.83243614,0.0
6413,0.16685283,0.8828496,1.0514294,0.7373729,0.0,0.0,1.0,37.10263,0.16685283,0.075091116,0.10399167,0.9121431,0.0
6414,0.50000733,0.94437253,1.0154054,0.6106617,0.0,0.0,1.0,38.461353,0.46812075,0.13753821,0.13619606,1.1946177,1.0
6415,0.34946558,0.919217,0.9867265,0.7452895,0.0,0.0,1.0,35.828453,0.34493816,0.016529728,0.11828348,1.037501,1.0
6416,0.41100186,0.9327081,1.0129579,0.7342556,0.0,0.0,1.0,34.63685,0.41100186,0.0,0.097844616,0.85822535,0.0
6417,1.2614502,1.106381,1.0220046,0.85162103,0.0,0.0,1.0,34.219116,1.2614502,0.0,0.11203431,0.9826876,0.0
6418,1.1046653,1.0743635,0.959856,0.7587623,0.0,0.0,1.0,31.645304,1.1046653,0.0,0.093291655,0.81828994,0.0
6419,1.4545828,1.1458213,1.0226834,0.6915724,0.0,0.0,1.0,32.909115,1.4545828,0.0,0.10056781,0.8821113,0.0
6420,0.46366182,0.937576,1.1973248,0.8580407,0.0,0.0,1.0,32.715664,0.43483922,0.0,0.13559905,1.1893811,1.0
6421,0.90413684,1.0282099,0.93039995,0.785745,0.0,0.0,1.0,30.491974,0.87865883,0.0,0.12345328,1.0828469,1.0
6422,1.964082,1.2498679,1.3578217,0.801318,0.0,0.0,1.0,30.491974,1.964082,0.0,0.108562596,0.95223606,0.0
6423,1.0059906,1.038352,0.97113174,0.79476994,0.0,0.0,1.0,15.175314,0.928323,0.0,0.14126071,1.2390413,1.0
6424,0.8219551,0.9947426,0.8421785,0.8404338,0.0,0.0,1.0,14.36486,0.71477467,0.0,0.16285233,1.4284282,1.0
6425,1.6323744,1.1595833,1.1203957,0.8639316,0.0,0.0,1.0,14.411939,1.521973,0.0,0.13763651,1.2072524,1.0
6426,1.162659,1.0618005,0.9994902,0.8571711,0.0,0.0,1.0,13.838345,1.0431463,0.0,0.15132764,1.3273414,1.0
6427,2.1566963,1.2593207,1.185368,0.8049411,0.0,0.0,1.0,15.299145,2.010371,0.0,0.13771696,1.207958,1.0
6428,1.8250217,1.2103277,1.0658303,0.75045377,0.0,0.0,1.0,15.299145,1.7704601,0.0,0.12404654,1.0880506,1.0
6429,1.2175161,1.0974091,1.1451962,0.7633279,0.0,0.0,1.0,17.13624,1.2175161,0.0,0.0794676,0.6970349,0.0
6430,1.9356791,1.2440677,1.4300308,0.8058054,0.0,0.0,1.0,18.895245,1.9356791,0.0,0.11377742,0.9979769,0.0
6431,1.3799368,1.1253115,1.0574266,0.71559167,0.0,0.0,1.0,18.895245,1.3541495,0.0,0.12021113,1.054409,1.0
6432,1.7943785,1.2132744,0.9947491,0.9431322,0.0,0.0,1.0,17.13624,1.7848892,0.0,0.115739845,1.0151899,1.0
6433,1.3437341,1.1231846,1.050529,0.82325006,0.0,0.0,1.0,18.552872,1.3437341,0.0,0.08964145,0.7862729,0.0
6434,1.7538466,1.206935,1.1923735,0.76517737,0.0,0.0,1.0,18.552872,1.7538466,0.0,0.092834845,0.81428313,0.0
6435,1.2379607,1.1015842,1.0078888,0.77405334,0.0,0.0,1.0,18.885952,1.2379607,0.0,0.111227766,0.9756131,0.0
6436,2.1170678,1.2811097,1.2838926,0.60193056,0.0,0.0,1.0,33.758007,2.1170678,0.0,0.11157416,0.9786514,0.0
6437,1.74247,1.2046118,1.0539454,0.85166186,0.0,0.0,1.0,33.758007,1.74247,0.0,0.09449493,0.82884425,0.0
6438,1.3461573,1.1236794,1.2382414,0.6806994,0.0,0.0,1.0,37.418285,1.3461573,0.089598656,0.10057572,0.88218075,0.0
6439,1.6489666,1.148304,1.1277499,0.7997385,0.0,0.0,1.0,39.302776,1.4667399,0.17621014,0.1544774,1.354969,1.0
6440,2.740545,1.3088131,1.4249907,0.6094309,0.0,0.0,1.0,42.350227,2.2527268,0.31627145,0.1845451,1.618702,1.0
6441,1.786372,1.2135772,1.1070879,0.82404727,0.0,0.0,1.0,48.306572,1.786372,0.5900259,0.08739215,0.76654357,0.0
6442,2.0158732,1.2604444,1.336894,0.6786936,0.0,0.0,1.0,48.306572,2.0158732,0.5900259,0.106883615,0.93750924,0.0
6443,1.2871007,1.1116192,1.1583157,0.754328,0.0,0.0,1.0,49.786106,1.2871007,0.6580255,0.09158049,0.8032808,0.0
6444,2.2220864,1.3025559,1.2163975,0.78780514,0.0,0.0,1.0,41.48496,2.2220864,0.27650356,0.08865899,0.77765536,0.0
6445,1.2875051,1.1117018,1.0385953,0.7680149,0.0,0.0,1.0,49.786106,1.2875051,0.6580255,0.10557846,0.9260613,0.0
6446,1.3653387,1.1275965,1.0927433,0.7786708,0.0,0.0,1.0,50.264736,1.3653387,0.68002343,0.11087519,0.97252053,0.0
6447,1.2120353,1.0962899,1.0713885,0.80545104,0.0,0.0,1.0,52.642967,1.2120353,0.78932726,0.10247111,0.8988058,0.0
6448,1.7344009,1.202964,1.1343898,0.7628441,0.0,0.0,1.0,52.63167,1.7344009,0.78880817,0.09296315,0.8154085,0.0
6449,1.6538396,1.1760585,1.4312484,0.8228962,0.0,0.0,1.0,57.539722,1.6026495,1.0143828,0.12441245,1.09126,1.0
6450,2.0375862,1.2561543,1.1169666,0.8607618,0.0,0.0,1.0,57.539722,1.9948653,1.0143828,0.120983884,1.061187,1.0
6451,1.1786144,1.0670226,1.0549763,0.8313387,0.0,0.0,1.0,52.642967,1.068718,0.78932726,0.14750369,1.2938005,1.0
6452,1.2190653,1.0914195,1.0094831,0.7624399,0.0,0.0,1.0,52.558228,1.1881856,0.78543264,0.122473635,1.074254,1.0
6453,1.3541337,1.1244293,0.98135006,0.7500362,0.0,0.0,1.0,51.794365,1.3498297,0.7503254,0.11504674,1.0091105,1.0
6454,0.62834615,0.9627629,0.936945,0.653017,0.0,0.0,1.0,52.558228,0.5581753,0.78543264,0.12852228,1.1273086,1.0
6455,1.540591,1.1631714,1.0564147,0.8246405,0.0,0.0,1.0,52.558228,1.5395433,0.78543264,0.11422975,1.0019444,1.0
6456,1.9841329,1.2359117,1.3980906,0.82296795,0.0,0.0,1.0,52.650642,1.8957407,0.78968006,0.12919614,1.1332192,1.0
6457,0.8523969,1.0028332,0.9832252,0.78555745,0.0,0.0,1.0,29.513548,0.75439334,0.0,0.15632477,1.3711729,1.0
6458,3.6178272,1.5431638,1.6663893,0.4961732,0.0,0.0,1.0,29.089481,3.400304,0.0,0.134846,1.182776,1.0
6459,1.5975977,1.1400515,1.1397171,0.7842026,0.0,0.0,1.0,29.089481,1.4263288,0.0,0.15312155,1.3430763,1.0
6460,1.0479561,1.0476216,1.0260462,0.77693725,0.0,0.0,1.0,29.565443,0.9737147,0.0,0.13884407,1.2178442,1.0
6461,0.0,0.6618418,0.7389304,0.7511414,0.0,0.0,1.0,30.76722,0.0,0.0,0.1244499,1.0915885,1.0
6462,0.35697067,0.9216742,0.89836884,0.81156135,0.0,0.0,1.0,31.76667,0.35697067,0.0,0.10494217,0.92048025,0.0
6463,1.0208513,1.0482991,0.88845205,0.7275955,0.0,0.0,1.0,31.714027,0.9770321,0.0,0.12861714,1.1281407,1.0
6464,0.8537567,1.0231246,0.92276406,0.76953036,0.0,0.0,1.0,31.714027,0.8537567,0.0,0.10944437,0.9599704,0.0
6465,2.0584092,1.2691308,1.2418237,0.9408872,0.0,0.0,1.0,56.485786,2.0584092,0.9659438,0.089299604,0.7832744,0.0
6466,1.197197,1.0932597,0.98483026,0.7988067,0.0,0.0,1.0,52.558228,1.197197,0.78543264,0.077353105,0.67848796,0.0
6467,0.9262373,1.0366203,1.0096353,0.9028632,0.0,0.0,1.0,52.531338,0.91984284,0.7841968,0.11627247,1.0198618,1.0
6468,1.5671049,1.1687999,0.99008775,0.80282295,0.0,0.0,1.0,52.558228,1.5671049,0.78543264,0.074480325,0.6532899,0.0
6469,1.8663373,1.2299072,1.1493475,0.7880099,0.0,0.0,1.0,50.239017,1.8663373,0.6788414,0.06251048,0.5482988,0.0
6470,1.3413162,1.1223862,1.1162809,0.7236182,0.0,0.0,1.0,49.773834,1.3398248,0.6574615,0.11437069,1.0031806,1.0
6471,1.6172998,1.1790503,1.0726982,0.81925917,0.0,0.0,1.0,44.00073,1.6172998,0.39212874,0.0907394,0.7959033,0.0
6472,1.2025459,1.094352,0.99993414,0.7429113,0.0,0.0,1.0,43.593395,1.2025459,0.37340763,0.1128134,0.98952115,0.0
6473,1.620717,1.1797482,1.1252872,0.815578,0.0,0.0,1.0,43.321075,1.620717,0.36089176,0.07778299,0.6822586,0.0
6474,1.1203482,1.0775661,1.1704688,0.7404315,0.0,0.0,1.0,37.33561,1.1203482,0.08579886,0.06736765,0.5909025,0.0
6475,1.2056261,1.085467,1.1046393,0.8717207,0.0,0.0,1.0,33.69944,1.1590374,0.0,0.12710142,1.1148459,1.0
6476,1.4756846,1.1501306,1.054879,0.8618484,0.0,0.0,1.0,33.69944,1.4756846,0.0,0.068534896,0.60114074,0.0
6477,2.3217483,1.3229082,1.1447418,0.90165925,0.0,0.0,1.0,31.876854,2.3217483,0.0,0.09916532,0.8698097,0.0
6478,1.6676533,1.1893332,1.0714403,0.71672904,0.0,0.0,1.0,31.876854,1.6676533,0.0,0.08142934,0.7142419,0.0
6479,1.037418,1.0606307,1.0446349,0.64327633,0.0,0.0,1.0,31.876854,1.037418,0.0,0.08687273,0.7619875,0.0
6480,1.0172291,1.0565078,1.026593,0.80577964,0.0,0.0,1.0,32.63308,1.0172291,0.0,0.071938,0.63099045,0.0
6481,1.6774048,1.1913246,1.1168932,0.7770776,0.0,0.0,1.0,31.876854,1.6774048,0.0,0.11108036,0.9743202,0.0
6482,0.25109196,0.8978147,0.9080313,0.6345883,0.0,0.0,1.0,34.544792,0.24013458,0.0,0.12887149,1.1303716,1.0
6483,0.7715643,1.0063398,0.97863084,0.76281,0.0,0.0,1.0,33.69944,0.7715643,0.0,0.09689778,0.8499204,0.0
6484,0.4855627,0.94437623,1.0338111,0.7463265,0.0,0.0,1.0,30.619225,0.46813887,0.0,0.12613182,1.1063411,1.0
6485,0.0,0.80696267,0.84129363,0.8115792,0.0,0.0,1.0,32.29856,0.0,0.0,0.10208525,0.89542127,0.0
6486,0.30735877,0.9115428,0.90661,0.7136092,0.0,0.0,1.0,17.031673,0.30735877,0.0,0.1017857,0.8927938,0.0
6487,0.25271845,0.9003845,0.862385,0.7157608,0.0,0.0,1.0,17.031673,0.25271845,0.0,0.09734334,0.8538285,0.0
6488,0.64938253,0.9813886,0.8456633,0.8503822,0.0,0.0,1.0,17.217505,0.64938253,0.0,0.075461134,0.66189295,0.0
6489,1.4895031,1.1529526,1.0985563,0.6962001,0.0,0.0,1.0,17.614298,1.4895031,0.0,0.081108496,0.7114277,0.0
6490,0.27277982,0.9044813,0.7708857,0.8344911,0.0,0.0,1.0,17.922707,0.27277982,0.0,0.096253626,0.8442703,0.0
6491,0.14816923,0.8789797,0.80422896,0.7269005,0.0,0.0,1.0,17.303766,0.14790261,0.0,0.11459529,1.0051507,1.0
6492,0.47970876,0.94673896,1.1197695,0.7530094,0.0,0.0,1.0,16.740532,0.47970876,0.0,0.085179225,0.7471333,0.0
6493,0.33978423,0.9181645,0.8434316,0.7137926,0.0,0.0,1.0,16.686132,0.33978423,0.0,0.08754112,0.7678502,0.0
6494,0.0,0.8453377,0.89549506,0.78694266,0.0,0.0,1.0,30.050646,0.0,0.0,0.12209487,1.0709318,1.0
6495,0.15564224,0.8805602,0.8650366,0.8123818,0.0,0.0,1.0,30.748627,0.15564224,0.0,0.07247013,0.6356579,0.0
6496,1.1817865,1.0901127,1.027705,0.82725525,0.0,0.0,1.0,32.236744,1.1817865,0.0,0.10466458,0.91804534,0.0
6497,1.1303338,1.0796053,0.9782969,0.8776392,0.0,0.0,1.0,30.601938,1.1303338,0.0,0.06970849,0.6114347,0.0
6498,0.69403845,0.99050796,1.069934,0.8856954,0.0,0.0,1.0,30.500582,0.69403845,0.0,0.09791723,0.8588623,0.0
6499,0.8717087,1.0267906,0.9291799,0.8610271,0.0,0.0,1.0,30.144045,0.8717087,0.0,0.11297047,0.9908989,0.0
6500,1.3816265,1.1309227,1.104008,0.88212335,0.0,0.0,1.0,30.500582,1.3816265,0.0,0.104452446,0.91618466,0.0
6501,1.4485806,1.1445956,1.1094294,0.8021617,0.0,0.0,1.0,30.500029,1.4485806,0.0,0.09475787,0.83115053,0.0
6502,1.4181101,1.1383731,1.0300032,0.7147358,0.0,0.0,1.0,30.500029,1.4181101,0.0,0.096383534,0.84540975,0.0
6503,1.7467355,1.2054828,1.1354313,0.96283317,0.0,0.0,1.0,29.4216,1.7467355,0.0,0.08800986,0.7719616,0.0
6504,1.8351641,1.2235411,0.9645068,0.97342104,0.0,0.0,1.0,29.4216,1.8351641,0.0,0.10214235,0.8959221,0.0
6505,0.29620743,0.9092655,0.9068148,0.7606488,0.0,0.0,1.0,29.4216,0.29620743,0.0,0.06854498,0.6012292,0.0
6506,0.9439324,1.0415397,1.0413852,0.88882464,0.0,0.0,1.0,30.345728,0.9439324,0.0,0.11248943,0.98667955,0.0
6507,1.0281025,1.0587283,0.87278193,0.9049638,0.0,0.0,1.0,28.469557,1.0281025,0.0,0.09421822,0.8264171,0.0
6508,0.77766335,1.0075853,0.9480034,0.96443063,0.0,0.0,1.0,28.834404,0.77766335,0.0,0.10229134,0.89722896,0.0
6509,1.5463165,1.1645546,1.1348444,0.8304984,0.0,0.0,1.0,28.834404,1.5463165,0.0,0.103108525,0.9043967,0.0
6510,0.61197186,0.97374886,0.8999344,0.8839561,0.0,0.0,1.0,25.850378,0.61197186,0.0,0.11381144,0.99827534,0.0
6511,0.3386538,0.91793364,0.8801489,0.8377567,0.0,0.0,1.0,25.850378,0.3386538,0.0,0.10662045,0.9352009,0.0
6512,0.41030282,0.93256533,1.0207354,0.8008685,0.0,0.0,1.0,25.850378,0.41030282,0.0,0.08810822,0.7728244,0.0
6513,0.39112025,0.928648,0.9203634,0.88915056,0.0,0.0,1.0,25.850378,0.39112025,0.0,0.09815909,0.8609837,0.0
6514,0.8553026,1.0176307,1.0441425,0.9256486,0.0,0.0,1.0,24.374586,0.82685405,0.0,0.12521529,1.098302,1.0
6515,0.0,0.8396489,0.851908,0.8869741,0.0,0.0,1.0,13.5385275,0.0,0.0,0.10383938,0.9108073,0.0
6516,1.2001683,1.0938665,1.1912402,0.7590763,0.0,0.0,1.0,14.926416,1.2001683,0.0,0.10515877,0.92238003,0.0
6517,0.0,0.82941073,0.67739713,0.731545,0.0,0.0,1.0,16.028713,0.0,0.0,0.09811255,0.8605755,0.0
6518,1.6138147,1.1783386,1.06396,0.96789473,0.0,0.0,1.0,16.515705,1.6138147,0.0,0.10787604,0.9462141,0.0
6519,0.0,0.82127917,1.0226492,0.8127289,0.0,0.0,1.0,16.648754,0.0,0.0,0.11906666,1.0443705,1.0
6520,0.29670817,0.90886515,0.6736143,0.7318155,0.0,0.0,1.0,16.648754,0.29424688,0.0,0.11673276,1.0238991,1.0
6521,0.18339977,0.8862287,0.7662263,0.7905416,0.0,0.0,1.0,17.558907,0.18339977,0.0,0.08934431,0.78366655,0.0
6522,0.0,0.75955415,0.76088536,0.66904044,0.0,0.0,1.0,18.079247,0.0,0.0,0.11490686,1.0078835,1.0
6523,0.0,0.79681623,0.7719266,0.72849905,0.0,0.0,1.0,18.75679,0.0,0.0,0.13964151,1.2248389,1.0
6524,0.7168096,0.99515814,0.7851905,0.80620104,0.0,0.0,1.0,17.558907,0.7168096,0.0,0.09336241,0.8189106,0.0
6525,2.8416626,1.4290817,1.358843,0.723458,0.0,0.0,1.0,17.558907,2.8416626,0.0,0.10417189,0.9137238,0.0
6526,0.15757532,0.880955,1.4168627,0.9749318,0.0,0.0,1.0,17.558907,0.15757532,0.0,0.08371336,0.73427576,0.0
6527,0.31741706,0.9135968,0.89248604,0.75036395,0.0,0.0,1.0,18.079247,0.31741706,0.0,0.089526296,0.7852628,0.0
6528,0.47996444,0.9467912,1.2224151,0.6064068,0.0,0.0,1.0,18.75679,0.47996444,0.0,0.087808535,0.7701958,0.0
6529,3.2325284,1.5089017,1.5579028,0.75497705,0.0,0.0,1.0,34.426315,3.2325284,0.0,0.094348304,0.8275581,0.0
6530,1.0691167,1.0664989,1.1182808,0.93682927,0.0,0.0,1.0,34.426315,1.0661536,0.0,0.11491338,1.0079408,1.0
6531,2.0444129,1.2477554,1.73681,0.9902458,0.0,0.0,1.0,37.249023,1.9537374,0.08181935,0.12912594,1.1326035,1.0
6532,1.683174,1.1925027,1.7239631,0.88233644,0.0,0.0,1.0,38.554474,1.683174,0.14181805,0.09042211,0.79312027,0.0
6533,2.189131,1.2799636,1.2908729,0.8049858,0.0,0.0,1.0,41.016064,2.1114557,0.2549531,0.12599117,1.1051074,1.0
6534,1.4420578,1.1432636,1.0688169,0.81874514,0.0,0.0,1.0,41.0763,1.4420578,0.25772163,0.099858955,0.8758938,0.0
6535,1.1109511,1.0756471,1.0092645,0.7555664,0.0,0.0,1.0,41.0763,1.1109511,0.25772163,0.11256144,0.9873112,0.0
6536,1.1336688,1.0802864,1.1482705,0.7730215,0.0,0.0,1.0,41.682846,1.1336688,0.2855985,0.061189897,0.5367155,0.0
6537,1.7840626,1.2131056,1.172221,0.8590236,0.0,0.0,1.0,41.682846,1.7840626,0.2855985,0.08605997,0.7548586,0.0
6538,2.1632524,1.2905412,1.3373045,0.81991476,0.0,0.0,1.0,45.76038,2.1632524,0.47300255,0.10660651,0.9350787,0.0
6539,1.790487,1.1820173,1.1671686,0.7685515,0.0,0.0,1.0,54.704937,1.6318287,0.8840957,0.14567864,1.2777923,1.0
6540,1.3999329,1.1346611,0.9980887,0.7966044,0.0,0.0,1.0,54.704937,1.3999329,0.8840957,0.08896697,0.7803568,0.0
6541,1.3725234,1.1290637,1.0510753,0.8623982,0.0,0.0,1.0,56.868332,1.3725234,0.9835257,0.090544485,0.7941936,0.0
6542,1.3766745,1.1299114,1.2348745,0.71000206,0.0,0.0,1.0,58.476707,1.3766745,1.0574468,0.109512866,0.96057117,0.0
6543,1.8014011,1.2166463,1.1918772,0.6958532,0.0,0.0,1.0,55.398575,1.8014011,0.91597545,0.098327614,0.86246186,0.0
6544,1.8435056,1.2122674,1.1304746,0.76277274,0.0,0.0,1.0,57.775784,1.7799584,1.0252323,0.12563738,1.1020043,1.0
6545,1.675949,1.1910273,1.0548059,0.8198603,0.0,0.0,1.0,57.775784,1.675949,1.0252323,0.10560777,0.9263184,0.0
6546,0.9091369,1.034434,0.83314097,0.7726458,0.0,0.0,1.0,55.398575,0.9091369,0.91597545,0.11040795,0.96842223,0.0
6547,0.9137824,1.0353826,1.059841,0.96110344,0.0,0.0,1.0,55.398575,0.9137824,0.91597545,0.09682156,0.8492518,0.0
6548,0.7327804,0.9590452,0.9379831,0.866742,0.0,0.0,1.0,55.398575,0.5399703,0.91597545,0.1103505,0.9679183,0.0
6549,1.962908,1.2496282,1.2296207,0.743549,0.0,0.0,1.0,59.907593,1.962908,1.1232105,0.105675586,0.9269132,0.0
6550,0.49539,0.9499413,0.78629583,0.8006554,0.0,0.0,1.0,33.636314,0.49539,0.0,0.08156146,0.71540076,0.0
6551,0.041320637,0.8572142,1.2665682,0.8552297,0.0,0.0,1.0,34.19694,0.041320637,0.0,0.08160142,0.71575123,0.0
6552,0.13644129,0.8766391,0.80132884,0.7678398,0.0,0.0,1.0,33.725143,0.13644129,0.0,0.106503375,0.934174,0.0
6553,0.94562876,1.0418861,0.9442717,0.7463053,0.0,0.0,1.0,31.13947,0.94562876,0.0,0.077084035,0.6761279,0.0
6554,0.30838412,0.91175216,0.84578156,0.8587819,0.0,0.0,1.0,33.03424,0.30838412,0.0,0.11141942,0.97729415,0.0
6555,0.0,0.84843886,0.765667,0.67128056,0.0,0.0,1.0,33.468002,0.0,0.0,0.080177754,0.7032639,0.0
6556,0.6215856,0.9757121,0.77738583,0.85076207,0.0,0.0,1.0,33.9217,0.6215856,0.0,0.091724135,0.80454075,0.0
6557,1.2869442,1.1115873,0.9966769,0.99972445,0.0,0.0,1.0,33.468002,1.2869442,0.0,0.11007825,0.9655304,0.0
6558,0.3410653,0.9184261,1.0892447,0.91376513,0.0,0.0,1.0,33.532436,0.3410653,0.0,0.08310985,0.72898215,0.0
6559,0.9106844,1.03475,0.87927,0.8252953,0.0,0.0,1.0,33.532436,0.9106844,0.0,0.105797224,0.9279801,0.0
6560,1.9131885,1.2394748,1.2714001,0.92139864,0.0,0.0,1.0,57.745567,1.9131885,1.0238435,0.11300394,0.99119246,0.0
6561,1.084471,1.0702395,1.3633828,0.90335065,0.0,0.0,1.0,57.745567,1.084471,1.0238435,0.09514848,0.8345767,0.0
6562,1.9558219,1.2481811,1.2179214,0.80211484,0.0,0.0,1.0,57.745567,1.9558219,1.0238435,0.075650625,0.663555,0.0
6563,1.543446,1.1502643,1.2372209,0.7851881,0.0,0.0,1.0,57.73171,1.4763391,1.0232066,0.12881443,1.1298711,1.0
6564,1.3758719,1.1297475,1.0862603,0.81983227,0.0,0.0,1.0,56.400475,1.3758719,0.9620229,0.106161885,0.9311787,0.0
6565,1.6220987,1.1800303,1.2653905,0.8110103,0.0,0.0,1.0,57.73171,1.6220987,1.0232066,0.08534794,0.7486132,0.0
6566,2.2866526,1.3157412,1.2835225,0.58347666,0.0,0.0,1.0,57.73171,2.2866526,1.0232066,0.051767617,0.45406976,0.0
6567,1.6758853,1.1910143,1.2827322,0.9655979,0.0,0.0,1.0,57.73171,1.6758853,1.0232066,0.100524016,0.8817272,0.0
6568,1.9684782,1.2507657,1.3805425,0.83009547,0.0,0.0,1.0,57.73171,1.9684782,1.0232066,0.07825427,0.68639237,0.0
6569,0.8185653,0.990414,0.9134186,0.7992916,0.0,0.0,1.0,57.73171,0.6935784,1.0232066,0.12406494,1.0882119,1.0
6570,1.3026173,1.1147879,1.1044719,0.8428232,0.0,0.0,1.0,59.630314,1.3026173,1.1104667,0.08691435,0.76235265,0.0
6571,1.419394,1.1362244,1.0734472,0.7472772,0.0,0.0,1.0,61.034298,1.4075881,1.1749941,0.11674012,1.0239637,1.0
6572,1.0300453,1.0591251,0.96819943,0.7487395,0.0,0.0,1.0,61.034298,1.0300453,1.1749941,0.101236634,0.8879778,0.0
6573,0.8998384,1.0136031,1.0811617,0.7950597,0.0,0.0,1.0,59.94213,0.8071315,1.1247979,0.07350087,0.64469886,0.0
6574,1.139693,1.0815166,0.8276503,0.8925425,0.0,0.0,1.0,62.79671,1.139693,1.2559948,0.0907478,0.795977,0.0
6575,1.3414365,1.1227154,1.3951923,0.9453928,0.0,0.0,1.0,66.16712,1.3414365,1.4108994,0.09200939,0.8070428,0.0
6576,1.1287196,1.0116869,0.9203275,0.68380606,0.0,0.0,1.0,66.16712,0.7977484,1.4108994,0.072883755,0.6392859,0.0
6577,1.0047959,0.9478568,0.9155218,0.9078102,0.0,0.0,1.0,62.79671,0.48518255,1.2559948,0.09146205,0.8022419,0.0
6578,1.3796989,1.130529,1.021942,0.76406777,0.0,0.0,1.0,62.791218,1.3796989,1.2557424,0.09818788,0.8612362,0.0
6579,0.44408202,0.93936783,0.7912399,0.7633199,0.0,0.0,1.0,35.301464,0.44361353,0.0,0.11435208,1.0030174,1.0
6580,0.797056,1.0115455,0.828011,0.90980595,0.0,0.0,1.0,35.306953,0.797056,0.0,0.10277368,0.9014597,0.0
6581,0.51411283,0.95376474,0.93966585,0.90718275,0.0,0.0,1.0,33.699696,0.51411283,0.0,0.10722541,0.94050723,0.0
6582,0.56120795,0.9633822,0.8181399,0.8274072,0.0,0.0,1.0,32.365765,0.56120795,0.0,0.090443835,0.7933108,0.0
6583,1.2231224,1.098554,0.9708843,0.7297113,0.0,0.0,1.0,33.699696,1.2231224,0.0,0.06682997,0.58618635,0.0
6584,0.2746992,0.90487325,0.78401977,0.7898267,0.0,0.0,1.0,32.365765,0.2746992,0.0,0.09777664,0.85762906,0.0
6585,1.0114797,1.0553337,1.0285299,0.7850848,0.0,0.0,1.0,31.702637,1.0114797,0.0,0.0882531,0.77409524,0.0
6586,1.1199712,1.0774891,1.1233433,0.88534397,0.0,0.0,1.0,28.39934,1.1199712,0.0,0.112696595,0.98849666,0.0
6587,1.1843212,1.0906303,1.0534257,0.69451696,0.0,0.0,1.0,25.747353,1.1843212,0.0,0.06626479,0.581229,0.0
6588,1.0579543,1.0586687,1.1486037,1.0636696,0.0,0.0,1.0,54.22853,1.0278107,0.8622,0.12356129,1.0837942,1.0
6589,1.0091377,1.0548555,0.98783827,0.9469706,0.0,0.0,1.0,54.22853,1.0091377,0.8622,0.10535893,0.92413574,0.0
6590,0.660089,0.90985584,1.0761687,0.90952003,0.0,0.0,1.0,53.421555,0.29909813,0.82511127,0.10415368,0.9135641,0.0
6591,1.0009594,1.0531853,1.1052346,0.8777393,0.0,0.0,1.0,51.34146,1.0009594,0.7295099,0.0860866,0.7550922,0.0
6592,1.8181506,1.2200668,1.2787246,0.9538824,0.0,0.0,1.0,49.19488,1.8181506,0.63085276,0.08002976,0.7019658,0.0
6593,2.8730893,1.4354994,1.3921757,0.83465844,0.0,0.0,1.0,46.437737,2.8730893,0.50413394,0.089394,0.78410244,0.0
6594,1.4043512,1.1355634,1.1555898,0.8354681,0.0,0.0,1.0,47.086414,1.4043512,0.5339473,0.1051296,0.9221242,0.0
6595,2.255435,1.3093661,1.2781419,0.70298976,0.0,0.0,1.0,46.413452,2.255435,0.50301784,0.108866535,0.954902,0.0
6596,3.2313,1.5086509,1.6270857,0.74112505,0.0,0.0,1.0,46.413452,3.2313,0.50301784,0.105504364,0.9254114,0.0
6597,1.7587998,1.2079465,1.5499715,0.70901525,0.0,0.0,1.0,46.413452,1.7587998,0.50301784,0.082668886,0.72511435,0.0
6598,1.485357,1.14601,1.1934525,0.7231757,0.0,0.0,1.0,47.62756,1.4555068,0.5588184,0.12068847,1.0585959,1.0
6599,2.3113084,1.3207762,1.2547626,0.84831345,0.0,0.0,1.0,47.62756,2.3113084,0.5588184,0.101058796,0.8864179,0.0
6600,0.58428323,0.96809447,0.9694683,0.70245445,0.0,0.0,1.0,47.150703,0.58428323,0.536902,0.08939786,0.7841363,0.0
6601,0.52680475,0.9483065,0.96121496,0.7713312,0.0,0.0,1.0,49.79656,0.48738477,0.6585059,0.10341859,0.9071164,0.0
6602,1.0789376,1.0691096,1.024449,0.75670016,0.0,0.0,1.0,47.614964,1.0789376,0.5582395,0.08156965,0.7154726,0.0
6603,1.3581995,1.1261386,0.9451567,0.9197546,0.0,0.0,1.0,47.612057,1.3581995,0.5581059,0.075668275,0.6637098,0.0
6604,1.6583495,1.1874332,1.2596961,0.7134086,0.0,0.0,1.0,44.38857,1.6583495,0.40995392,0.08829697,0.77448004,0.0
6605,1.3501484,1.1230077,1.0509175,0.77031606,0.0,0.0,1.0,43.513344,1.3428679,0.36972845,0.11577411,1.0154905,1.0
6606,1.9558984,1.2481967,1.092033,0.69985646,0.0,0.0,1.0,42.354874,1.9558984,0.316485,0.10144758,0.8898281,0.0
6607,1.2510775,1.1042628,1.0329621,0.6902195,0.0,0.0,1.0,39.3649,1.2510775,0.17906529,0.07643111,0.67040086,0.0
6608,1.4951626,1.1541083,1.0255678,0.6622998,0.0,0.0,1.0,39.3649,1.4951626,0.17906529,0.09949666,0.87271595,0.0
6609,0.4512198,0.9409211,0.87550545,0.92788845,0.0,0.0,1.0,22.026516,0.4512198,0.0,0.09807833,0.8602754,0.0
6610,0.5924934,0.96682733,0.93431973,0.81168425,0.0,0.0,1.0,22.026516,0.57807827,0.0,0.12213075,1.0712465,1.0
6611,0.0,0.701939,0.67663753,0.82764035,0.0,0.0,1.0,22.026516,0.0,0.0,0.06978672,0.61212087,0.0
6612,0.8317516,1.0100193,0.9296097,0.9334088,0.0,0.0,1.0,23.706337,0.7895823,0.0,0.13140474,1.1525916,1.0
6613,0.40722412,0.9319366,0.81790173,0.91004777,0.0,0.0,1.0,23.712358,0.40722412,0.0,0.0944729,0.828651,0.0
6614,0.8805058,1.0285871,0.9129184,0.8170726,0.0,0.0,1.0,25.838764,0.8805058,0.0,0.11233899,0.98535997,0.0
6615,0.34623963,0.91948277,0.6927567,0.8013645,0.0,0.0,1.0,23.712358,0.34623963,0.0,0.10786114,0.94608337,0.0
6616,0.6294389,0.97712743,1.0745081,0.7134901,0.0,0.0,1.0,23.712358,0.6285162,0.0,0.114486285,1.0041946,1.0
6617,0.2386507,0.89751166,0.77952814,0.8129241,0.0,0.0,1.0,23.720125,0.2386507,0.0,0.09303449,0.81603426,0.0
6618,0.38224348,0.92683524,0.9162225,0.91535014,0.0,0.0,1.0,23.720125,0.38224348,0.0,0.10490265,0.92013353,0.0
6619,1.1570029,1.0850515,0.9376797,0.8802603,0.0,0.0,1.0,23.720125,1.1570029,0.0,0.09328509,0.81823236,0.0
6620,1.5968218,1.1748685,0.97884965,0.69541764,0.0,0.0,1.0,25.52695,1.5968218,0.0,0.08671527,0.76060647,0.0
6621,1.1520977,1.0840498,1.0103521,0.74861777,0.0,0.0,1.0,25.546791,1.1520977,0.0,0.0946851,0.8305123,0.0
6622,1.520659,1.159315,1.0170187,0.7592939,0.0,0.0,1.0,42.38775,1.520659,0.31799594,0.08292951,0.7274003,0.0
6623,1.246958,1.1034216,0.9943737,0.8152758,0.0,0.0,1.0,42.38775,1.246958,0.31799594,0.10555806,0.92588234,0.0
6624,1.5337291,1.1619841,1.098406,0.7922928,0.0,0.0,1.0,42.38775,1.5337291,0.31799594,0.096442014,0.8459227,0.0
6625,1.9556351,1.248143,1.1531779,0.8892532,0.0,0.0,1.0,42.44685,1.9556351,0.3207122,0.09357029,0.82073396,0.0
6626,1.0947316,1.0723349,0.9696675,0.7783983,0.0,0.0,1.0,43.374012,1.0947316,0.36332473,0.10737923,0.9418564,0.0
6627,1.3344303,1.1212846,1.0978782,0.8257951,0.0,0.0,1.0,48.66798,1.3344303,0.6066363,0.081364244,0.7136709,0.0
6628,1.1900034,1.0917907,0.9930474,0.8122829,0.0,0.0,1.0,48.66798,1.1900034,0.6066363,0.08767093,0.7689888,0.0
6629,1.5310187,1.1614306,1.0235273,0.8304357,0.0,0.0,1.0,47.94376,1.5310187,0.573351,0.0869354,0.76253724,0.0
6630,0.45868084,0.9345806,1.0762452,0.72385955,0.0,0.0,1.0,47.94376,0.42017138,0.573351,0.098778196,0.86641407,0.0
6631,1.6807754,1.1920129,1.1958905,0.67725366,0.0,0.0,1.0,51.573284,1.6807754,0.7401645,0.100357085,0.88026303,0.0
6632,1.2081941,1.0955055,1.1180998,0.7221222,0.0,0.0,1.0,56.627148,1.2081941,0.97244084,0.095133014,0.83444107,0.0
6633,1.5311962,1.1614668,1.1137279,0.7912578,0.0,0.0,1.0,67.06552,1.5311962,1.45219,0.09653074,0.84670097,0.0
6634,1.8360776,1.2237277,1.0598186,0.8312514,0.0,0.0,1.0,53.120953,1.8360776,0.81129557,0.10152108,0.89047277,0.0
6635,1.45344,1.1429027,1.016199,0.7816239,0.0,0.0,1.0,53.120953,1.4402908,0.81129557,0.11698191,1.0260844,1.0
6636,1.3172681,1.1177799,1.1212916,0.8095682,0.0,0.0,1.0,67.06552,1.3172681,1.45219,0.09343941,0.8195859,0.0
6637,1.7335229,1.2027847,1.1349809,0.7207625,0.0,0.0,1.0,78.93604,1.7335229,1.9977609,0.099697776,0.87448,0.0
6638,1.3992089,1.1345133,1.1585397,0.5233072,0.0,0.0,1.0,64.69646,1.3992089,1.3433075,0.087753296,0.76971126,0.0
6639,1.6177305,1.1791383,1.1124468,0.76549375,0.0,0.0,1.0,53.120953,1.6177305,0.81129557,0.10112818,0.88702655,0.0
6640,1.307038,1.1156907,1.0414339,0.77160597,0.0,0.0,1.0,53.120953,1.307038,0.81129557,0.104272515,0.91460645,0.0
6641,1.1578511,1.0852247,0.97082335,0.85688365,0.0,0.0,1.0,64.730034,1.1578511,1.3448507,0.08683742,0.7616778,0.0
6642,1.6748514,0.99435025,1.10215,0.69742864,0.0,0.0,1.0,81.02053,0.71285355,2.0935643,0.09880106,0.86661464,0.0
6643,1.356059,1.1201514,0.9810428,0.87458944,0.0,0.0,1.0,45.544636,1.3288813,0.46308693,0.12066989,1.0584328,1.0
6644,1.4401559,1.1385064,1.0210395,0.6925307,0.0,0.0,1.0,36.380966,1.4187628,0.04192331,0.118919745,1.0430819,1.0
6645,0.6660874,0.9848,0.93287206,0.8433126,0.0,0.0,1.0,36.380966,0.6660874,0.04192331,0.07632797,0.66949624,0.0
6646,1.195125,1.0909982,0.8962884,0.79437023,0.0,0.0,1.0,44.36533,1.1861227,0.40888584,0.11648032,1.0216849,1.0
6647,1.2484436,1.103725,1.0093825,0.82187307,0.0,0.0,1.0,38.913094,1.2484436,0.15830027,0.10289348,0.9025105,0.0
6648,1.575909,1.1647553,0.9344783,0.8160405,0.0,0.0,1.0,38.362125,1.5472995,0.13297768,0.12003092,1.0528283,1.0
6649,1.1616893,1.0860085,0.9756402,0.8709354,0.0,0.0,1.0,36.295906,1.1616893,0.038013935,0.10434027,0.91520077,0.0
6650,0.355489,0.92006356,1.0334514,0.73338515,0.0,0.0,1.0,35.325745,0.34908363,0.0,0.11998505,1.052426,1.0
6651,1.4650651,1.1446726,1.0443891,0.9564892,0.0,0.0,1.0,48.468517,1.4489578,0.597469,0.117629126,1.0317614,1.0
6652,1.1846586,1.0906992,1.1113144,0.8695475,0.0,0.0,1.0,44.134796,1.1846586,0.3982905,0.09475541,0.831129,0.0
6653,1.5446002,1.1642041,1.0676188,0.6961593,0.0,0.0,1.0,44.111866,1.5446002,0.39723662,0.09303435,0.816033,0.0
6654,1.4381666,1.1424689,1.0237845,0.88911116,0.0,0.0,1.0,44.111866,1.4381666,0.39723662,0.1107714,0.9716102,0.0
6655,1.7646763,1.2091466,1.0987911,0.6643571,0.0,0.0,1.0,44.111866,1.7646763,0.39723662,0.09438008,0.8278369,0.0
6656,1.3898176,1.1325954,1.109558,0.8169817,0.0,0.0,1.0,69.2396,1.3898176,1.552111,0.09352417,0.8203294,0.0
6657,1.2416888,1.0510489,1.0465175,0.85689694,0.0,0.0,1.0,69.2396,0.99049747,1.552111,0.11174508,0.98015064,0.0
6658,1.2416888,0.98660916,1.3768778,0.9254409,0.0,0.0,1.0,69.2396,0.67494667,1.552111,0.109988965,0.9647472,0.0
6659,1.2438813,1.0178348,0.86208224,0.771935,0.0,0.0,1.0,69.29923,0.82785344,1.5548517,0.08491674,0.74483097,0.0
6660,1.2438262,1.0252029,1.2745264,0.8851093,0.0,0.0,1.0,69.29773,0.86393374,1.5547826,0.11338309,0.99451816,0.0
6661,2.0217123,1.2598766,1.1968396,0.8336525,0.0,0.0,1.0,69.30225,2.013093,1.5549905,0.11540276,1.0122333,1.0
6662,1.3109678,1.1164932,1.0113827,0.8887493,0.0,0.0,1.0,69.30225,1.3109678,1.5549905,0.10945206,0.9600378,0.0
6663,1.589637,1.1237742,1.0910197,0.9591617,0.0,0.0,1.0,78.70291,1.3466214,1.9870462,0.09263468,0.81252736,0.0
6664,1.7194958,1.1528375,1.0776283,0.7611192,0.0,0.0,1.0,82.23474,1.4889399,2.1493697,0.09760229,0.85609984,0.0
6665,1.589637,1.0236951,0.9940138,0.73639333,0.0,0.0,1.0,78.70291,0.8565505,1.9870462,0.09685595,0.84955347,0.0
6666,1.589637,1.1422219,1.1211921,0.7132414,0.0,0.0,1.0,78.70291,1.436957,1.9870462,0.085485265,0.74981767,0.0
6667,1.2642866,1.1069603,0.9711686,0.78265715,0.0,0.0,1.0,69.30225,1.2642866,1.5549905,0.09331354,0.81848186,0.0
6668,1.4736799,1.1107935,0.95474666,0.7182526,0.0,0.0,1.0,74.67777,1.283057,1.8020502,0.16240267,1.424484,1.0
6669,1.4416403,1.0868529,0.87774855,0.8265033,0.0,0.0,1.0,74.67777,1.1658239,1.8020502,0.08861168,0.7772404,0.0
6670,1.4416403,1.1418301,0.92293406,0.9349236,0.0,0.0,1.0,74.67777,1.4350383,1.8020502,0.10919975,0.9578247,0.0
6671,1.4416403,0.9953606,0.997789,0.9296657,0.0,0.0,1.0,74.67777,0.7178011,1.8020502,0.11354073,0.9959008,0.0
6672,1.2930815,1.0258136,0.8702825,0.7777117,0.0,0.0,1.0,70.63735,0.8669243,1.6163518,0.11274653,0.98893464,0.0
6673,1.2930815,0.8131581,0.85776794,0.7012548,0.0,0.0,1.0,70.63735,0.0,1.6163518,0.11022664,0.9668319,0.0
6674,0.15558971,0.8051927,0.7141803,0.7726978,0.0,0.0,1.0,39.700447,0.0,0.19448714,0.10402935,0.91247356,0.0
6675,0.40397468,0.93127304,0.87399036,0.8417667,0.0,0.0,1.0,40.058926,0.40397468,0.21096288,0.097369805,0.85406065,0.0
6676,1.7848315,1.2095718,1.3706627,0.8925217,0.0,0.0,1.0,38.89679,1.7667586,0.15755093,0.11734018,1.0292269,1.0
6677,1.0946866,1.0723257,0.9370712,0.8374659,0.0,0.0,1.0,35.40764,1.0946866,0.0,0.10325315,0.9056653,0.0
6678,0.32129925,0.9143896,0.78645056,0.8810894,0.0,0.0,1.0,34.093388,0.32129925,0.0,0.09226269,0.8092646,0.0
6679,0.24314818,0.8984301,0.785044,0.8239252,0.0,0.0,1.0,35.2411,0.24314818,0.0,0.08393027,0.73617834,0.0
6680,0.41663474,0.9338584,0.8609535,0.85860556,0.0,0.0,1.0,35.40764,0.41663474,0.0,0.084465586,0.74087375,0.0
6681,0.8398448,1.0202836,0.80457515,0.76587373,0.0,0.0,1.0,35.874466,0.8398448,0.018644486,0.109970525,0.9645854,0.0
6682,2.0045288,1.2581277,1.2187814,0.922187,0.0,0.0,1.0,56.60112,2.0045288,0.9712446,0.09565581,0.83902663,0.0
6683,1.5551252,1.1663535,0.9895119,0.797281,0.0,0.0,1.0,50.208942,1.5551252,0.6774591,0.11400764,0.9999962,0.0
6684,1.8024105,1.2168524,1.0090455,0.8547124,0.0,0.0,1.0,43.256817,1.8024105,0.35793844,0.084963515,0.7452412,0.0
6685,0.9058744,1.0337677,1.0317055,0.7718204,0.0,0.0,1.0,44.796925,0.9058744,0.428722,0.09394687,0.824037,0.0
6686,1.7295581,1.201975,1.6241156,0.84205663,0.0,0.0,1.0,44.796925,1.7295581,0.428722,0.09673649,0.8485057,0.0
6687,2.2550232,1.3009267,1.2463816,0.73564416,0.0,0.0,1.0,41.47277,2.2141085,0.2759434,0.120027386,1.0527973,1.0
6688,0.8272724,1.0083477,1.075368,0.8693345,0.0,0.0,1.0,41.47277,0.781397,0.2759434,0.13313195,1.1677415,1.0
6689,1.201062,1.094049,1.0611569,0.7088943,0.0,0.0,1.0,41.047016,1.201062,0.25637567,0.09718167,0.85241044,0.0
6690,1.8691137,1.2304741,1.137953,0.6314973,0.0,0.0,1.0,42.674404,1.8691137,0.33117065,0.095394276,0.8367327,0.0
6691,1.3652126,1.1275707,1.123645,0.6373397,0.0,0.0,1.0,42.674404,1.3652126,0.33117065,0.09356119,0.8206541,0.0
6692,0.84288377,1.0187356,1.0467222,0.8301184,0.0,0.0,1.0,45.257015,0.83226484,0.44986784,0.118164174,1.0364544,1.0
6693,1.1405547,1.0816926,1.0631235,0.9337991,0.0,0.0,1.0,43.432465,1.1405547,0.36601123,0.11269658,0.98849654,0.0
6694,1.1695313,1.08761,1.0274032,0.87452894,0.0,0.0,1.0,42.674404,1.1695313,0.33117065,0.084485464,0.7410481,0.0
6695,1.0491484,1.0630262,1.0627047,0.76549363,0.0,0.0,1.0,40.81742,1.0491484,0.24582343,0.107812755,0.945659,0.0
6696,2.311201,1.3207543,1.6152868,0.8545942,0.0,0.0,1.0,38.49569,2.311201,0.1391163,0.0905387,0.79414296,0.0
6697,0.7047695,0.9926994,1.0289546,0.8568213,0.0,0.0,1.0,38.49569,0.7047695,0.1391163,0.11394165,0.99941736,0.0
6698,1.4641696,1.1477791,1.030382,0.90277636,0.0,0.0,1.0,38.49569,1.4641696,0.1391163,0.11135768,0.97675264,0.0
6699,1.0503755,1.0632768,0.97743195,0.68889606,0.0,0.0,1.0,36.53442,1.0503755,0.04897607,0.09431354,0.8272532,0.0
6700,1.2489913,1.1038368,1.0023324,0.965611,0.0,0.0,1.0,34.60411,1.2489913,0.0,0.09582904,0.84054613,0.0
6701,1.3603342,1.1027842,0.95694053,0.85693556,0.0,0.0,1.0,34.60411,1.2438368,0.0,0.14451657,1.2675995,1.0
6702,0.8485135,1.0220538,0.8656716,0.7658161,0.0,0.0,1.0,36.12347,0.8485135,0.030088764,0.10914326,0.9573292,0.0
6703,0.0,0.722232,0.8634368,0.8302133,0.0,0.0,1.0,20.100054,0.0,0.0,0.13727362,1.2040694,1.0
6704,0.5062416,0.9483275,1.0930821,0.97254133,0.0,0.0,1.0,20.531502,0.4874875,0.0,0.12653948,1.1099169,1.0
6705,0.7117497,0.9941248,1.5217708,0.9838806,0.0,0.0,1.0,20.307207,0.7117497,0.0,0.09763051,0.8563474,0.0
6706,1.481378,1.1452097,1.0170438,0.80845916,0.0,0.0,1.0,20.896322,1.4515876,0.0,0.12069304,1.058636,1.0
6707,0.0,0.83921933,0.84789133,0.74667513,0.0,0.0,1.0,20.966702,0.0,0.0,0.09742076,0.85450757,0.0
6708,0.0,0.74427176,0.8879297,0.7820393,0.0,0.0,1.0,21.967302,0.0,0.0,0.097474225,0.85497653,0.0
6709,0.8351731,1.0193295,0.9700959,0.8618164,0.0,0.0,1.0,23.10822,0.8351731,0.0,0.082060374,0.71977687,0.0
6710,0.0,0.76475567,0.8566501,0.89935035,0.0,0.0,1.0,22.68159,0.0,0.0,0.06559269,0.5753338,0.0
6711,0.8579772,1.0239865,0.95552903,0.75666445,0.0,0.0,1.0,22.022339,0.8579772,0.0,0.08600378,0.75436574,0.0
6712,0.07891959,0.8648924,0.798975,0.77477264,0.0,0.0,1.0,21.967302,0.07891959,0.0,0.076707736,0.67282724,0.0
6713,0.67966217,0.98757213,0.89711493,0.7708072,0.0,0.0,1.0,22.165297,0.67966217,0.0,0.096725054,0.84840536,0.0
6714,0.90440273,1.0334672,1.0592798,0.80405474,0.0,0.0,1.0,22.04876,0.90440273,0.0,0.09474565,0.83104336,0.0
6715,0.10976748,0.871192,0.9502342,0.78090817,0.0,0.0,1.0,21.597733,0.10976748,0.0,0.099553876,0.8732178,0.0
6716,0.96849304,1.0465553,0.930552,0.80842084,0.0,0.0,1.0,38.83045,0.96849304,0.15450187,0.08273052,0.7256549,0.0
6717,0.91404915,1.0354371,1.0260084,0.80484307,0.0,0.0,1.0,37.961884,0.91404915,0.11458251,0.09149704,0.8025488,0.0
6718,1.6790884,1.1916684,1.2345394,0.81217474,0.0,0.0,1.0,38.821934,1.6790884,0.15411054,0.10552186,0.9255648,0.0
6719,1.3271359,1.119795,1.076605,0.74915063,0.0,0.0,1.0,38.876877,1.3271359,0.15663573,0.093256034,0.8179775,0.0
6720,1.5870692,1.1728768,1.0881165,0.71004933,0.0,0.0,1.0,38.847145,1.5870692,0.15526927,0.091758125,0.80483884,0.0
6721,1.0820858,1.0697525,1.1067538,0.9390282,0.0,0.0,1.0,38.876877,1.0820858,0.15663573,0.111216635,0.9755155,0.0
6722,1.2960938,1.1134558,1.1593144,0.8313101,0.0,0.0,1.0,38.876877,1.2960938,0.15663573,0.10958668,0.9612186,0.0
6723,1.614865,1.1785531,1.3019584,0.95314556,0.0,0.0,1.0,38.873943,1.614865,0.1565009,0.11208676,0.98314756,0.0
6724,1.9510267,1.2178568,1.3864833,0.9740395,0.0,0.0,1.0,38.873943,1.8073286,0.1565009,0.13990699,1.2271674,1.0
6725,0.4324736,0.9365708,1.1247438,0.93258035,0.0,0.0,1.0,37.654037,0.42991704,0.100433856,0.115945116,1.0169904,1.0
6726,1.6468159,1.1777059,1.1747743,0.81620795,0.0,0.0,1.0,37.654037,1.6107162,0.100433856,0.12130856,1.0640348,1.0
6727,1.7716867,1.2105782,1.1074203,0.8183033,0.0,0.0,1.0,37.654037,1.7716867,0.100433856,0.11030724,0.9675389,0.0
6728,1.4308662,1.1409781,1.1204962,0.8014721,0.0,0.0,1.0,33.073296,1.4308662,0.0,0.102716,0.90095377,0.0
6729,1.8270855,1.2218914,1.1147075,0.86578006,0.0,0.0,1.0,33.776512,1.8270855,0.0,0.11152797,0.97824633,0.0
6730,1.0447024,1.0559973,1.0454719,1.0047768,0.0,0.0,1.0,33.776512,1.0147289,0.0,0.12362983,1.0843954,1.0
6731,2.3661895,1.3273797,1.1844987,0.72929764,0.0,0.0,1.0,34.158962,2.3436446,0.0,0.11714154,1.0274847,1.0
6732,1.790613,1.2082313,1.0158288,0.8704256,0.0,0.0,1.0,30.800669,1.7601944,0.0,0.11963727,1.0493755,1.0
6733,3.0192862,1.4653548,1.225247,1.0211686,0.0,0.0,1.0,34.158962,3.0192862,0.0,0.103065506,0.9040194,0.0
6734,2.7644746,1.4133189,1.4523897,0.8408588,0.0,0.0,1.0,33.776512,2.7644746,0.0,0.1032481,0.90562093,0.0
6735,1.269466,1.1069422,1.050456,0.82928336,0.0,0.0,1.0,32.799137,1.2641978,0.0,0.11536546,1.0119061,1.0
6736,1.5582635,1.1669943,0.99869967,0.84591967,0.0,0.0,1.0,32.799137,1.5582635,0.0,0.093612164,0.8211012,0.0
6737,0.79521954,1.0090599,1.0273492,0.8177779,0.0,0.0,1.0,32.799137,0.7848843,0.0,0.11829732,1.0376223,1.0
6738,1.2088917,1.0956479,0.99759007,0.8678627,0.0,0.0,1.0,35.83506,1.2088917,0.016833387,0.09115059,0.79951,0.0
6739,0.32001033,0.9141264,0.94697416,0.78981483,0.0,0.0,1.0,19.931679,0.32001033,0.0,0.1008297,0.8844084,0.0
6740,1.435323,1.140371,0.9119348,0.97835535,0.0,0.0,1.0,19.694464,1.4278932,0.0,0.115702994,1.0148667,1.0
6741,0.47441766,0.94565845,0.8345901,0.80199766,0.0,0.0,1.0,19.931679,0.47441766,0.0,0.10855922,0.9522065,0.0
6742,1.4124321,1.1372136,1.013494,0.8544242,0.0,0.0,1.0,20.293314,1.4124321,0.0,0.11208557,0.9831372,0.0
6743,0.50328225,0.9514138,0.9926866,0.7221235,0.0,0.0,1.0,19.931679,0.5026007,0.0,0.114449754,1.0038742,1.0
6744,1.4468323,1.1442386,0.99320334,0.81058466,0.0,0.0,1.0,20.96745,1.4468323,0.0,0.100562654,0.88206613,0.0
6745,0.64736277,0.98097616,0.915719,0.62870264,0.0,0.0,1.0,19.931679,0.64736277,0.0,0.07325971,0.64258355,0.0
6746,0.091199614,0.86740017,0.85735065,0.71910197,0.0,0.0,1.0,18.941772,0.091199614,0.0,0.08460371,0.7420853,0.0
6747,1.2115484,1.0961905,1.0907476,0.7292197,0.0,0.0,1.0,20.316898,1.2115484,0.0,0.09946207,0.87241256,0.0
6748,0.8430058,1.0209291,0.9362674,0.75937337,0.0,0.0,1.0,39.65268,0.8430058,0.19229174,0.08581796,0.75273585,0.0
6749,1.5845917,1.1723709,1.1035081,0.65076494,0.0,0.0,1.0,39.65268,1.5845917,0.19229174,0.102655314,0.9004215,0.0
6750,1.6053721,1.1765283,1.045263,0.8629267,0.0,0.0,1.0,43.05259,1.60495,0.3485521,0.11409372,1.0007513,1.0
6751,1.2398626,1.1019726,0.9874771,0.7534123,0.0,0.0,1.0,43.05259,1.2398626,0.3485521,0.10024191,0.87925273,0.0
6752,1.5856781,1.1725928,1.0363656,0.8420688,0.0,0.0,1.0,41.98715,1.5856781,0.29958427,0.090371445,0.79267585,0.0
6753,1.4229051,1.1393523,1.5695645,0.755966,0.0,0.0,1.0,43.05259,1.4229051,0.3485521,0.08490007,0.74468476,0.0
6754,1.04037,1.0612335,1.0451548,0.8347685,0.0,0.0,1.0,41.98715,1.04037,0.29958427,0.112448566,0.9863211,0.0
6755,2.299678,1.2888201,1.2154019,0.82056576,0.0,0.0,1.0,40.40861,2.1548247,0.22703448,0.13590506,1.1920652,1.0
6756,1.1705068,1.0878092,1.0936663,0.8118695,0.0,0.0,1.0,36.912655,1.1705068,0.0663598,0.10530636,0.9236746,0.0
6757,1.4229664,1.1393648,1.0014068,0.8131205,0.0,0.0,1.0,38.877213,1.4229664,0.15665117,0.107283406,0.9410159,0.0
6758,1.9458448,1.2206059,1.2249737,0.8154352,0.0,0.0,1.0,40.40861,1.8207904,0.22703448,0.13638015,1.1962324,1.0
6759,1.2228475,1.0984979,0.9615177,0.7239134,0.0,0.0,1.0,41.98715,1.2228475,0.29958427,0.09307335,0.81637514,0.0
6760,0.7020679,0.9921477,0.9123105,0.7298526,0.0,0.0,1.0,42.580673,0.7020679,0.32686275,0.096155636,0.8434108,0.0
6761,0.9384033,1.0233283,0.97163147,0.78212595,0.0,0.0,1.0,39.70767,0.8547543,0.19481903,0.14588577,1.2796091,1.0
6762,0.20279537,0.8562652,0.9908759,0.6268533,0.0,0.0,1.0,40.98432,0.036673415,0.2534942,0.13322286,1.1685389,1.0
6763,1.1238203,1.0782752,0.9558914,0.7443299,0.0,0.0,1.0,40.99518,1.1238203,0.25399318,0.10238531,0.8980532,0.0
6764,1.1279975,1.078563,1.0043055,0.7681044,0.0,0.0,1.0,40.99518,1.1252295,0.25399318,0.11480938,1.0070286,1.0
6765,0.9003735,1.0173973,0.91302913,0.7780238,0.0,0.0,1.0,40.99518,0.8257111,0.25399318,0.14346191,1.2583488,1.0
6766,0.59414476,0.95827353,0.9476778,0.7821289,0.0,0.0,1.0,38.60668,0.5361917,0.14421754,0.14921467,1.308808,1.0
6767,1.59958,1.1754317,0.94926476,0.86583334,0.0,0.0,1.0,21.521461,1.59958,0.0,0.096217275,0.84395146,0.0
6768,0.6242057,0.9684804,0.9699744,0.7636168,0.0,0.0,1.0,19.990742,0.5861731,0.0,0.13514285,1.1853796,1.0
6769,1.1630114,1.0862786,0.88622326,0.7016689,0.0,0.0,1.0,20.536402,1.1630114,0.0,0.09842303,0.8632988,0.0
6770,0.3853969,0.9274792,0.9678104,0.8377361,0.0,0.0,1.0,20.536402,0.3853969,0.0,0.10766748,0.94438475,0.0
6771,1.4066592,1.1338174,1.0854394,0.54888874,0.0,0.0,1.0,21.683575,1.3958017,0.0,0.1165419,1.022225,1.0
6772,0.7369457,0.9992702,0.88849217,0.80116934,0.0,0.0,1.0,20.536402,0.7369457,0.0,0.09168605,0.80420667,0.0
6773,0.79121447,1.0103526,0.85642236,0.78243405,0.0,0.0,1.0,20.536402,0.79121447,0.0,0.08458749,0.741943,0.0
6774,1.0579531,1.0648242,0.9055781,0.79062635,0.0,0.0,1.0,20.536402,1.0579531,0.0,0.10728045,0.94099,0.0
6775,0.81741196,1.0157025,0.9508162,0.68910223,0.0,0.0,1.0,20.53711,0.81741196,0.0,0.11247635,0.9865648,0.0
6776,0.5197402,0.9537735,0.79519475,0.8110689,0.0,0.0,1.0,21.418964,0.51415575,0.0,0.11754605,1.0310327,1.0
6777,0.99701965,1.0523808,0.887026,0.8282188,0.0,0.0,1.0,36.449917,0.99701965,0.045092296,0.10399608,0.9121818,0.0
6778,0.68713593,0.98909837,0.80709696,0.78440136,0.0,0.0,1.0,34.361893,0.68713593,0.0,0.10221608,0.89656883,0.0
6779,0.7160574,0.99500453,1.170932,0.5451311,0.0,0.0,1.0,33.64575,0.7160574,0.0,0.07598587,0.66649556,0.0
6780,1.186786,1.0895116,0.9296532,0.82781476,0.0,0.0,1.0,33.64575,1.1788434,0.0,0.11620278,1.0192505,1.0
6781,0.8644778,1.025314,0.97259045,0.62282395,0.0,0.0,1.0,33.64575,0.8644778,0.0,0.09811364,0.86058503,0.0
6782,0.8711008,1.0249285,0.9329451,0.7647038,0.0,0.0,1.0,33.194557,0.86258996,0.0,0.117221974,1.0281901,1.0
6783,0.834378,1.0191672,1.0170151,0.63932747,0.0,0.0,1.0,33.194557,0.834378,0.0,0.08394626,0.7363186,0.0
6784,1.0890604,1.0711768,0.9587187,0.7272095,0.0,0.0,1.0,33.194557,1.0890604,0.0,0.06543725,0.5739703,0.0
6785,0.7933253,1.0107837,0.8012772,0.80974245,0.0,0.0,1.0,33.677456,0.7933253,0.0,0.112751596,0.9889791,0.0
6786,0.47461206,0.94569814,0.8301884,0.76201284,0.0,0.0,1.0,33.64575,0.47461206,0.0,0.11106791,0.974211,0.0
6787,0.2088769,0.89143145,0.8265047,0.7754871,0.0,0.0,1.0,33.677456,0.2088769,0.0,0.10680724,0.9368393,0.0
6788,1.2257406,1.0990887,0.9166759,0.8132238,0.0,0.0,1.0,32.923195,1.2257406,0.0,0.0905867,0.79456395,0.0
6789,2.024186,1.262142,1.0294268,0.8924861,0.0,0.0,1.0,34.291306,2.024186,0.0,0.10843505,0.95111734,0.0
6790,1.2046632,1.0947844,1.0416512,0.796668,0.0,0.0,1.0,33.193916,1.2046632,0.0,0.10910298,0.95697594,0.0
6791,2.0108554,1.2594197,1.0546752,0.7865861,0.0,0.0,1.0,32.923195,2.0108554,0.0,0.09236907,0.81019765,0.0
6792,1.5343479,1.156155,1.0931767,0.8121429,0.0,0.0,1.0,34.291306,1.505185,0.0,0.12031922,1.055357,1.0
6793,1.7421279,1.1964281,1.0935323,0.7150923,0.0,0.0,1.0,31.660513,1.7023957,0.0,0.121610455,1.0666829,1.0
6794,1.7837558,1.2056007,1.0593253,0.8623053,0.0,0.0,1.0,33.148975,1.7473128,0.0,0.12080183,1.0595902,1.0
6795,1.3500824,1.124481,1.0563437,0.78004056,0.0,0.0,1.0,18.457718,1.3500824,0.0,0.1064752,0.9339268,0.0
6796,0.90928215,1.0265185,1.1878607,0.79713255,0.0,0.0,1.0,20.632668,0.870376,0.0,0.12856866,1.1277155,1.0
6797,0.93118393,1.0389363,0.9622956,0.80630326,0.0,0.0,1.0,17.860249,0.93118393,0.0,0.11021439,0.96672446,0.0
6798,1.2890469,1.1120167,1.160606,0.7354245,0.0,0.0,1.0,0.95050406,1.2890469,0.0,0.110746115,0.9713884,0.0
6799,1.7884852,1.2140087,1.2111384,0.84113014,0.0,0.0,1.0,17.860249,1.7884852,0.0,0.103110716,0.90441597,0.0
6800,1.3021849,1.1076076,1.2059283,0.73965985,0.0,0.0,1.0,19.912466,1.2674563,0.0,0.122933336,1.0782863,1.0
6801,1.3397355,1.122368,1.2790222,0.7233232,0.0,0.0,1.0,19.912466,1.3397355,0.0,0.08993795,0.78887355,0.0
6802,1.3653008,1.1275887,1.3186625,0.7742587,0.0,0.0,1.0,19.912466,1.3653008,0.0,0.103039905,0.9037948,0.0
6803,0.9254632,1.037768,0.98055977,0.74006075,0.0,0.0,1.0,20.632668,0.9254632,0.0,0.08822939,0.7738872,0.0
6804,1.0621462,1.0656805,0.9905685,0.71128297,0.0,0.0,1.0,20.672745,1.0621462,0.0,0.07716337,0.67682374,0.0
6805,1.6478735,1.1852939,1.2205054,0.607141,0.0,0.0,1.0,20.672745,1.6478735,0.0,0.10603733,0.9300862,0.0
6806,1.7969302,1.2157333,1.069496,0.8100539,0.0,0.0,1.0,21.389233,1.7969302,0.0,0.10716398,0.9399684,0.0
6807,1.6544466,1.1866362,1.2637407,0.72963274,0.0,0.0,1.0,21.800508,1.6544466,0.0,0.08033075,0.7046058,0.0
6808,1.5515358,1.1642481,1.1902381,0.734233,0.0,0.0,1.0,22.070522,1.5448157,0.0,0.11542508,1.012429,1.0
6809,1.2100651,1.0958875,1.1823928,0.8586949,0.0,0.0,1.0,22.320436,1.2100651,0.0,0.08447228,0.7409325,0.0
6810,2.4173615,1.3424337,1.3785737,0.7268624,0.0,0.0,1.0,22.320436,2.4173615,0.0,0.09019832,0.79115736,0.0
6811,2.856234,1.3901734,1.3011757,0.84623104,0.0,0.0,1.0,40.01737,2.6511352,0.20905289,0.13920796,1.2210361,1.0
6812,1.9262334,1.2421387,1.2203858,0.76985466,0.0,0.0,1.0,40.01737,1.9262334,0.20905289,0.108832955,0.9546075,0.0
6813,2.5414476,1.3677738,1.6619681,0.74366313,0.0,0.0,1.0,40.01737,2.5414476,0.20905289,0.09049844,0.7937898,0.0
6814,2.2035263,1.2987657,1.3571428,0.6912635,0.0,0.0,1.0,40.01737,2.2035263,0.20905289,0.07476418,0.6557797,0.0
6815,2.6874077,1.3975807,1.4721107,0.6345306,0.0,0.0,1.0,40.01737,2.6874077,0.20905289,0.108966626,0.95577997,0.0
6816,3.3110466,1.4852738,1.4628397,0.7300246,0.0,0.0,1.0,38.68174,3.1168265,0.14766721,0.1343059,1.1780385,1.0
6817,3.0373123,1.469036,1.4647487,0.75210226,0.0,0.0,1.0,40.039562,3.0373123,0.21007293,0.11095266,0.9732001,0.0
6818,2.5547695,1.3704942,1.6551267,0.7031124,0.0,0.0,1.0,39.625732,2.5547695,0.19105324,0.10543027,0.9247615,0.0
6819,2.8091192,1.4224359,1.4001986,0.6772182,0.0,0.0,1.0,39.625732,2.8091192,0.19105324,0.10906191,0.95661575,0.0
6820,2.5232003,1.3640474,1.453104,0.6479945,0.0,0.0,1.0,39.625732,2.5232003,0.19105324,0.10613843,0.930973,0.0
6821,2.4073467,1.3403885,1.42861,0.67812425,0.0,0.0,1.0,39.49401,2.4073467,0.1849993,0.100344375,0.8801515,0.0
6822,2.8209836,1.4159192,1.5197217,0.8612575,0.0,0.0,1.0,40.14514,2.777208,0.21492538,0.11914249,1.0450356,1.0
6823,2.6548736,1.3909369,1.3820878,0.70546114,0.0,0.0,1.0,40.178104,2.6548736,0.21644035,0.086763375,0.76102835,0.0
6824,2.1724212,1.2924136,1.3108582,0.73146063,0.0,0.0,1.0,40.178104,2.1724212,0.21644035,0.10674381,0.93628293,0.0
6825,1.9958063,1.2563465,1.4469359,0.6959127,0.0,0.0,1.0,40.654747,1.9958063,0.2383469,0.08896435,0.7803338,0.0
6826,1.0499434,1.0631886,1.0859052,0.6781468,0.0,0.0,1.0,40.654747,1.0499434,0.2383469,0.10401519,0.91234934,0.0
6827,1.7804124,1.2123601,1.1319962,0.76868886,0.0,0.0,1.0,41.245083,1.7804124,0.26547885,0.112096645,0.9832343,0.0
6828,2.0723429,1.2573692,1.00973,0.8089991,0.0,0.0,1.0,41.8392,2.0008144,0.2927845,0.12565307,1.102142,1.0
6829,1.8322728,1.2229507,1.0716562,0.8570977,0.0,0.0,1.0,42.68167,1.8322728,0.33150464,0.09443067,0.82828057,0.0
6830,1.6579713,1.187356,1.295165,0.73487043,0.0,0.0,1.0,43.862625,1.6579713,0.38578147,0.109538265,0.960794,0.0
6831,0.95638204,1.044082,1.0672376,0.93376386,0.0,0.0,1.0,44.625454,0.95638204,0.4208412,0.10944103,0.9599411,0.0
6832,0.6739117,0.9863978,0.92550945,0.74175876,0.0,0.0,1.0,24.493324,0.6739117,0.0,0.074897856,0.65695226,0.0
6833,0.7914357,1.0103978,0.86962855,0.90751433,0.0,0.0,1.0,24.114302,0.7914357,0.0,0.09318737,0.8173752,0.0
6834,0.22464569,0.89465165,0.7945209,0.62490255,0.0,0.0,1.0,23.460556,0.22464569,0.0,0.07485909,0.6566122,0.0
6835,1.3306594,1.1205145,0.889161,0.90426654,0.0,0.0,1.0,22.403238,1.3306594,0.0,0.094470605,0.82863086,0.0
6836,0.51238376,0.95341164,0.8277413,0.7363779,0.0,0.0,1.0,22.43541,0.51238376,0.0,0.087847814,0.7705403,0.0
6837,1.8775522,1.2066364,1.3422087,0.67186433,0.0,0.0,1.0,22.43541,1.7523844,0.0,0.13727453,1.2040774,1.0
6838,0.5198283,0.9549319,0.9222123,0.6706215,0.0,0.0,1.0,22.18674,0.5198283,0.0,0.089750916,0.787233,0.0
6839,1.4470338,1.1442797,1.0921693,0.78423494,0.0,0.0,1.0,21.602686,1.4470338,0.0,0.095890574,0.84108585,0.0
6840,1.3102452,1.1163456,0.98922163,0.729021,0.0,0.0,1.0,38.717068,1.3102452,0.14929089,0.056876507,0.4988814,0.0
6841,1.851116,1.1736947,1.0717412,0.8429466,0.0,0.0,1.0,38.717068,1.5910742,0.14929089,0.16724586,1.4669652,1.0
6842,1.658872,1.1875399,1.2458853,0.8275699,0.0,0.0,1.0,39.629128,1.658872,0.19120929,0.09728581,0.8533239,0.0
6843,1.9117286,1.2067571,1.0749837,0.8321344,0.0,0.0,1.0,39.629128,1.7529751,0.19120929,0.14350763,1.2587497,1.0
6844,1.8984898,1.2000681,1.3454741,0.61786485,0.0,0.0,1.0,40.243336,1.7202204,0.21943839,0.14776482,1.2960908,1.0
6845,1.9041146,1.2376218,1.3259801,0.7074245,0.0,0.0,1.0,41.8392,1.9041146,0.2927845,0.10474886,0.9187846,0.0
6846,3.046203,1.4708515,1.3906665,0.72786146,0.0,0.0,1.0,45.598152,3.046203,0.46554655,0.085694455,0.75165254,0.0
6847,2.4770212,1.354617,1.3893412,0.6936247,0.0,0.0,1.0,47.415108,2.4770212,0.5490541,0.08066254,0.7075161,0.0
6848,2.1226614,1.282252,1.2130935,0.663163,0.0,0.0,1.0,50.548397,2.1226614,0.6930605,0.08442249,0.74049574,0.0
6849,2.4545965,1.3069792,1.1577734,0.8593661,0.0,0.0,1.0,55.593,2.2437465,0.92491114,0.14461835,1.2684922,1.0
6850,1.7154821,1.1991005,1.0588341,0.92322516,0.0,0.0,1.0,55.593,1.7154821,0.92491114,0.096416526,0.84569913,0.0
6851,2.2266374,1.3034853,1.281423,0.69561195,0.0,0.0,1.0,59.150013,2.2266374,1.088392,0.098700605,0.8657335,0.0
6852,1.4546084,1.1458266,1.1141233,0.65029806,0.0,0.0,1.0,62.15264,1.4546084,1.2263933,0.10055912,0.88203514,0.0
6853,2.2909396,1.3166167,1.2388474,0.886773,0.0,0.0,1.0,62.15264,2.2909396,1.2263933,0.10912004,0.9571256,0.0
6854,1.211986,1.094179,1.0226341,0.8285703,0.0,0.0,1.0,60.725525,1.2016988,1.1608028,0.11679655,1.0244586,1.0
6855,0.9286423,0.96702135,1.0667849,0.7381086,0.0,0.0,1.0,60.725525,0.5790283,1.1608028,0.09337185,0.8189934,0.0
6856,0.7820305,1.0030855,0.9898888,0.71193075,0.0,0.0,1.0,55.257263,0.7556286,0.9094807,0.12538946,1.0998297,1.0
6857,1.1494551,1.0835102,1.0745279,0.88013613,0.0,0.0,1.0,60.725525,1.1494551,1.1608028,0.09960636,0.87367815,0.0
6858,1.1016297,1.0737436,0.9633704,0.71610457,0.0,0.0,1.0,54.40195,1.1016297,0.8701704,0.08989861,0.7885285,0.0
6859,1.8081867,1.1945813,0.9893359,0.7802968,0.0,0.0,1.0,60.725525,1.6933522,1.1608028,0.1360979,1.1937567,1.0
6860,1.2424906,1.0449843,0.9960399,0.784387,0.0,0.0,1.0,69.261406,0.9608004,1.5531132,0.09706741,0.85140824,0.0
6861,0.42685032,0.93594456,0.79727703,0.9177814,0.0,0.0,1.0,38.79414,0.42685032,0.15283313,0.09668899,0.84808904,0.0
6862,0.5223469,0.95544624,0.8305217,0.7940059,0.0,0.0,1.0,38.907516,0.5223469,0.15804394,0.10661815,0.9351807,0.0
6863,0.39877892,0.9295864,0.7042728,0.85471994,0.0,0.0,1.0,34.81243,0.3957155,0.0,0.11652977,1.0221186,1.0
6864,0.7342856,0.99872696,0.75105196,0.7500859,0.0,0.0,1.0,36.21336,0.7342856,0.0342201,0.08979424,0.78761303,0.0
6865,0.77695876,1.0074414,0.76219493,0.7268602,0.0,0.0,1.0,36.21336,0.77695876,0.0342201,0.088097066,0.7727266,0.0
6866,0.8924903,1.024208,0.80895495,0.7318984,0.0,0.0,1.0,33.130627,0.8590618,0.0,0.12668346,1.1111797,1.0
6867,0.07948349,0.8650076,0.75551546,0.8776736,0.0,0.0,1.0,32.443398,0.07948349,0.0,0.084067784,0.7373845,0.0
6868,0.7516614,1.0022753,1.437776,0.6345618,0.0,0.0,1.0,54.93582,0.7516614,0.8947072,0.10485651,0.9197289,0.0
6869,0.8317622,1.018633,0.7863726,0.9251923,0.0,0.0,1.0,52.11237,0.8317622,0.7649409,0.09893217,0.86776465,0.0
6870,0.6119527,0.90409774,0.88966477,0.8073347,0.0,0.0,1.0,52.11237,0.27090162,0.7649409,0.118433006,1.0388125,1.0
6871,0.6433443,0.9801555,0.8341175,0.6501318,0.0,0.0,1.0,48.28634,0.6433443,0.589096,0.086072534,0.7549688,0.0
6872,0.37268338,0.8754771,0.9115898,0.67186993,0.0,0.0,1.0,45.604847,0.13075091,0.46585423,0.08007225,0.7023384,0.0
6873,0.94620556,1.0420039,0.9151261,0.7127624,0.0,0.0,1.0,48.281372,0.94620556,0.5888677,0.06865657,0.602208,0.0
6874,0.4710942,0.70657444,0.99796605,0.6910311,0.0,0.0,1.0,48.281372,0.0,0.5888677,0.07701545,0.6755263,0.0
6875,0.45355558,0.84160876,0.8626093,0.6987988,0.0,0.0,1.0,47.804367,0.0,0.5669445,0.10171513,0.89217484,0.0
6876,1.1747652,1.0886788,0.949867,0.7554661,0.0,0.0,1.0,47.607185,1.1747652,0.557882,0.09263576,0.81253684,0.0
6877,1.623024,1.1802193,1.0714186,0.66019773,0.0,0.0,1.0,45.56055,1.623024,0.46381837,0.09669994,0.84818506,0.0
6878,1.1703837,1.087784,1.0212117,0.7199183,0.0,0.0,1.0,43.513885,1.1703837,0.36975333,0.07779034,0.6823231,0.0
6879,1.0807129,1.06933,0.976343,0.7454743,0.0,0.0,1.0,43.513885,1.0800171,0.36975333,0.11421794,1.0018408,1.0
6880,1.7417027,1.1969254,1.0635291,0.6740015,0.0,0.0,1.0,43.513885,1.7048311,0.36975333,0.12105301,1.0617933,1.0
6881,0.3443506,0.919097,1.0421315,0.8189236,0.0,0.0,1.0,38.80336,0.3443506,0.1532569,0.10580014,0.9280057,0.0
6882,1.1502069,1.0836637,1.0029353,0.7119393,0.0,0.0,1.0,41.686966,1.1502069,0.28578785,0.104946844,0.9205212,0.0
6883,1.2770269,1.109562,1.0246106,0.73789674,0.0,0.0,1.0,41.686966,1.2770269,0.28578785,0.08661917,0.7597635,0.0
6884,0.32777536,0.9157121,1.0163136,0.64554155,0.0,0.0,1.0,41.686966,0.32777536,0.28578785,0.10089217,0.8849564,0.0
6885,2.1356544,1.2849053,1.0462149,0.72462416,0.0,0.0,1.0,41.686966,2.1356544,0.28578785,0.09640197,0.84557146,0.0
6886,1.2616382,1.1064194,0.92849433,0.7565912,0.0,0.0,1.0,37.267467,1.2616382,0.082667045,0.09485429,0.83199626,0.0
6887,1.4897977,1.1432006,1.0099169,0.80230033,0.0,0.0,1.0,36.050117,1.4417497,0.026717456,0.124863625,1.0952175,1.0
6888,1.0522487,1.0583725,0.9694064,0.7995039,0.0,0.0,1.0,36.040123,1.02636,0.026258107,0.12222438,1.0720679,1.0
6889,0.46178156,0.943078,0.9632583,0.7440663,0.0,0.0,1.0,19.438364,0.46178156,0.0,0.10283699,0.90201503,0.0
6890,0.94482875,1.0344418,0.98534024,0.980548,0.0,0.0,1.0,19.358711,0.90917546,0.0,0.12678185,1.1120428,1.0
6891,1.5388209,1.1493453,1.0564091,0.7019914,0.0,0.0,1.0,20.127079,1.471839,0.0,0.12883203,1.1300255,1.0
6892,0.6422287,0.9799277,0.90951383,0.7532997,0.0,0.0,1.0,19.041075,0.6422287,0.0,0.10090212,0.8850437,0.0
6893,0.908357,1.0342747,0.93469906,0.76689154,0.0,0.0,1.0,19.358711,0.908357,0.0,0.086227536,0.75632834,0.0
6894,1.41049,1.132709,0.9410425,0.87075555,0.0,0.0,1.0,19.041075,1.390374,0.0,0.11872085,1.0413373,1.0
6895,0.3090017,0.9118783,0.79336894,0.73992884,0.0,0.0,1.0,20.11578,0.3090017,0.0,0.09152851,0.80282485,0.0
6896,0.44406652,0.93946034,0.8645848,0.74947554,0.0,0.0,1.0,20.127079,0.44406652,0.0,0.087724954,0.7694627,0.0
6897,0.92480415,1.0376334,0.8828424,0.75792354,0.0,0.0,1.0,20.751614,0.92480415,0.0,0.091075316,0.79884976,0.0
6898,1.6559538,1.186944,0.9500707,0.85569906,0.0,0.0,1.0,20.71726,1.6559538,0.0,0.09286068,0.8145097,0.0
6899,1.2467986,1.103389,0.9660527,0.73735327,0.0,0.0,1.0,20.705631,1.2467986,0.0,0.087768294,0.7698428,0.0
6900,0.6538185,0.9822945,0.78630507,0.75577164,0.0,0.0,1.0,20.553154,0.6538185,0.0,0.10720057,0.9402893,0.0
6901,1.3374302,1.1218972,1.0547342,0.67786115,0.0,0.0,1.0,36.8135,1.3374302,0.061802603,0.09907278,0.86899793,0.0
6902,1.3307009,1.120523,0.93004906,0.93955714,0.0,0.0,1.0,37.46976,1.3307009,0.091964476,0.1049653,0.9206831,0.0
6903,1.6090245,1.1773604,1.3313324,0.9704341,0.0,0.0,1.0,39.05725,1.6090245,0.16492575,0.08487739,0.7444858,0.0
6904,1.391162,1.1175947,1.0360173,0.7170269,0.0,0.0,1.0,41.37527,1.3163617,0.2714623,0.13251764,1.1623532,1.0
6905,0.2751028,0.844531,1.0356182,0.8067242,0.0,0.0,1.0,42.9509,0.0,0.34387848,0.091821745,0.8053969,0.0
6906,1.7309117,1.2022514,1.1447278,0.6862029,0.0,0.0,1.0,41.803093,1.7309117,0.29112506,0.08784372,0.7705044,0.0
6907,0.8580309,1.0239974,1.007799,0.74226063,0.0,0.0,1.0,44.92568,0.8580309,0.43463954,0.08805454,0.77235353,0.0
6908,1.4250311,1.1397865,1.1726384,0.9881212,0.0,0.0,1.0,41.37527,1.4250311,0.2714623,0.09305302,0.8161968,0.0
6909,1.220332,1.0979842,0.99692434,0.7898075,0.0,0.0,1.0,41.37527,1.220332,0.2714623,0.09159768,0.8034315,0.0
6910,0.21716984,0.7719552,1.2651601,0.7398392,0.0,0.0,1.0,41.37527,0.0,0.2714623,0.087061346,0.76364195,0.0
6911,1.4348077,1.141783,1.0499903,0.74112236,0.0,0.0,1.0,41.37527,1.4348077,0.2714623,0.0870371,0.7634293,0.0
6912,0.77731776,1.0075147,1.2162237,0.83555883,0.0,0.0,1.0,39.83216,0.77731776,0.20054074,0.08480411,0.7438431,0.0
6913,1.6843315,1.1927391,1.10499,0.83240926,0.0,0.0,1.0,39.83216,1.6843315,0.20054074,0.07180601,0.62983274,0.0
6914,1.3749256,1.1295543,1.0454016,0.8026165,0.0,0.0,1.0,39.83216,1.3749256,0.20054074,0.09098967,0.7980985,0.0
6915,0.8758399,1.0276343,1.0388795,0.69564843,0.0,0.0,1.0,39.792442,0.8758399,0.19871525,0.10412683,0.91332865,0.0
6916,0.76822996,1.0056589,0.99243885,0.6787359,0.0,0.0,1.0,39.83216,0.76822996,0.20054074,0.10787175,0.9461764,0.0
6917,1.656684,1.1870931,1.0895551,0.77514017,0.0,0.0,1.0,35.016205,1.656684,0.0,0.08184925,0.717925,0.0
6918,1.2627122,1.1066388,1.0097734,0.8443307,0.0,0.0,1.0,34.811325,1.2627122,0.0,0.096296474,0.84464616,0.0
6919,1.3606926,1.1266477,1.0539569,0.8805111,0.0,0.0,1.0,37.076504,1.3606926,0.07389032,0.11186065,0.9811643,0.0
6920,0.5304318,0.9570973,0.91423994,0.9184176,0.0,0.0,1.0,37.076504,0.5304318,0.07389032,0.10608105,0.9304697,0.0
6921,0.71274084,0.99432725,0.9984136,1.0073388,0.0,0.0,1.0,32.062794,0.71274084,0.0,0.10246585,0.89875966,0.0
6922,0.3973544,0.9299211,0.7455697,0.87610704,0.0,0.0,1.0,17.918884,0.3973544,0.0,0.09492375,0.83260554,0.0
6923,1.0571616,1.0646626,0.91278076,0.9543525,0.0,0.0,1.0,16.181591,1.0571616,0.0,0.06626207,0.58120507,0.0
6924,1.7493168,1.20601,1.3215352,0.9251545,0.0,0.0,1.0,15.436583,1.7493168,0.0,0.06672445,0.58526075,0.0
6925,1.1363558,1.0808351,0.9640795,0.7673718,0.0,0.0,1.0,16.181591,1.1363558,0.0,0.08434002,0.7397724,0.0
6926,1.4069389,1.1360918,1.0727699,0.99570405,0.0,0.0,1.0,16.181591,1.4069389,0.0,0.10890465,0.9552364,0.0
6927,1.5981742,1.155041,0.99224263,0.9030768,0.0,0.0,1.0,17.94509,1.4997299,0.0,0.13538991,1.1875467,1.0
6928,0.94956094,1.0426891,1.2399968,0.97112566,0.0,0.0,1.0,17.940573,0.94956094,0.0,0.08625593,0.75657743,0.0
6929,0.8131046,1.0119947,1.1019486,0.81554216,0.0,0.0,1.0,16.685688,0.7992556,0.0,0.11965226,1.0495069,1.0
6930,1.2668755,1.107489,0.9629125,0.8552593,0.0,0.0,1.0,17.062622,1.2668755,0.0,0.08570014,0.7517024,0.0
6931,1.8394184,1.2244099,1.3380028,0.9300645,0.0,0.0,1.0,18.499971,1.8394184,0.0,0.09117027,0.7996826,0.0
6932,2.2141337,1.260994,1.2143306,0.9554526,0.0,0.0,1.0,17.66707,2.0185645,0.0,0.14556722,1.276815,1.0
6933,1.9499798,1.246988,1.3170967,0.7833829,0.0,0.0,1.0,18.499971,1.9499798,0.0,0.09633068,0.84494615,0.0
6934,2.4613416,1.351415,1.2688137,0.95338476,0.0,0.0,1.0,33.06049,2.4613416,0.0,0.11232314,0.98522097,0.0
6935,2.5103612,1.3579298,1.5812225,0.69868636,0.0,0.0,1.0,35.283092,2.4932435,0.0,0.11624446,1.019616,1.0
6936,1.5276121,1.1607349,1.1410134,0.57790273,0.0,0.0,1.0,42.426975,1.5276121,0.3197988,0.10492297,0.9203118,0.0
6937,1.5426593,1.1638077,1.1122688,0.53911084,0.0,0.0,1.0,35.283092,1.5426593,0.0,0.109377824,0.9593867,0.0
6938,1.7584018,1.1668977,1.1413385,0.8115717,0.0,0.0,1.0,42.426975,1.55779,0.3197988,0.1559564,1.3679417,1.0
6939,2.8592331,1.419373,1.3865713,0.78028953,0.0,0.0,1.0,43.836266,2.794121,0.38456997,0.121598825,1.0665809,1.0
6940,2.3636577,1.3239201,1.6923993,0.71467906,0.0,0.0,1.0,43.836266,2.3267035,0.38456997,0.11918164,1.045379,1.0
6941,2.216518,1.2839087,1.2857351,0.7472271,0.0,0.0,1.0,44.687527,2.1307743,0.42369407,0.12711594,1.1149732,1.0
6942,2.632261,1.2969459,1.5729605,0.67026395,0.0,0.0,1.0,44.687527,2.1946154,0.42369407,0.17896596,1.5697657,1.0
6943,2.3490593,1.271651,1.2279383,0.6640266,0.0,0.0,1.0,46.019123,2.0707502,0.48489442,0.15778723,1.3840005,1.0
6944,2.3126423,1.3014956,1.351769,0.7179199,0.0,0.0,1.0,53.713192,2.2168941,0.838515,0.12807675,1.1234007,1.0
6945,0.67450595,0.98651916,1.1624451,0.671703,0.0,0.0,1.0,53.713192,0.67450595,0.838515,0.11026916,0.96720487,0.0
6946,0.69288117,0.9902716,1.4048423,0.69983774,0.0,0.0,1.0,46.019123,0.69288117,0.48489442,0.107304335,0.9411995,0.0
6947,1.749932,1.2061356,1.0342828,0.84811556,0.0,0.0,1.0,48.665287,1.749932,0.60651255,0.10828677,0.9498167,0.0
6948,2.3227522,1.2964419,1.3890445,0.8054365,0.0,0.0,1.0,53.92572,2.1921473,0.8482828,0.13341504,1.1702245,1.0
6949,2.68781,1.3878075,1.5035262,0.6501797,0.0,0.0,1.0,53.92572,2.6395495,0.8482828,0.11996372,1.0522388,1.0
6950,1.0539788,1.0505005,0.98604137,0.6449695,0.0,0.0,1.0,53.92572,0.9878122,0.8482828,0.13582692,1.1913798,1.0
6951,1.0724874,1.0343515,1.0221499,0.72077245,0.0,0.0,1.0,59.225502,0.90873295,1.0918616,0.17270619,1.5148593,1.0
6952,1.0062084,1.0313301,1.0123013,0.68649566,0.0,0.0,1.0,57.84559,0.8939379,1.0284406,0.15491773,1.3588313,1.0
6953,0.8227525,0.96789795,0.9417821,0.75101686,0.0,0.0,1.0,57.84559,0.5833209,1.0284406,0.101072125,0.8865348,0.0
6954,1.1689191,1.0849286,1.2185974,0.78783834,0.0,0.0,1.0,57.84559,1.1564012,1.0284406,0.117534146,1.0309283,1.0
6955,0.98658335,1.0468969,1.1629834,0.7046958,0.0,0.0,1.0,32.46044,0.9701661,0.0,0.11952022,1.0483488,1.0
6956,1.1815177,1.0756183,1.049196,0.8500834,0.0,0.0,1.0,31.340872,1.1108098,0.0,0.13474268,1.1818696,1.0
6957,0.5875119,0.9595741,1.1016526,0.7338676,0.0,0.0,1.0,32.46044,0.5425604,0.0,0.14099565,1.2367164,1.0
6958,1.1196927,1.0774323,0.971343,0.86482936,0.0,0.0,1.0,33.23199,1.1196927,0.0,0.08366488,0.7338505,0.0
6959,0.68417746,0.9884942,1.0167552,0.7962059,0.0,0.0,1.0,30.19308,0.68417746,0.0,0.09995001,0.8766924,0.0
6960,1.0727161,1.067839,0.92752254,0.80067486,0.0,0.0,1.0,31.340872,1.0727161,0.0,0.07081692,0.62115705,0.0
6961,1.4150947,1.1107483,0.9337737,0.8797615,0.0,0.0,1.0,29.79754,1.2828357,0.0,0.14759126,1.2945685,1.0
6962,2.123677,1.2315265,1.3888315,0.62561804,0.0,0.0,1.0,28.551006,1.874267,0.0,0.15735416,1.3802019,1.0
6963,1.8768734,1.2320588,1.1837797,0.80207634,0.0,0.0,1.0,53.35881,1.8768734,0.82222754,0.10911366,0.95706964,0.0
6964,1.349661,1.1081841,0.8881536,0.896012,0.0,0.0,1.0,53.35881,1.2702794,0.82222754,0.13436386,1.1785469,1.0
6965,1.6090517,1.1596166,1.0057459,0.8025877,0.0,0.0,1.0,50.843266,1.5221359,0.7066127,0.13260806,1.1631463,1.0
6966,1.8051574,1.2092248,0.97571474,0.9925693,0.0,0.0,1.0,51.551132,1.7650594,0.7391464,0.12140807,1.0649077,1.0
6967,1.6042217,1.1699432,1.084273,0.7090225,0.0,0.0,1.0,53.38866,1.5727037,0.82359946,0.12053606,1.057259,1.0
6968,1.5103173,1.1572031,1.134884,0.79545,0.0,0.0,1.0,51.592136,1.5103173,0.74103093,0.09966458,0.8741888,0.0
6969,1.4120625,1.1371381,1.0896878,0.8125843,0.0,0.0,1.0,49.226322,1.4120625,0.63229775,0.094672136,0.83039856,0.0
6970,0.82860416,1.0179881,0.86927617,0.73609245,0.0,0.0,1.0,49.237988,0.82860416,0.6328339,0.09141491,0.80182844,0.0
6971,1.5689896,1.1652904,1.0666362,0.85743475,0.0,0.0,1.0,46.368546,1.5499194,0.5009539,0.11801595,1.0351543,1.0
6972,1.8544854,1.1600326,0.9548016,0.8075827,0.0,0.0,1.0,46.927483,1.5241731,0.52664274,0.18460046,1.6191876,1.0
6973,1.5161608,1.1459082,1.3586558,0.7988139,0.0,0.0,1.0,42.646305,1.4550083,0.32987922,0.1276985,1.120083,1.0
6974,1.6784114,1.1543216,1.2420053,0.6618868,0.0,0.0,1.0,37.498974,1.496207,0.09330711,0.15367556,1.3479358,1.0
6975,1.9100239,1.207241,1.0834416,0.7583995,0.0,0.0,1.0,38.189854,1.7553452,0.12506005,0.14271162,1.2517678,1.0
6976,1.6540824,1.1743262,1.0391957,0.69820356,0.0,0.0,1.0,42.676456,1.5941664,0.33126497,0.12625076,1.1073844,1.0
6977,2.175926,1.2589955,1.2470737,0.8019169,0.0,0.0,1.0,42.676456,2.0087783,0.33126497,0.14111221,1.2377387,1.0
6978,0.99440855,1.0518476,1.1077907,0.7530176,0.0,0.0,1.0,40.78077,0.99440855,0.24413891,0.0979448,0.85910416,0.0
6979,1.4964395,1.1413379,1.1261808,0.69245225,0.0,0.0,1.0,40.78077,1.432628,0.24413891,0.1285169,1.1272614,1.0
6980,2.454458,1.2912682,1.1059678,0.78439033,0.0,0.0,1.0,36.16764,2.1668127,0.032118842,0.15724982,1.3792868,1.0
6981,0.9733586,1.0475489,0.96472746,0.72560495,0.0,0.0,1.0,20.291353,0.9733586,0.0,0.10747254,0.9426749,0.0
6982,1.6169101,1.1611415,1.0169412,0.67096686,0.0,0.0,1.0,19.966906,1.5296032,0.0,0.13260053,1.1630802,1.0
6983,0.8361457,1.019128,1.2683616,0.7092758,0.0,0.0,1.0,19.966906,0.83418596,0.0,0.11477333,1.0067123,1.0
6984,1.3290997,1.120196,0.90976036,0.90201086,0.0,0.0,1.0,19.966906,1.3290997,0.0,0.10777633,0.9453395,0.0
6985,1.5422065,1.1414504,1.0015396,0.7503374,0.0,0.0,1.0,22.037418,1.433179,0.0,0.13878816,1.2173538,1.0
6986,1.6433065,1.1764956,1.0188631,0.7944183,0.0,0.0,1.0,22.037418,1.6047894,0.0,0.12182619,1.0685751,1.0
6987,1.521339,1.1594539,1.0364995,0.80212593,0.0,0.0,1.0,20.678059,1.521339,0.0,0.11268716,0.98841393,0.0
6988,1.4483224,1.1439703,1.1758572,0.6958646,0.0,0.0,1.0,24.204979,1.4455183,0.0,0.114639945,1.0055424,1.0
6989,1.3409643,1.1226189,1.2296157,0.81149,0.0,0.0,1.0,20.67417,1.3409643,0.0,0.085025705,0.7457867,0.0
6990,1.9299841,1.2429047,1.1216246,0.63501185,0.0,0.0,1.0,18.83527,1.9299841,0.0,0.106253915,0.9319859,0.0
6991,2.1542652,1.2558513,1.002672,0.8436937,0.0,0.0,1.0,17.72207,1.9933815,0.0,0.14029795,1.2305967,1.0
6992,2.0257463,1.2624606,1.4549378,0.67685664,0.0,0.0,1.0,17.687487,2.0257463,0.0,0.10594116,0.9292427,0.0
6993,1.9688267,1.2508368,1.2712886,0.86928374,0.0,0.0,1.0,19.622051,1.9688267,0.0,0.1100971,0.9656957,0.0
6994,2.2033951,1.2214569,1.1610451,0.65329736,0.0,0.0,1.0,29.526154,1.8249577,0.0,0.18155551,1.5924795,1.0
6995,0.84505373,1.0105281,1.1633298,0.7645191,0.0,0.0,1.0,28.343489,0.7920737,0.0,0.13579589,1.1911077,1.0
6996,2.3206706,1.3226881,1.2613004,0.6677313,0.0,0.0,1.0,31.098372,2.3206706,0.0,0.09719567,0.8525333,0.0
6997,2.351423,1.3117445,1.411364,0.6620509,0.0,0.0,1.0,31.098372,2.2670813,0.0,0.12612644,1.1062939,1.0
6998,2.5140617,1.327425,1.3875471,0.6618868,0.0,0.0,1.0,31.098372,2.3438663,0.0,0.13766086,1.207466,1.0
6999,1.7818185,1.1894329,1.2258074,0.6449695,0.0,0.0,1.0,31.098372,1.6681414,0.0,0.13620576,1.1947029,1.0
7000,2.3309705,1.269853,1.1741813,0.7635971,0.0,0.0,1.0,32.509304,2.0619457,0.0,0.15650748,1.3727754,1.0
7001,2.2320616,1.304593,1.3916547,0.6620509,0.0,0.0,1.0,32.509304,2.2320616,0.0,0.103177845,0.90500474,0.0
7002,2.512909,1.3619457,1.4144627,0.6564596,0.0,0.0,1.0,31.098372,2.512909,0.0,0.10835718,0.9504343,0.0
7003,1.5709567,1.1615765,1.0237523,0.9462382,0.0,0.0,1.0,30.787004,1.5317333,0.0,0.122349285,1.0731634,1.0
7004,1.337449,1.121901,1.1365316,0.8283312,0.0,0.0,1.0,31.271845,1.337449,0.0,0.09934414,0.8713782,0.0
7005,0.6786981,0.98737526,1.0729959,0.7600481,0.0,0.0,1.0,27.622713,0.6786981,0.0,0.10954215,0.960828,0.0
7006,1.380888,1.1307719,1.3611486,0.6808843,0.0,0.0,1.0,27.622713,1.380888,0.0,0.090267316,0.79176253,0.0
7007,2.150467,1.2879303,1.3752553,0.6021114,0.0,0.0,1.0,27.622713,2.150467,0.0,0.09736462,0.8540152,0.0
7008,0.62877214,0.9771797,1.0768967,0.67081964,0.0,0.0,1.0,27.622713,0.62877214,0.0,0.08570864,0.751777,0.0
7009,1.5056552,1.1472365,1.1277775,0.7090225,0.0,0.0,1.0,31.271845,1.4615124,0.0,0.123846464,1.0862956,1.0
7010,1.8729228,1.2146548,1.1377057,0.78182733,0.0,0.0,1.0,30.874878,1.7916491,0.0,0.12878431,1.129607,1.0
7011,0.78192395,1.0072669,0.97692174,0.87378126,0.0,0.0,1.0,27.586449,0.77610415,0.0,0.116450675,1.0214249,1.0
7012,2.2183533,1.2937409,1.1902678,0.7752185,0.0,0.0,1.0,27.586449,2.1789207,0.0,0.11990302,1.0517064,1.0
7013,0.9982175,1.0526254,1.0948921,0.8201128,0.0,0.0,1.0,25.062109,0.9982175,0.0,0.10401805,0.91237444,0.0
7014,2.8723838,1.3391397,1.1741902,0.7144905,0.0,0.0,1.0,27.586449,2.4012313,0.0,0.17792195,1.5606084,1.0
7015,1.6010343,1.1718899,0.9700057,0.7570085,0.0,0.0,1.0,13.94072,1.5822363,0.0,0.11787803,1.0339446,1.0
7016,1.899379,1.2206782,1.188369,0.73443496,0.0,0.0,1.0,14.38109,1.8211447,0.0,0.12800136,1.1227396,1.0
7017,0.75026333,1.0019898,1.0446084,0.7961367,0.0,0.0,1.0,15.767075,0.75026333,0.0,0.097593576,0.85602343,0.0
7018,2.6344562,1.3743598,1.3866057,0.7273144,0.0,0.0,1.0,17.040867,2.5736988,0.0,0.12169774,1.0674485,1.0
7019,0.8095863,1.0097497,0.9553818,0.8311413,0.0,0.0,1.0,18.69611,0.7882619,0.0,0.122820064,1.0772927,1.0
7020,2.01278,1.2598127,1.3425283,0.75113994,0.0,0.0,1.0,20.727247,2.01278,0.0,0.09482923,0.8317765,0.0
7021,1.3870718,1.1164306,1.0661374,0.7946563,0.0,0.0,1.0,23.836042,1.3106613,0.0,0.13299827,1.166569,1.0
7022,1.2482268,1.0735936,1.031366,0.7844603,0.0,0.0,1.0,20.90515,1.1008954,0.0,0.15760106,1.3823676,1.0
7023,0.0,0.74465424,0.79192793,0.8678219,0.0,0.0,1.0,23.422035,0.0,0.0,0.124669105,1.0935112,1.0
7024,1.5004392,1.1551858,1.2923787,0.751812,0.0,0.0,1.0,25.01631,1.5004392,0.0,0.08739146,0.7665375,0.0
7025,1.9224148,1.1934776,1.0074893,0.7269969,0.0,0.0,1.0,25.082426,1.6879479,0.0,0.15925509,1.3968756,1.0
7026,1.3675847,1.1182344,0.92088777,0.93869144,0.0,0.0,1.0,25.082426,1.319494,0.0,0.12588002,1.1041325,1.0
7027,1.4951755,1.1541109,1.0272816,0.6730177,0.0,0.0,1.0,25.595015,1.4951755,0.0,0.10457404,0.9172512,0.0
7028,1.990016,1.2050093,1.020991,0.8828646,0.0,0.0,1.0,48.704006,1.7444168,0.60829204,0.15986913,1.4022616,1.0
7029,1.9265232,1.2004644,0.91926575,0.856571,0.0,0.0,1.0,48.704006,1.7221608,0.60829204,0.15266211,1.3390466,1.0
7030,1.7792796,1.1879233,1.1149732,0.8413938,0.0,0.0,1.0,47.62454,1.6607493,0.5586796,0.13725644,1.2039187,1.0
7031,1.1176227,1.0770096,1.0378239,0.77996546,0.0,0.0,1.0,47.62454,1.1176227,0.5586796,0.112423725,0.98610324,0.0
